LISFLOOD_FP/multi_tiles/Results/MULTIPLE_TILES_Monte_Carlo_LISFLOOD/version_1/3_dem_raster/combined_dem_raster/com_dem_raster/com_ascii/generated_dem_combined_angle_0_x_0_y_0.asc
ncols        192
nrows        192
xllcorner    1771145.000000000000
yllcorner    5471774.000000000000
cellsize     10.000000000000
NODATA_value  -999
[rows 120 to 139 of 192, columns 45 to 89 of 192]
18.611555026569707394 20.720244122898645145 19.770207194289788788 19.445163509496669718 19.890356536747383132 21.396298563548143079 23.122993586221486595 24.814134885703214906 26.518806054857236632 26.092245097459503711 27.862258781423147269 29.425596904831408551 29.286529222018661045 21.464643520363189566 24.724310763137250291 13.261594984328329616 21.483473061064330523 21.705005361117212459 22.976468090044253501 22.021621857425131452 16.080879904303042593 15.751751967292250356 15.4746850997334775 14.824033782862338526 12.866987551159285275 11.160606573622468218 8.8045477141974775037 8.8620997001749586275 20.022076918537123902 18.472609811622245246 10.002450114523444569 6.612056001866878141 8.5061142615346838625 9.5032565732621954169 10.071630899955035687 11.34467839230608277 12.659770418561052452 9.2005693220196445026 9.1266037692596899689 9.1824707605479929384 9.2777647530132085762 9.323824101329048375 9.3137415493090358609 9.3294268296401163809 9.4281296111561037065
18.66072175668634614 18.852185584396163875 19.201189881164999917 19.303200138480260506 19.308542432278265721 19.403520177676021774 21.35783903668717798 22.717511411050523407 23.522120801885197494 24.341147973981307473 24.730681177374080448 25.013876314886726249 12.714274513774414643 19.152711906740176317 26.06683416512554885 20.10078803240651979 24.173586116124873513 22.612610352597663166 16.569835207439123081 22.711576695879475807 20.171043978552951614 18.492801362995869852 14.835231768721040879 14.620202235558785731 13.415461409748566268 11.861213654157324981 8.5315070403221788808 8.838325593949205583 16.025704449683306763 23.205518509258240556 9.3658380832850482989 6.8256646722382363635 10.382185062658649599 9.467562203908300944 9.3232748197131893875 14.077502133544703256 13.681052081576616786 9.4150162766069591669 9.2173618250079805136 9.2509956474712442542 9.3158418535915092917 9.3669909760956002742 9.4028796353568360189 9.4126788746857918966 9.56174919299282422
18.858370043783740044 18.679792916019650306 21.096651277714926209 19.938657864075839399 19.382390393367991521 18.931596632070455399 19.576438533843841583 19.830128042566165902 20.925762545070867304 21.601526897706865071 21.016343523923296743 18.743404082412300937 16.020958033423923439 13.791381720981636505 14.257565872918416261 16.392666627781537159 18.886405532149225905 21.956141469676154543 16.744268327508109451 23.073152634232837244 21.287036708783936945 21.39178614942138168 13.85054958608245812 13.704722797177005589 13.231745331417457123 10.351618899508206795 8.0927410076078629686 8.8927810235994293464 14.65948156022848714 24.581685416471003691 11.521491351814200144 7.1975756719196342104 9.6064898099716753421 14.788539192648721965 9.1931619129505826038 13.792733112395303863 16.65254401161954334 12.376190971268965058 9.3322184615944188124 9.2469239921825305828 9.3307991702472090623 9.4201335475949505849 9.4328281718210220674 9.4863932945152740217 9.5755400150648082302
20.379991540135723227 18.629842764638127051 18.901800606996559395 20.459175256544348542 19.603479989346762835 18.870860112935584851 18.457658352425433179 18.234976369658767226 18.304283291641727516 18.596690710727290963 18.613214635356641224 18.055061730053242997 16.578945085155261552 14.526050858489297113 12.96004724079873327 12.501968281185453336 12.591743639932452936 14.184101826540226554 15.18212645217135659 23.029007682733467988 22.689091581906851047 17.854631834320009887 11.843595127098968334 12.877223866594775359 11.096555183291746616 10.860866325669011445 8.4266217821794704435 8.979297332636349438 12.792958548026428289 21.226217771475138107 9.1043773149388762533 7.1774037710194873441 14.975251162224342494 20.443944156424826986 10.016107451876532508 10.429942308082754465 16.050947088562484311 14.587960435167117268 9.8276766386329406089 9.36466124702180025 9.3793323377637740634 9.4326654213184450981 9.5396828821680283994 9.620262765680811512 9.6706388337054089988
20.311377603310887707 19.049540424494164625 18.53680391530003746 20.168062716006367907 19.852825789939650747 18.545147431490356382 18.003384550958916321 17.424284097362278345 17.259547430413171298 17.336185764432276102 16.730749179604451626 17.132716090118943697 16.15248145527883139 15.074544487442212315 14.028691763141980076 13.231657536360325267 13.004376029496203415 13.246960315433891964 13.474667487704513391 20.148978795393329477 21.336487140846728039 9.3311076320284485064 8.9748442581627951853 14.767705402862853603 8.8448422905598693688 8.3399545470989977503 8.4827742205766440975 9.165315138600123035 11.532514723283686209 22.020262027787385506 17.347741493455739459 7.3128589194818420793 7.680572395640579586 9.9010281153182493341 8.9944251811163855592 9.4616876118585633293 13.890470732938531739 16.257257319839986565 12.752273575268452177 9.4280889153472227093 9.4424364816229022779 9.5462196195005510901 9.6077133386167421492 9.6739167760020787767 9.7105843636917281714
18.498825992816236408 19.846175874288238816 18.351804911989376023 18.475861752747832156 19.594563671960322893 18.166502646387815645 17.369044187815195102 16.61974580872895757 15.757853050791792882 15.525788533903975619 15.302659078312268903 14.781319054458228024 14.745765505524992989 14.980196597030740691 14.134955928636818712 13.406302296080838232 13.030238817770557702 12.858035465048333279 12.883283904807598219 15.214161294193242924 18.783359625665124071 9.0455316405482921738 8.2789521494209008523 8.5347628621135172011 8.3541572520774831645 8.2518196178459426449 8.5595460967444587652 8.8921061962287808456 10.856872916401320239 19.508864028854624451 22.973576290517428333 9.3428140468484723868 6.6159382975470464316 6.9294990907550397807 8.2869016754215198972 9.1359067359444487977 9.770011027779277768 14.931602375347818423 13.518975585534798611 9.8963780349470304998 9.5116136639127013552 9.6337220641347158789 9.7052149706128627571 9.7532356330829106383 9.7849138388294747415
18.132789538132097817 21.092690644113439191 18.623114528188398964 18.075631582152098531 18.777250894061609188 17.419147722703346659 16.450833384681381233 15.280000000000189431 14.608504814141463513 14.150425074063154085 13.929137612445112282 13.355533708231137169 13.450819916534035414 13.996295811012249288 13.941221286497194498 13.228406439166640496 12.904837150935744461 12.600616154407770608 12.590734544274488016 15.8455065211027879 18.398225505603441832 8.8334001955957379693 8.0616746164127750518 8.3636748647807106494 7.8385170811582449701 8.2526818460308586367 8.3775236935523427206 8.7841812528289935358 9.4333952022279312644 15.666109236061483756 23.588405130450517788 9.4696179171768406491 7.3363518209975229212 6.7855517835429814966 7.4454046069745238867 8.5657918770983538792 9.2552166445114920634 11.907244612979596354 15.443652555110094937 10.90593324725287161 9.652022438675999183 9.6809439946438882174 9.7523139619038765602 9.7591111276959878751 9.8513820397799545248
17.672553374860690667 21.216662957493603869 18.770236060741581241 17.749957376857036451 17.228678558242833674 16.633641734978112936 15.448002423533987226 14.301127042572320036 13.720348232701081059 13.46676038329105296 12.967573806174437223 12.906863507139499703 12.815649105801556473 13.052037780313730408 13.425956926785071133 12.998037157978000522 12.704601195615330411 12.416409938666131296 12.2727961939569159 11.316289191995924313 9.3614196947875640831 8.3875328903416868087 8.1386873942183584063 8.3253047376380902023 8.2581307904893090921 8.3300790895337399888 8.3766245190551575917 8.6403944954104723308 9.134976437394204396 12.363437017614495872 23.015032142639739732 11.937206772318775805 8.7761188811862016479 7.796695230846322211 6.8843231998206038114 7.9618323658731320336 8.7928062395636334969 9.5249706144172439082 12.029883393604540842 12.833030782907178136 10.547849807922364818 9.9455049532106620802 9.8741226144266018849 9.8977465887724012106 9.9323581481637326362
17.168434464321165933 19.373486946490530158 21.567246640862851592 18.454164706609976321 16.907102696710623491 16.046560846481511931 15.005612774872304271 13.857838807597484987 13.269509313365427161 13.19596395582342474 12.900206993272480105 12.531326594137439656 12.743104254055698021 12.502248907878689366 13.063495256388984345 12.789811051781287077 12.696061464068380431 12.305595669065803932 11.895998414362072282 10.754994362816900022 9.1477861961146604841 7.945603710490912519 8.8431006471652260359 8.174573648016824734 11.613716561168272889 9.1488153107212824011 8.5174451657835081875 8.7409553505678996288 8.8989056654943130553 9.9242792626428730784 10.570931691035365674 22.495702489645626798 19.897978109337927322 19.628335339551572503 8.5100786468778988336 7.0978595669579576111 8.1862313922080627293 8.915194194980749387 9.7187246461504841477 14.217072083161504281 16.255928361802656212 13.751923008432967777 14.150430579900348249 12.017648329816793762 12.173713742036119001
16.590139193035263077 17.323777067016560949 19.782065956615127789 18.674067114844461912 16.675086437488289448 15.421451546129000931 14.44036389233792228 13.54473625343077714 12.822714461780956086 12.595131044272834586 12.378304787957580047 12.430028832436022412 12.435165605542747969 12.741481163221301642 12.611660188009306438 12.652020080034462879 12.599319218864915015 12.302323496583909446 11.724965316547439897 10.211996064440079124 8.6519140392164466391 7.9875724350218764158 8.5324423835361109525 8.5848448103884837934 14.778066668384289173 14.540094088028675756 8.6059721093469008224 8.6715463898303344337 8.8863993371942893162 9.0526484181071626978 10.465675452087639385 10.929590316429584007 10.466675205669593751 19.049435811671230567 15.107685881482755264 8.6415134885037545587 7.2174230613998489048 7.5183534138958716397 8.7744715646605833115 9.4766753158891532394 10.621726268106236546 14.016341913686156673 15.51126610036301301 13.776266784620080585 16.400575017582209369
16.064069184548262825 15.804653364447471375 18.347431598223675309 17.493591140382900306 16.014651830976092128 14.927980407662982287 14.009999999999793729 13.225246223670291457 12.511317160377753765 12.437242165679631256 12.518476173507565363 12.647987299041263398 12.374718581077775781 12.833319552468466895 12.572441043921456227 12.383164886110966663 12.513259911807239178 12.456698135472878519 13.683039660866256781 14.221119996138300579 8.5988848819116725508 8.2298591998024726024 8.2443233549928756076 9.0221457615257882878 11.609019995462123376 8.8212727374404433789 8.4729196297715034802 8.6175748119117727697 8.7983748872135993935 9.0026923564548901879 9.2668103993026367249 10.317278416342603009 10.418701003164178687 18.737862733562757001 24.807204123281394459 18.177366115507876287 8.0404842622165357824 7.0367858129090770092 7.3866909581715090027 8.5494337425303541522 9.2634488750179109218 9.6310399158925701357 10.464322016955689421 10.575307643072411778 14.157141449596107208
15.47761075707107814 14.87431656313697026 16.06614892990418042 15.646294569065132052 15.187701474734367935 14.63127243508284181 13.887045031879546642 13.012965898573506607 12.614930172180111256 12.369237409458673227 12.427820882713875861 12.490297370264201504 12.461227158950391569 12.384377426160249058 12.832623916434055644 12.770327949292930469 12.626372863790603418 12.486182132455551752 13.217968982199554517 20.374506380161701458 8.7034369573931691377 7.9312680416503935632 7.9502174034274428749 8.2924201732213500549 8.2379751217987724488 8.180578325209935997 8.3158737629840882022 8.534874919695138118 8.7716428442021818768 9.030303768936567721 9.1844484885176473909 9.3643956260685587978 10.588938084912696169 12.476758441577095127 19.884468071995456739 19.351847282400040484 9.8013105576198071844 7.5425624762413887581 7.1722399972578383398 7.2367335284093616821 8.4823173703350498442 8.5883775472083385694 9.1567274853690907577 9.8231467782924397625 14.066939202841098222
14.93475088155337005 14.348461959277011957 14.430312851444817568 14.881004717914040114 14.772642724446608753 14.454294785320007222 13.68017191356235962 13.047130761220637751 12.555668897557227481 12.350844707854660598 12.338732832507400161 12.700441188996192565 12.496228643365832056 12.581768829983213109 12.49500025362324962 12.35241862080889419 12.211419206929765124 12.299082896174404311 13.173290021277434647 11.70091149010582221 8.1106277762806655574 8.020223009228558908 7.820574290434649356 7.9032997562503073397 8.1741842980023573517 8.2432673552321187316 8.2374668965749613392 8.4269374401984595835 8.6225576509986261442 8.8193909047864167405 9.0960299019889383487 9.1932747064119251235 9.4954226660629981183 10.556358567657222025 10.243193222909784623 11.983299699487350409 19.339758174277221769 12.637570758698801754 8.3044425011033702333 7.5447035971998825943 7.202345296148572551 7.1569964772535481501 7.8198746913304368888 8.4578913537425428615 16.297762734972007337
14.465888624084090708 13.769331844573709844 13.769085082093861061 13.864427319165093522 13.944499682930104001 13.617760005021780856 13.333697076498905787 13.596367377045160296 12.630602365395564135 12.359010195311487479 12.417816279490006437 12.419340632952895476 12.496375007774741306 12.496394333659557319 12.598977067368403837 12.294848789189888549 11.969715648769877703 12.10561715878651512 12.438368065345564162 15.451217027461845888 8.2749814699100507909 7.9739717844295103788 7.6586942027989852733 7.9627855142393668686 8.1134915521812143169 8.1900763476326172707 8.2756791645498548604 8.4665740790650740877 8.5570961114492050115 8.7505506033621234252 8.9048157525904709786 9.1165559904799362556 9.2416664083533870411 9.419159329740967479 10.470726925125253715 13.293063256125234872 17.998517118631557565 18.294132910531956782 16.215945745619041674 15.559010295352067033 10.458476742079749755 8.6668439073685430429 7.2589273692237368252 7.4684432524883099802 8.0974445072960570258
14.061405286982486373 13.316603172262507115 13.134975820361489696 13.053506851506947228 13.081413639153071315 12.946740082239740488 12.743126400009769483 12.779610347043799834 12.914643348266586997 12.607129452502208622 12.4568578377000172 12.329931218761714717 12.307390529610461982 12.581424138979507177 12.492081207519259323 12.268316226256319013 11.973792353503833752 12.252732327004101975 12.016942030638174899 12.051988020185266492 8.1752607776105428172 7.8941074960154535844 7.5834836488152346234 7.873964110996269028 8.0885991952476388178 8.1279073432583199832 8.2806225666319157597 8.3939299991326432604 8.5020719113633411723 8.6712640385775596741 8.8092872335605907352 9.0334988346162976569 9.1917434488433151785 9.2690181376817104564 9.4192848742111259241 10.112999105812594536 11.25471575501375554 19.88527008211154623 21.116700220665922672 23.065024129172538636 17.427015470762565741 12.003731407509400597 8.1950633715638332433 7.2952480707755666955 7.2665376286678933226
13.763220107136989512 12.969177761198400489 12.661282678857759265 12.414785697839436196 12.19278266142237932 12.151347971092496536 12.598276037102243308 12.720094402043873316 12.875570159409166493 12.936554207154095764 12.540922108371621135 12.427909387954043652 12.240697524310155231 12.512476620750701883 12.221755357221724125 12.172877514508298802 12.041523206062699103 11.992901993562860241 12.036055412990684488 11.80539794149843047 9.1786674540126913513 8.0038944121313519986 8.0320504575743587594 7.9320232564232782124 8.1338881901785438089 8.1699556101878201275 8.3156314136595614883 8.3887154353647410687 8.4964936911388573293 8.6070518577747456845 8.7530222968554589613 8.907584242318710821 9.1043162671907946759 9.2335724780012800039 9.4340634698534895364 9.4834284928352428068 9.6347364528876724421 10.857667625705035519 12.893070215208476625 21.755006386316146916 24.544298157235576952 20.64957347519665376 9.7859342088682339522 8.5350147641996070291 8.0274157072936720425
13.406505400150344087 12.6551960952820437 12.417265794862410999 12.122015280897736389 11.875550197134966623 11.653588382789026312 11.817041407900783057 12.238781615223137678 12.278709154981426011 12.431425396553365204 12.422905454891214561 12.457404557773843479 12.432375025446090078 12.107422362122157722 12.189071415939489285 12.208725689226753275 12.068431623580735845 11.971257192686334037 13.474811041509568099 11.834614521071420867 9.0118747480516283588 7.9719920309220437815 8.2978978703236894177 8.052997855471948796 8.0992586907410579755 8.2060488950681840237 8.2746793899583046539 8.38229256232468245 8.4290823231564022677 8.5357413113259426041 8.7652830715300886766 8.8536167617596923662 8.9285081189062758256 9.1094405855350242263 9.3010427578129633019 9.3973843431674737303 9.5438081215870695928 9.6565356696573605433 10.256769847441788102 11.572572721448127098 13.365944813995287888 12.552131326457471872 10.205022326770288643 9.9878330894754245861 10.164335772779955036
13.169124182428427972 12.49265474709467405 12.259289138586840551 11.959334043634941125 11.722579115395891591 11.643402851338940707 11.601912671481592554 11.677481311837812683 11.857378812655301914 12.012247824406767194 12.053103485779548265 12.142105535099348756 12.348897021464887658 12.631387100691400249 12.261008919880509893 12.08360809814684167 11.748369799911889899 11.616592584349684003 11.592700059564664983 11.174850392660420795 8.445088181272152994 7.7972575768892378179 7.9225468976318715875 8.0504021604801145884 8.1057463876858673046 8.2310484055976314011 8.306699417779690009 8.3650265709893254495 8.3376009856063060255 8.4327423509438581561 8.5880971075747414289 8.79104745312632474 8.9281185877052671174 9.04859639843991026 9.1764786919485015204 9.3605866038587244304 9.4042985036811579391 9.4749560887880139859 9.6237693060655953303 9.4720960323474905351 9.7412483535454050809 10.109177367806287506 10.853620861441239498 10.873941130773969732 10.782951311579148879
12.893813667005760593 12.358468091961416491 12.198373001131994187 11.9654822253247346 11.755764793437153415 11.682463863569889639 11.6232168251686101 11.532678874770189381 11.494447754826756736 11.675706505410511582 11.788918856171500593 11.854452894650940209 12.406838182751386057 12.141839158351970696 11.821558462845752402 11.425201589001424907 11.16566629113771647 11.327515360292915503 11.412485516552790088 9.6705732159450104035 7.8353867355061828093 7.7155447761979107923 7.9398517125715368792 8.0537829597768872958 8.0586438275320961822 8.229539538456261738 8.3214779078662033385 8.3356241796482457573 8.4170791160869704584 8.4703532591673820207 8.4954905716508104518 8.5616771040434827 8.7356330135866322451 8.9942047508998292926 9.1598525681664533238 9.1542062603482836636 9.2889355864475771085 9.4322009967512716599 9.4628738990124610098 9.3269488524240120597 9.5130996225368367192 9.6440835827525273061 9.7133965577629624022 9.8266453868414096462 10.115282204859738613
12.685798739537339941 12.404214651189260366 12.245546381722469675 11.955030059093253669 11.860425804129542726 11.656899029030109105 11.566706092667816463 11.4518026453160644 11.242322359431252465 11.285993129467494001 11.407398181851647223 11.649177363459202184 11.626570029922298488 11.458921720057382743 11.459376195292662715 11.007102317249310985 10.930806200402354733 13.205593186593009847 11.36905317678217564 8.6292208642847629818 7.6321701563707708971 7.7152106604395100931 7.9391609669833966834 7.6819868323775599706 8.1270101561777483568 8.0895925204308536394 8.2009553174573248668 8.362739466070882699 8.4336709300333421169 8.4618403120495422343 8.5704365463139211556 8.6346548103072695568 8.6072364223435080532 8.745126962744691923 8.8915616856118226963 8.9658012184725919269 9.0869961430558365834 9.1906189040214325559 9.3021130412221282313 9.4455977330245346479 9.2234120060011637321 9.35979670579350298 9.4984154440517265527 9.5956608753565078018 9.6895434963274134077
