LISFLOOD_FP/multi_tiles/Results/MULTIPLE_TILES_Monte_Carlo_LISFLOOD/version_1/3_dem_raster/combined_dem_raster/com_dem_raster/com_ascii/generated_dem_combined_angle_0_x_0_y_0.asc
ncols        192
nrows        192
xllcorner    1771145.000000000000
yllcorner    5471774.000000000000
cellsize     10.000000000000
NODATA_value  -999
[rows 60 to 79 of 192, columns 90 to 134 of 192]
7.6407067019756826909 7.6535521392433478738 7.5244367682131789721 9.634602488564704359 9.9088306569277495583 10.645243417202962632 9.469553680054906053 11.947782794113894766 11.85005415650818783 8.0657038973057293418 10.989672335078035204 11.667515404048179661 11.423054049165285662 12.335626410448560009 14.896936671658524531 8.7437617889244734215 8.4877937652894370757 10.501637511586769946 10.037778344942772435 9.9781602057540563777 12.878511676519218909 11.00167251851332928 10.429915973171642207 13.196468700832280518 10.142940229485665427 15.092020250484530663 18.489174983716768708 10.344162895034198613 9.9270239577810190923 10.230715254224630684 11.513741574365253584 11.069255339596534071 11.204550230142862333 11.053855691169678366 10.946454071415997689 11.109902323927729029 11.327617733771026209 11.486424007012734805 11.513572430333223195 11.401849139449840465 11.394275428779165438 11.529745741395506897 11.485392714406104986 11.332590072501831813 11.43747907506143946
7.5768019211877453145 7.7863152996413145246 7.6750680613253141615 8.6595629080506082431 14.318150015660373597 16.298729434400211602 10.443257135433663407 11.736480033915743348 10.542067269380805072 8.6799291409831198507 9.6334096128163366757 11.917449592150218152 10.642210497408900238 12.046182210631881659 11.398724317186623267 10.5480428391391996 8.9855540055157110402 11.784269231202038952 12.371881951099803487 11.109301797408205559 13.272213290165309374 12.894961672309291245 10.881236045175576521 10.26379764791884952 10.224232257153230918 10.374828660388917712 10.194815012510501262 9.8550477735174037974 10.3582829688561322 10.62031921664671863 11.801525040300051117 11.471094038980368168 11.332859218172059101 11.158662130233228282 11.102299165038566287 11.250632730754418276 11.416766108488172193 11.537341744703420332 11.484167528524817925 11.475217805821312567 11.624381598091792611 11.558210871945096443 11.51338132612382914 11.50805071749070585 11.38035895906069328
7.8490654490099736051 7.7507068917364350114 7.9370234749045280864 7.852519463027768154 14.733298196607417907 15.09554232986462452 12.021115799501050247 11.479707994441971763 9.1303828813644365425 11.956783559031467945 11.220214576618685598 9.9358216686279021701 12.269459907887721783 11.612116500654602547 10.91358290734405756 14.006653999931096166 11.67767321568402572 14.677514938408027234 14.640244618168432922 13.975027128688294553 15.053175808485308451 12.351666986905579293 12.402514680288582838 12.103478990389943348 10.165276027707362161 10.191054468267838118 10.227475924085585035 10.353167486184339907 10.496303321523537733 12.09881813271972284 11.698275254457726646 11.695937626826616196 11.064739374285972318 11.074584101421441673 11.266111725601437143 11.392869079870262539 11.593674995785260506 11.635621879639529652 11.685829600884638069 11.645969748825915957 11.821417438384999699 11.71082994715168013 11.594185166666431286 11.559344954318982346 11.527870102892828541
8.1167387532956549734 8.0522889262761818685 7.7868217294245081206 8.0499772704474938934 7.8602293443644359883 12.522162239127579753 9.1207606679540624839 9.8819414504793545717 9.1076851473367401724 9.1659197658473843262 11.982575700945149677 11.804951759492157137 12.074967968674798158 13.669698025780391504 10.037031759410325549 13.933693452865385964 13.874797424657865363 13.045917907224707122 13.17620031613559739 12.938716398739749991 18.697788612218911197 12.32438332639870282 14.61333764261440038 13.946840313508941378 13.677974328439672647 10.534192720217806283 10.958848865630855585 10.848412076075875987 10.551626563229996592 10.661589096799943377 11.447960890376574383 10.99982722770138821 11.027578205570078396 11.218453755147836048 11.3442082955583885 11.649282788590275217 11.64117055366228648 11.72117164727961125 11.698560080980124454 11.767127664296381795 11.616588131812678242 11.59408926308909038 11.62772087320843184 11.577833873585705149 11.670960762251507248
10.316468412788083242 10.404932580702084266 8.5804770674678394471 7.949044103747628931 8.228178205786974786 8.1677952487963594308 8.2380950541194106762 13.377616678375241932 11.43377479494146165 9.198341542744937982 9.742910978576574621 9.0079795121613468467 12.053090578158432322 9.9880394361550308702 11.252231235072265747 12.237468583803732258 9.9416528029270914146 9.4207616512637812889 9.6053040620556053852 11.414564219803754241 13.87405259826741144 15.96592211092170821 14.380398557798010017 10.977147771309748947 17.146676568196909329 11.966993841765928508 10.416488816373435711 12.297661134792157611 10.423647684272971503 10.646285247981140287 10.882051465143133484 10.892906514652080929 11.123938956658362187 11.305749142118934003 11.521912313257203664 11.65674786913299954 11.722612737670845107 11.769785607201516342 11.814338243689183727 11.728794370049559603 11.569573158060295626 11.279463102097597726 11.45807689870958157 11.808890167677716931 11.606123083836569876
10.412666307325956438 8.7597451676712321245 9.9884070002131011279 7.8699232822297746637 8.2038350039746532616 8.2501742503037593934 8.1453476800040824912 9.1487287183665113588 11.421980199280213242 12.218072236044280388 9.415309069917668694 10.691577884020899702 13.183336237473644914 11.810211618398220423 13.166815935029244855 11.10651201450288994 9.2033963710480435338 10.149782779890852424 10.230964265822162673 9.808974712724610967 10.827449618146406607 10.880112604236582996 17.310223151265166308 12.320997159143320943 10.265365862104836481 10.769988226830831124 13.183238187914087192 10.313857601567118394 11.162260462796286475 10.521799731420712121 10.7681512715278771 10.922146949898465351 11.234630626256107533 11.439562658096017245 11.618010354377423354 11.689286505020410445 11.784166729672110208 11.901896063296566908 11.978781382161553637 11.708263419119607107 11.545595911355860608 11.552392895359128389 11.290485691777353949 11.366138191903365495 11.601942876286640782
8.5704127850997071647 10.907084167805274788 8.3371575807896007859 12.313086029121572906 13.938885527743565262 8.4816233330553885139 8.4138109148015107763 8.2652839529959418741 10.128216292540971111 11.946936756860216278 11.460960340339854113 10.149656488955400846 9.5019252940840033261 10.679606607377820637 8.629109025724106985 9.8617326209507449875 10.466566228784824233 14.853847151478856148 14.022951949754510537 12.357208238385378962 9.7637604885051185732 17.310926051216604549 12.644456237337637461 12.329948367402701948 12.883269321211150427 10.562932388954713758 10.466846438603349512 10.639059306648945835 10.374168840198583652 11.692300352593607116 10.718951087798886945 10.819632726449770033 11.111253643973485694 11.468540597187905306 11.58523048390242316 11.724605233823513828 11.889964761607631161 12.026008668808024993 12.040476942415331507 11.883567479747210172 11.831716720309088942 16.344873152091089707 12.419281644500168582 11.529019029959394871 11.453832535044703889
10.546425355371782828 8.2099381306797720725 8.6118219383755700846 9.5634455670929678917 14.910564177984094059 8.408295619091772366 8.4025622956838184052 8.6960271098501564779 8.6016765499604375123 9.4118997348816701987 12.116159221877479624 9.7630209669420224827 9.9941417155650231763 9.5219758835812964293 9.6809655941296295367 16.412734281517042945 11.542665017890648471 9.4131991339740146429 10.122377257899088931 13.844929840022556888 10.796056507743244879 12.10695174893866799 10.185653760369763887 10.742385034202509786 10.670610588592348122 11.210982993132253327 10.467642336643324441 14.35528242783411379 11.740767127046662921 10.803633811731041092 11.254685253645243748 10.917634434061715965 10.945654590609162682 11.199815622930790582 11.558351295122497149 11.745268576497261748 12.007689279668840143 12.149381519624162351 12.064314367636491454 11.847061893426774404 11.919406082786549561 11.767740300923392738 11.638188191440752561 11.434412670241114185 11.618256299422403899
8.7777890194317915729 9.9924530650793954578 9.3340750140440391647 11.153551829161594711 10.125966040185586436 8.4196523789872106391 8.1944948531420287452 8.6459366682261542536 9.4804843404137386642 8.7234652727934332006 12.648182771429210547 9.7974900111247507084 11.449220778226287365 10.660084160558149335 10.313673603180564697 11.78406313757341195 9.1927188114847684375 14.102434293289297429 10.45623486602744201 11.171885933272196922 10.30778966908465577 11.363115144115200295 12.304114973106338837 10.748332920180043715 10.341358063894624308 12.446777416993899834 13.164623090613460477 11.874033997615280001 15.407602250395315835 11.152227892288824052 11.496747009835699416 11.988580671350831608 11.503640252113960685 11.109569173572992895 11.275803468749135305 11.810466833576359846 12.003234258108875565 12.108493206316358837 11.983152640089485885 12.769011251440478105 15.954174210459097338 11.884052812281183265 11.652658444551430961 11.612989637845927859 11.731126059141027795
14.429940504572970283 9.4230460682455170485 11.189206672135847853 9.4338930772240576772 8.5721220000880915535 8.3676323406237340663 8.3909764072595365292 8.55731394402179113 8.7875818708762398757 8.9546433617293388352 9.0361599299979467048 9.4465858875502171088 10.173645870306378569 9.9478380505528409827 11.078581654399453527 13.0072673629835176 12.692082385284770396 15.771045757386467301 12.186606459572077554 12.028354046106830566 12.929696039976924737 10.436198428454870779 12.663154727939998523 10.304972203305066358 10.223259525208234777 10.929327849482060486 12.881432982772713203 16.511954711374166038 12.024434267889452244 12.49091739695354164 11.120783948006469188 11.74139995463495012 11.57221948785673149 13.017037706655635532 11.158756788673334981 11.342632460455478238 11.8118972146735981 11.934114459611995684 12.009477189051326107 12.033569962765652051 12.182720754766501514 11.754711582493184707 11.58209577391643208 11.819172249511820993 12.716812283589693067
8.9773231777215123373 9.5059266906067438896 11.921697846016686029 12.777604627869155962 10.282786314556405571 8.6718319250978517232 8.5369265687153621514 10.132459647660267521 9.0755748713225834479 8.999420929519823531 9.8512588082014040936 9.1669076420908854885 12.844544849222556238 13.083036366869620792 10.681352857453630278 10.442507899574980712 10.710818574029071115 11.324302039148543386 12.491912826187318686 10.903385234152716876 12.134048967852763212 14.132485510241442839 9.9953882203345933988 9.7002076979093363462 9.6682770599795322397 10.088364562813740832 12.994247662885808126 13.289475372663616781 12.280188484983796116 15.107810769170070486 11.757670625801409869 11.328336674838904941 11.679176980022173638 11.420381283634958081 12.651952742517313055 11.435632753029778996 11.455808817979276526 11.650864708942611614 11.930293667057171092 12.190544019395460396 12.517356666823193478 11.706162561029156421 11.871549480969873613 12.057838719010197437 12.10869478656000453
10.432139524479069337 11.575052239210313232 12.962273488755510442 9.9518154158086229444 8.8134969876289552815 8.4772587584079435175 10.411225766614800037 10.21494099355131091 9.1260826740520695211 8.8537800956659555851 10.772621456101687087 9.5578069973657306946 9.5087480587167920731 11.058793607505343459 11.273928898804012277 12.069715107419096256 11.760373190859409576 10.400126569772995211 12.778209015754981692 10.782437597630035953 11.018728947038241017 10.166961139819431281 9.4732770361710159079 12.499960080411950614 9.8968520732403302276 9.8234890975424686843 11.742299316710665735 14.275266065586375674 11.980914200649044332 13.781860143301219779 14.006115322639253407 13.167824679368321128 11.470663291066127698 11.564351770062259561 10.881953324645492032 11.054389861851477761 12.471503919461859766 11.77170527730911509 12.223956137157207635 12.025425138184365537 11.82028363296782203 11.820100922174541225 12.084968680410808517 13.017523497367854191 12.74303638162703578
11.97966233884827858 10.411985852650396112 10.717731398635095275 9.4309941881820336107 8.7948821757624848772 9.3423786906554955323 12.898941205859541626 10.0941230031422986 9.178503479992395242 9.1707669067339061542 8.9396989900800498674 9.2754861114049020898 10.681789331750520589 9.6812017341804654791 10.237038873316034682 10.813754080595964879 12.292779669089155092 12.871466903784078539 10.764208152862254408 12.46391195452406464 11.362983294958567626 9.2430461300115069889 9.4197268207321442901 11.022971681781932318 9.7383620117243268055 10.210344627176446863 11.011862193272046184 11.362842138420310434 11.474085614077145223 12.075710410959732855 15.83651276703356281 11.929785204205368032 11.846837667828436835 11.896119388723898069 11.228229324452080107 11.06405660656482759 13.295681005704992117 12.454975985264832516 13.12067542904620332 12.410057255324048242 12.193902026711329611 12.185263521979841528 12.753115988571474659 14.761000683332229144 13.056743653848538855
14.525360957666837436 10.020983464909651417 9.5010825062849733058 9.3391536347228232273 9.4766058379629107833 12.960986774068681271 14.659481299417873146 11.962584051135806362 9.1814852165797553596 9.0894252828305166503 9.3804264275207955848 9.5837232022792946395 9.2979250227281173835 12.458311868877251172 10.068936751585885858 10.311680908495599596 12.090658864589915567 12.716688450141717226 10.290759931319984233 10.796213472065991468 9.3061174264437944714 9.5906675193536781165 11.312339649352461279 11.344412429553583976 11.279467310036459082 11.447186699361527218 13.118349561070683507 13.812003654081021153 11.931469918188133406 12.580301844821367041 12.412747651704524543 13.380608586613471189 12.679633613556761773 11.875093251207626821 11.892944250675627771 12.146161907912208733 15.809618960613335048 13.385197664361271563 11.729947576272829579 11.974951031043767458 13.241439666108336226 15.537268650750428733 14.836924634001878331 15.634280288725356911 15.653226355884550358
10.872716423007881659 9.8942231023857214467 9.4813656906450951567 9.7301353537289809736 12.278387943923734227 14.231717905402902602 12.109644647552537222 9.4225182499400759184 9.5482404572651553565 12.407015179575125785 9.4988274842429056832 9.4672195138770121048 9.2265725722821247956 9.5487078481497604798 10.075809040783042292 11.699860574805679647 12.200551452353643356 12.770697158679789496 10.258937100216618532 9.7928186476439602615 12.512087190293526007 11.241049986641387548 14.213370495259775694 11.404686155464329289 12.836914330158503361 13.610247851016531229 13.613347486128041908 14.067724473419902509 12.271467120698540398 14.769319610585316838 11.890136124589584909 13.427109983259876813 14.635139159213583326 12.888045469302326751 12.296875898893235401 12.818035631997211965 14.429981870130953681 12.547637040191366609 11.616080316637434677 11.588392099046963324 12.351958428184756755 12.791169747878202045 14.998813711064261867 12.912960754140495823 12.562093809623918972
9.8454075275296943914 9.6323378797685652586 9.7001203059961991215 9.8604793958600343018 9.6839018157262604092 10.745235962490314208 9.6443456788897847787 10.503259421381111238 9.559834536069589106 12.493900067646768193 12.153438398224150063 12.060218566670686258 11.257509659769494803 9.2585021145584125435 9.6857586845717396073 9.692018555823203485 11.519557865058265733 10.288224734951077366 10.194168366723024732 14.383745729854412687 13.653151211282926525 12.306351071048332813 12.057407728114124978 14.896166802988931366 12.974454718134076359 11.492659700868284034 11.886119699952278239 13.349670865202952541 14.264960231134629964 13.53056441780324981 12.819705878188615955 12.474845816863407322 13.259272428520326059 12.72191246665585318 12.654413447501458023 14.668812024881987099 12.761524066931322352 13.238385014913989224 12.71942276443008879 11.790066124444967599 11.729083600110620011 11.795892911207710441 11.825555883395653112 11.812930882904140617 11.82601178213925408
9.6973838631787891984 9.5060444848442884336 10.583023711290310942 16.084813261904901793 9.6664939810534118436 11.699258226717534015 10.205604593126041735 10.075729327812931402 9.6308398140821669386 9.6630040822995368899 9.8624761774881548604 9.0176805182100512326 9.4676390063298292432 10.856157381978425391 10.121027466870593514 9.7981894162523008873 9.5917993694535166327 11.099548579810260662 18.529047437396279463 11.782741364578093624 12.164503261664295408 14.641785650225491722 12.110626661349575883 12.881275607148404916 13.880872364059520407 14.686542570326343693 16.204189577840732994 16.408895062997213898 14.816270315222221043 12.219023943033773705 17.456372423793940385 12.57563419925057957 12.403421610910726258 13.081210196591689154 12.457828908603396201 12.654755425572497884 12.572623957279892792 12.769698563491060028 14.226774213426054416 14.79823687415931488 15.77480193105785844 12.354832260647885533 14.791480906717271893 13.780406848471416836 12.769551359311938299
10.731715095353751011 10.026852882546609891 9.9370924603582935219 12.371384332888670343 12.374883821247497195 14.534450634617263276 12.163992657962376498 10.025351753588688908 9.88388751960663825 12.522511034285360054 11.409274783650468876 13.005523850997244395 10.098544271959578822 13.744151679807755428 10.214910626096802559 9.5068801446174155956 9.8821586462217538838 16.044889150358947916 13.915557804371179174 14.039617864174674722 15.601267396968802714 12.009524636442934664 11.693202388486577448 12.024849979437297165 13.162602450879234084 14.752552997706931848 13.078379774116806189 12.614399970169568377 15.657920721982375056 15.80708160942756102 16.957666853221525116 12.932346699973022552 14.165224104237029934 15.315261376277632621 13.600911383723762071 13.12587452780820918 12.477420546931206502 14.580407664623049158 13.589000955111758984 13.819147975938683715 11.933897036967131555 16.493393943113904498 13.892599397333913913 14.397378364229437508 14.991777296442263534
14.436877939198339504 9.4734512495275264854 12.123827161824275223 18.603020827382927394 10.979721173780871979 11.27802689771740674 11.088489036919117581 10.097861608247992393 12.005986893552710981 13.272564465807983325 10.966917052960223344 12.558923893747017786 13.823097385248214408 11.596727653997215057 9.9338260247556249283 9.894101274143352498 9.7288550438841134849 10.613724363728547218 16.041174000822270074 12.74981642377038149 14.024060069339093104 14.771616764817016687 14.591880355712474326 12.86236124660391944 13.792223481568365528 15.096706160732866309 19.243376872464651228 16.021306459333882088 13.972727285718914203 15.317385541258687454 12.843762721991563325 13.66281844180874927 14.703762556140480555 14.81654676721528574 11.935663793875185945 12.876118122590309412 12.43598890766157794 12.575332070926185324 14.866193252443357764 13.181436492093112633 12.143213834644368987 15.963989604543096235 15.127565329802166616 15.3368095040250072 12.99351099651384267
10.829063833138068418 9.5830055953503094912 11.813187136252688347 13.549733894453449778 13.532268687391956874 11.045077447368981893 10.353689083760340139 10.767585966810219844 14.544938791230888953 15.288224072787198082 13.35394963660344203 10.357933566382284241 10.295821693906862748 11.133930976282288228 10.526523160397140089 14.0211956867314953 11.768924934355769807 10.225734772402741868 9.7778166995156894359 15.529071399672320197 12.350276826279097619 13.974509584996424039 12.358647704898089614 10.562122336052206961 11.350333717505675324 12.374803102098576701 14.407813684739428695 16.544237588967774855 14.384185130534444141 14.725253921191519879 12.691184441125981763 14.679782480474067086 15.312015132964635455 18.221820739248361321 13.897853142839146301 13.000691533205518624 12.750826626964228083 14.484401832229144347 13.3605583489750952 13.695103937534309324 11.926754068037872969 13.729409919800428241 15.777039786503481267 14.995497512913919635 13.96439948833748268
