LISFLOOD_FP/multi_tiles/Results/MULTIPLE_TILES_Monte_Carlo_LISFLOOD/version_1/3_dem_raster/combined_dem_raster/com_dem_raster/com_ascii/generated_dem_combined_angle_0_x_0_y_0.asc
ncols        192
nrows        192
xllcorner    1771145.000000000000
yllcorner    5471774.000000000000
cellsize     10.000000000000
NODATA_value  -999
[rows 80 to 99 of 192, columns 135 to 179 of 192]
13.283874756646355308 14.430217655735992466 14.163780660799737632 13.939196474715286556 12.357390299370750952 12.748031691118686837 14.63112347070839192 15.655906859889416438 15.401788577796516222 16.609958102451823692 18.130633163163729193 16.326880934525387801 16.555593793615930309 16.063949023988463694 17.77378957337013432 17.248410678870289559 17.506316375653454998 17.39382387168095434 28.213104648504337746 22.853488561715078475 19.551814251657098964 17.431546642822439708 16.291215778655537605 15.157511517669158607 15.251291639245694753 14.890563563438961481 15.002438495718108058 17.600669269475083922 15.515357925563909802 16.627888809163778205 18.489013151700490312 15.848728284627766172 14.664409958954372826 -999 -999 -999 -999 -999 -999 -999 -999 -999 -999 -999 -999
13.202555587057407394 16.335961503104584835 16.290464250042120398 13.468696235491885105 12.494030986806386352 13.081585071499040041 14.934790908730160908 16.450823846470456147 16.419329233029010595 14.644555786525019769 16.875780625626802589 18.567326200182250773 17.37895035215265338 14.635629053735437211 20.032907492842333852 13.885476069016277734 18.884098533950059107 16.402818413007466347 16.617880653358167109 19.268176854647801832 19.427530966915931288 15.424235295285896541 16.207072410433504217 14.878985660117718837 18.249702850741446269 14.826512405975250886 15.559931752286992435 17.424915020094406515 15.654037534292960743 18.451418564657544152 18.827649614293740399 18.224200469847392725 14.508372813430769455 -999 -999 -999 -999 -999 -999 -999 -999 -999 -999 -999 -999
17.059634663014843881 14.694500695191988981 14.760681375968701445 16.046002609495037206 12.720254767695772458 13.131863590473066949 15.913679087440499416 13.997297758648231891 16.420897145106586379 19.083564288806059039 18.245041680308940357 22.769173033263115258 21.273994790793032905 17.729935162932591197 13.386378156822276608 13.58253801037706765 16.027498270400322156 17.726055602401402211 17.246361157528109942 21.526567986763215146 21.819630005642359549 15.863070941440897244 16.730184196555551779 19.223509205697844493 17.570083695778620836 14.914064048437738919 15.041131985666515547 17.135768170095559526 17.60362424001488435 15.953384754472825335 17.830141435597401056 21.123847865736102847 22.761596770493280673 -999 -999 -999 -999 -999 -999 -999 -999 -999 -999 -999 -999
13.388801605508890091 16.886727807329194206 15.842932885796907172 13.44056348257974598 12.674834086569417124 12.745368437409638318 12.872855629842801406 12.936537610945718413 12.99790278751657091 13.041597976737673292 13.363967004389699866 13.148602409498066024 12.587550916389341538 13.496201222808840825 16.338919113456565668 19.203835880831793048 17.563855427411073862 21.601641216375011112 16.629015789436401462 22.943691359748175529 22.498024414205882948 18.145335381236446182 22.146581466911172242 16.853917634839838513 19.058261754693877066 16.630653349368383687 14.67921500188885453 14.923724158318755428 16.510122333386593851 15.7111395046454696 15.761347864487042614 19.215619963096756351 16.388838138101078812 -999 -999 -999 -999 -999 -999 -999 -999 -999 -999 -999 -999
14.186654725526537391 13.32833512212830307 15.292659814440748178 14.367455405821820236 12.69724311912653647 12.713572204888516026 14.122667670215669489 13.693338265256715047 14.59230715639577447 13.436124329660311005 18.014351780745634812 16.976355478688216039 14.658258049226558839 18.947366398851105629 20.784013864075784994 16.063517517758242548 14.098447815553150519 16.796140562716846745 18.833263565652103466 16.304973057389393176 21.968066065981183499 16.194877376886019249 14.711704962700913768 14.588363459115720744 16.545461066323003507 14.867733402904852014 19.397402459641728711 19.550937698377463647 16.42012214305998441 17.927185340790295243 15.397633012188439494 16.017823527450076426 16.365744148435179994 -999 -999 -999 -999 -999 -999 -999 -999 -999 -999 -999 -999
13.400200041704444232 15.921678443282536008 15.983556248152154922 13.448840424151986994 13.946150095613571551 12.962085733447256786 15.786155803895871585 15.976361546833453886 14.519070195321068795 15.414087581897817358 13.910982807203442491 14.045346244503368993 15.253170628184410162 15.85335917655736182 13.915554491365957901 13.878163895880247125 15.942564178039342337 17.912188526540518296 18.206615983396311265 22.261243986372232229 21.835041723752500076 18.512557376069331383 14.382926881980736766 15.428045638264956452 18.312908328846543071 17.123181917545384323 21.665150767254107933 17.358687137806473544 18.324197121979082681 18.617951651679799596 16.909424156824915286 16.843912680781933489 16.88860001085591378 -999 -999 -999 -999 -999 -999 -999 -999 -999 -999 -999 -999
13.254641805772486407 13.202908942459197661 13.839501819135101357 13.557537455761082157 15.030228732810192227 13.047181075236318648 13.532016600080206459 15.943586963006142199 14.564473875634856626 13.191768727932645433 14.70333648367296675 13.929566392082708859 16.262868626954912088 15.883408379730969529 18.906506046381974073 15.036633101867023399 17.079557732420532545 17.349136601748181619 18.842083963151040393 22.652733397118833381 19.409380960377095704 17.937645836647252651 14.693145131149236704 17.278093984385566984 17.145543678651364417 15.234279866013061167 22.967586639178726671 18.106359613953173948 17.557560286707175834 20.751358065364996719 18.227636661078307156 15.477915968056485951 20.650168638794660581 -999 -999 -999 -999 -999 -999 -999 -999 -999 -999 -999 -999
13.269075830290939066 15.969238514263054185 17.581867201770535303 13.528346659169814714 12.994317214259343274 13.143240007449854545 15.700853288761722482 14.488987054174970126 14.84605905165208739 13.499334784812454302 14.858822968589104008 15.53659571947689777 15.390984561713619172 15.479672746113923409 14.131660285294385559 13.942157037391501362 16.892382161321599199 15.563911432298096926 16.905174302446514645 16.39329954653883803 17.075334575804863135 15.640255178587883833 18.60726048306696967 16.588055491813538112 17.895101238751017547 19.442531381266299206 18.083547949484977124 15.302303277635871837 15.338852181542678821 17.798167608977326637 18.36515244086710652 15.486975517089989651 18.882952170942580494 -999 -999 -999 -999 -999 -999 -999 -999 -999 -999 -999 -999
13.501797506831131557 15.681979482754297095 13.22487239896546285 13.160971533206922146 13.056800713285243276 13.169818416948407602 14.174947764182810772 14.226285538139780584 14.588877152764730738 15.323238806362425635 15.903019454120103759 13.656815096869722836 13.359742327102155812 13.51097058779912885 13.974580933674733529 16.493879136300513721 14.993239623503379576 14.893914637685369939 16.215033368176637651 17.620474626468318746 14.852561431088048494 15.326758093399771354 16.145796350027620036 16.486936305812129433 15.020556841271108794 15.642402996956304762 17.330062885325720146 18.561087300427811186 15.400681486140925358 17.809040964334720059 15.439236009747792977 15.850103327037700751 16.390718644990869279 -999 -999 -999 -999 -999 -999 -999 -999 -999 -999 -999 -999
12.742288054089232929 12.938439938914388705 13.120937543774129352 13.112971661522761835 13.187564972087878701 16.683456313969003304 16.297035827334092062 14.089298630938962731 15.490489618652263815 17.260637567967030748 16.255515945628804531 16.856700248415858567 14.379569781883436264 13.404010078498270531 14.434515387036034539 17.736324828825644317 14.539626638048407159 15.095414101463964229 21.865530178486256574 23.436506196262840263 20.202048691241159872 15.863082232949341943 17.473644429082430207 15.910380094395300432 15.635887011033075211 17.355761128689437101 16.992728250577236793 18.987699354950301256 19.598442972600508938 18.241689688458510687 16.859803354991051094 18.165070736200675583 15.766218325175632486 -999 -999 -999 -999 -999 -999 -999 -999 -999 -999 -999 -999
13.200588870704265787 13.202358161382722557 13.19081294224640466 13.201078738184570227 13.47983571335551467 15.85208597507073236 17.619971837261019232 16.127073117355330112 14.23743592483245024 15.694376786156604808 13.813551184287426565 16.480625082372569068 15.285274832712195447 14.260537278629003666 15.652060407723253022 15.850864008666368576 16.452802268475139158 15.406486045848293287 21.962166075780448438 23.425081411981881985 14.727645416761601993 16.26999642274283886 19.042114807457103609 16.211386692424586187 18.322522133685250623 16.037531308020067655 17.136275100440148123 15.731555689247626262 17.730752194847458014 18.259755256211313679 18.447594053400319325 18.499487052413993382 15.873241790077493363 -999 -999 -999 -999 -999 -999 -999 -999 -999 -999 -999 -999
19.627927205052731807 15.562592437350785346 13.508824290703394411 13.395519383849265438 13.362535718231672632 15.21820958258166101 16.041252389233289222 14.291729264879489136 15.193193518164765266 13.896129796610377838 13.469544399179168792 17.181971919848688657 14.734676224133471223 15.535175832964476683 16.123692552127092625 14.136795180637314218 15.095895245614819657 17.635838878406371322 21.605802799279537396 23.226228847190512283 15.759713298460070519 18.009830515862876865 17.996483487302015192 16.828255135722468339 15.491194336629533268 16.080445280810749864 18.495360913962329619 15.449032051967217072 15.82589414441557274 18.874903393756717662 15.427130155302412717 15.590041390949625821 16.660916883863038152 -999 -999 -999 -999 -999 -999 -999 -999 -999 -999 -999 -999
18.890608801142313666 17.341320589975218525 16.810025472382346123 13.657338328893391832 13.899962378419862929 18.254026269824368711 13.429610716767363954 15.169792155342646467 13.993680193511501386 16.492588431643039115 14.661846782920997967 14.432284218759857453 14.488689936348476905 16.050495082955279713 16.11578566425770731 18.887791534735853816 16.262098979157716627 18.202103147474637979 15.353407485068345295 15.114208507744184118 15.225615502035068971 17.221213226913871353 14.946445766524053766 17.521585936721667309 15.388668621171632367 15.414806276386205042 16.028241725454712707 15.707909262251664728 15.791172053141744769 17.756739251685111469 15.314730078831944482 16.829835376112601608 15.938715974678153486 -999 -999 -999 -999 -999 -999 -999 -999 -999 -999 -999 -999
13.928877861855998077 15.486904648483625024 13.515590394261442597 13.547518053407360483 14.261327951380394552 18.618600644948369194 15.396726233031493791 15.849971125366650426 16.309713471328198153 16.537224515503996969 15.550541453474373554 17.690190025670929685 14.842306927946415485 16.474873669399279663 16.748727149000949055 16.811032639518487031 15.84036686890298995 17.338601154119618997 15.475364955844101544 18.604530881798709174 16.017792162132284517 17.283185654451262536 18.074414605998029515 15.60594198438862712 16.971952615721107804 17.437286221730065705 19.508375510929912622 15.722914167039089506 18.505665836442158678 16.387292748948972587 15.540172664879307263 18.963336412868915914 17.708369443722411063 -999 -999 -999 -999 -999 -999 -999 -999 -999 -999 -999 -999
13.206823897812785873 13.255252130069026251 13.337934220228754967 14.673921640363085217 13.938295320112901621 18.47373871224236197 13.769043811479690476 16.325979032013307801 16.13400630891905152 14.281996949228320304 16.851008208112304487 14.543977615621511035 14.488470246332386893 17.876901011513869122 15.03438014586047089 21.15189399793224112 17.624585836911659698 15.341685914568982341 15.007689471783347557 15.808250618120647246 17.650126175328168188 15.441968664035996994 18.974184862692140996 16.085932628797458221 18.117154020429577344 17.920682532581217572 17.550838539087308732 16.129702357630385734 19.274030941697212427 18.296473721987045025 15.776430227864626232 15.821759991896207964 16.158477680358423356 -999 -999 -999 -999 -999 -999 -999 -999 -999 -999 -999 -999
13.283866768114743095 13.366613620294652165 13.394288944814467968 13.56425499942265489 13.566586035852484571 13.626610516180090116 13.669064626113174299 15.678569087785847458 14.542490631145845725 14.569204702585416555 16.138145278502726399 14.387607652712713247 14.371221518270695938 18.06774928422348836 14.632845022553471637 18.680249546291886276 15.217357723772963141 18.65226381804598077 14.731387611957805106 14.778377618936415772 15.323894927900665763 17.98687396486307577 22.713949255067774402 19.71296514889575846 17.384094634437712301 17.971372406051017379 17.99639377740232149 17.644712857837649977 19.702405311325094317 18.993071510524856649 17.904906886538782373 17.273470120821723839 16.241266507185677881 -999 -999 -999 -999 -999 -999 -999 -999 -999 -999 -999 -999
15.412682008326221705 13.31887262348884704 13.484150632011017379 13.6365771809191898 13.427564620574640841 13.822754158622613474 13.653605956891102124 13.66051869162029142 14.27667368557104588 14.749330546590714519 25.567850641531212119 15.338572255929227239 14.031117779512529253 14.345893466306403496 14.594380650210593942 14.706492361089832599 14.687549420364858221 14.736695013000229437 14.791741417369104639 15.113941684273452637 14.865806691055004407 15.115964647089759509 15.337604515640705927 15.72236865732187816 22.405072271522751493 16.504728287379421658 19.163361170627069896 20.860675635153686613 19.921899671342519156 18.615200321716820042 18.806331987652505688 17.123598577532256115 17.776183929392203709 -999 -999 -999 -999 -999 -999 -999 -999 -999 -999 -999 -999
13.638389812134205314 13.411051530021632416 13.377495816187504829 13.486738745299161835 13.442983295958056189 18.079983421212187267 18.503326603956153917 16.645895940460398776 19.349418295545827817 23.055581122439654962 26.615450031981108481 19.836358812440309407 14.238393826331272152 20.734714532638761852 20.681576567758241936 17.847863851083033637 17.403366361661216644 15.374087011197671515 17.143746532272739813 22.426330780699107237 15.616425712085673538 15.523251658398624642 17.129019395270965731 15.108609590983855142 15.584737911095169594 15.70793823045647386 16.333775608440021188 18.036382719598087476 22.730388507512415686 16.90999362194615685 19.199097285956579384 16.128098103353782022 15.988493314834393288 -999 -999 -999 -999 -999 -999 -999 -999 -999 -999 -999 -999
13.413525157650209252 13.258947057848811113 13.326503189427196361 13.18200818418705822 13.478936234820713125 14.807638399717655275 17.016921692527414933 24.37521352324931101 19.733841257935054614 25.263888869805260384 27.61389466635808887 26.276805687328284478 16.679863953556736789 25.303583878169511934 24.51934787892188794 24.03221259633531659 20.226799626016187972 18.327980071172358834 17.94749727306670195 18.441678597334128398 14.96528636543818358 16.24860197365720893 18.296360501537609622 17.847757716594063737 18.707962201302738237 15.140311368712318085 15.690109903136626457 15.953118683042008641 20.121341238630364501 22.984837602434357251 22.581500418610865211 16.812249617184054529 16.969596341864722433 -999 -999 -999 -999 -999 -999 -999 -999 -999 -999 -999 -999
13.418266981020526174 13.256182729570033629 13.257960318693449153 13.303191272393725342 13.523052513253364992 13.460968318163272883 13.806261490888696031 15.199305955915889399 23.658799673248157802 27.1598973819843863 24.744054510644556188 23.255854470829234515 14.441480424206227795 20.387991260299052954 21.57743053338326078 21.481174224276003315 17.659039975951156265 17.424359493192902448 14.414194766462300024 20.798761669198945867 17.848399232790210789 15.046387025232030865 19.015498768906859084 18.633615115509790883 16.546053415844486523 16.05701529754761836 15.492957571255404403 15.744967941404507172 16.394997981583038893 17.000193003008927661 16.61297695489678361 16.897185315684307483 18.28584917795300413 -999 -999 -999 -999 -999 -999 -999 -999 -999 -999 -999 -999
