LISFLOOD_FP/multi_tiles/Results/MULTIPLE_TILES_Monte_Carlo_LISFLOOD/version_1/3_dem_raster/combined_dem_raster/com_dem_raster/com_ascii/generated_dem_combined_angle_0_x_0_y_0.asc
ncols        192
nrows        192
xllcorner    1771145.000000000000
yllcorner    5471774.000000000000
cellsize     10.000000000000
NODATA_value  -999
[rows 60 to 79 of 192, columns 45 to 89 of 192]
17.176263947604962112 11.819844150181046061 13.947111545427318902 13.297618116399757326 8.6083328307576021388 6.8615600802029561578 7.8768430547005614528 13.829110510301170223 14.651951112618428752 11.996525499314937946 16.720716366545925524 14.287395317486398127 8.0612412772870687405 7.1817255781832631811 7.0325772768482233133 7.0409793134822660221 7.2959330218184330619 7.3730690817814386051 7.4118344002653770985 9.5555023137447641091 11.909060619215757981 14.376966017920990382 14.09847073744353807 14.845892027536608637 10.275351540811268336 13.520138398591084794 11.047740955327792989 11.767474381306747944 14.738468559384346079 13.15537711613684202 14.533367386403311272 13.486792480999088895 10.513181825818387338 10.515136294187870547 9.7210954541066652013 20.272725539958777574 20.067641937632703986 7.952748657423735601 8.1761570078707244136 7.5801428272413859943 7.9236656006053500789 8.8119564396684246788 10.326270232170893237 8.3864318850518095871 7.4518415625399594404
18.255617069233018412 22.889724467428280263 21.940269040034880987 14.579972489365930599 12.006949001278574229 8.8696751008488110557 9.6570053726162861096 13.189718472705949992 15.054246522903699912 15.967294970086729933 9.6996901470679883772 11.887737640879581846 7.6203367439261562311 8.3320523867339915114 7.9115825552941654308 7.7335166186861128423 7.6680997609179009089 7.6560035840946056851 7.7143643167616726686 7.7886807472407753039 8.2164444791774897681 16.840745127405973847 18.030219854693775972 13.721147142522374551 14.141018470837449783 15.75230354856479309 5.8181221761828272321 7.3926029374405128891 8.1429059724943240184 9.3224819701789876092 15.021677366247384811 12.208363429178941573 13.944948078592805274 9.758648161052759562 10.251053609658946186 12.015899188598986314 20.945488649536624592 10.108583070700611017 9.9348333907046040281 10.257032555324453682 8.3255751620752498354 10.188448332381975447 11.464337363974893336 9.4198692674626371968 8.1036076243137955544
18.395127463209338003 13.543800071529890516 22.203022944216993295 21.516998698757721087 23.869845000895882237 16.475785254965703786 13.515782103010176129 11.179631931719196558 8.9436226484062739672 9.3204760074698391747 10.061702225739951544 9.1865617579819005556 7.8472325584696900336 7.702057364141816187 7.4535132801067733865 7.1545391485333622583 7.0668041487587336391 6.9237977080650008332 6.6234568176580816967 6.0762644890848820367 5.8031736564303395554 6.6081821876206250366 7.6097322736361876494 6.2349274343387630637 6.0007523234581414684 6.2071178052819107052 6.4116922981610020571 6.8541145316869629411 14.269038026285523202 11.062860439214141195 8.9339819609863049266 9.1880397284326544849 9.7336771153748582464 11.453197297082336803 9.8256459161882947484 9.2072091801263535871 10.441714166874925596 15.84623177703806185 9.5227243105205463536 8.8697020280444149876 9.7877042038839068283 9.9530875811520242991 11.686704338443396622 9.7483428801686358156 9.9828342328172343656
21.734561253386345925 19.737286457115601479 20.708885878629232025 17.062150463743915196 18.083139551190651417 13.265278423790505258 13.525350726807557677 10.330934872045414608 8.7473228866407009008 9.0734511888372928468 10.906615122060758338 7.565420537174662563 6.6091951455409523319 6.3374870250920274373 6.3312774309221335756 6.5553032376416258131 6.2771762415281324721 6.08321023092645774 5.9454934753994583829 5.8005920709337814856 5.668581758926563019 5.6486562293417987846 5.8400967037915991753 5.6552700618676929878 5.6434926801797180573 6.2031106986777269086 10.823133311219061525 10.566091650898730592 16.618290026155698058 13.630821246540437031 14.44783840970816513 6.2351103655582456042 9.2174219955509322233 6.7604079967013976926 10.910478343741164764 11.297029824795430386 11.667798053664697022 14.335751827121214319 13.683599972725785321 8.6084673367988173709 9.3903896850639441141 7.8188769276955003562 7.9961043286340878211 8.2451450323929673658 10.966481447615418432
12.171824261547760315 21.552609242892156516 10.851737272808351875 7.6525286523730757793 8.3430290184009141541 9.419591099097340603 11.079043007424139944 13.286274175433923972 9.5814922938526603247 13.903106870556365848 8.0664673752351259139 6.1883892368199253653 6.0523833997016955877 6.0764112539351415876 6.7559020039799557722 14.761110606380668742 7.3812260527244379915 6.4167101336496106256 6.5688658524913883241 6.1452334316188821361 6.0394339438950410681 6.1480851121489106248 6.2182633226328860587 6.1649755369773622249 6.0250248211320620584 6.0355599360217810911 14.64810072917075523 17.669344479124326597 11.989647736227361463 17.12489815378479463 12.527479853947530941 15.100477877271108795 12.901642864224417195 9.8535502322854977564 7.0076380211773052764 10.254886268987137399 11.65943677794266975 14.23511456122112051 10.614396123276250705 10.500505318879904237 7.6751215823936052018 8.4419862858510690273 8.3572335919198792453 8.7611544261935083711 7.9677859261222430121
7.1844940141964013236 10.126318961481640457 9.7572290194300563826 11.756130624341952995 10.629318071675697865 13.603459453072479945 17.238125078822655212 15.351689634017798625 13.525860941171107044 6.7041595570454948216 6.318784616948199151 6.7170896497970851158 7.9893187071461806426 7.1249990515032184391 10.440632519793997091 18.236754822347350569 9.2451766517958873237 8.0078024692939084872 10.892799996882738256 7.7865549708441577081 6.50184748687078784 6.3719258794806217239 6.2373649019167585195 6.317155846629476379 6.4145748850624579873 6.2598773148004651645 6.2661620761563341375 6.3449927506798315946 16.854011171974587313 13.353336455128875571 18.359593122655908815 12.443040934247850515 8.9212668871400282455 9.4136306516570922298 8.0625937888001217857 7.0491414107132248645 13.050962198708026207 14.014065438850263234 12.064655034911632825 13.844254430993474969 10.168413677726139355 10.550881435908005201 10.558737298738892108 9.2239777078555462708 8.0671834608026635749
8.3945029001389563916 9.4685171878420444358 8.9855933195114179313 16.602351118040804323 19.21130876284619049 14.919506421856560507 19.530716951295477912 18.771714112533022245 9.2888700139463047378 7.2700268357166564215 11.241668735350359043 10.186015827317095983 10.344503156419529333 11.249432320541176367 11.363628036781204145 6.357965533444560613 9.3530553451306790436 18.496243132105000484 23.76133073556394848 18.08337811446364185 9.6382579551686742292 6.9121164357692146396 6.4214690858658842743 6.3777914356958902431 6.4084060061861620738 6.4740110498376122194 6.3676157591197863894 6.3554471227065967298 8.4299641795069195638 7.1841075811685088937 15.536788551714970197 13.03593530450944904 11.817611504711344139 11.987739516363326686 13.730962190965380287 9.3743123536399881601 7.0472211037403846845 15.110732561314186739 11.033901855440273465 9.8857208629406407852 12.108146696699657596 8.4459273010939437398 8.8382462144703950457 10.571784703559487184 9.0720784482242962099
8.5841910886568761896 8.6859957452737202033 21.545399505364720483 20.633716506754073094 17.650644951656222048 11.383665023580663345 16.966627135896040102 17.018162474628599767 7.8372552154589918416 10.056084624377682246 11.109442172283541694 8.3792162264893441659 6.7011892521144327262 9.8863777751739387867 10.109099763054860688 8.0828940912855617995 7.7794346044450346511 11.374888188992402505 22.354880404205836442 27.969807806980707454 24.381284891224083822 8.7937483012370236679 6.8563455836804259036 6.5266129046874556963 6.5113008996181562793 6.5841728895849067627 6.5027744420440711792 6.3802644274395348134 6.104514804519155291 6.012021002710619122 6.5724420265369172256 7.6119708909297099098 12.503120890567343437 13.443567223138179756 12.316767560427498651 6.8964060352128431219 6.8914991486270320564 13.881827003770666806 9.566418709770264428 11.830471890741661056 9.0892549360132548486 12.057330927708823864 8.4574750555861228918 8.4855845280437165457 9.601437432125177196
17.737864562891914488 18.064907808176034365 23.456866251371021548 9.1662230978854104535 19.232735167069620275 9.6716338908735988156 10.900242436849033822 8.5997961403341189879 5.9306474608437182994 5.9757335278172352133 6.7711882035611745678 10.101284697532094015 12.83391172882244291 9.0371605040179918689 8.576100310965230733 6.8434696048034275861 12.081774599366239542 7.5048638602120076868 13.805007931876838612 21.075303013306172062 29.248570402857222206 26.654564569583595102 15.069580613584157902 7.6564085537631800804 6.6281516809028717674 6.5549372500015836707 6.6054609829352122219 6.5928605158347899362 6.2671766968600017833 6.0552979282359897795 6.0801785778343813149 6.9327542834524411575 11.303118832816998918 13.251454631384165239 12.017090454503716046 6.588468441164184064 6.3768660687834133327 10.4024872777030577 11.103768030079784523 11.81152602625433623 12.58332882235031569 7.9011323397898465259 9.3212319342776055464 9.1826679611515640289 10.431966031586688004
21.493068635110368803 19.549664821710809548 15.508121392200857613 7.5192450832299702057 10.630928940057346566 9.3234945069426835573 7.5636497306320364942 5.1863833135462753532 4.7429379782964575796 4.8769870269390684925 5.6297754435909448389 6.2673705549077336485 6.3758081999356415182 7.1760251808147561547 7.1353709782712329002 8.570814285707966107 8.3333118647868236195 7.4490468025001632668 7.6601263075125212154 17.720735730712849687 17.816380203425548956 27.108693073109680682 24.743190244441645831 16.077697168931337046 7.3603507611730192295 6.7263161529564605701 6.693991579507541978 6.8733701568763994061 6.6632549542970487266 6.3096662948453356989 6.1546796470342091112 6.5677297135676662165 7.6891874896766418956 11.21067224876355084 11.064541414492033766 7.5940248671903365363 6.7556021694855319382 7.7131705934091359111 10.871668988235219544 11.487019110144759182 9.2567158175639487894 9.7506979856999258516 7.8576084897307385546 8.6766347369250578225 8.7996498559241924653
20.006091463523791418 11.119753691556395481 8.9810492495638030164 6.2384898495945915187 4.9624795751117840581 4.8957573512072620758 4.5527230870513095695 4.4132497856168937389 4.5124539350003054494 4.515898433832390424 4.6121649309573751196 4.6944821323648513456 4.7727148807727646229 4.9421376881262482073 5.2956972617731903341 5.7879692512331892829 5.6856760510078343529 6.5540933171179052152 7.8827011643643150052 9.3149085089907757151 10.222935200158085323 12.903877082384809682 27.1061617583777128 20.269111274681037571 14.395313129461806412 7.2636858216866588833 7.0152797643208426592 6.9252107745613367129 6.9852997629621897957 6.5419107899064110612 6.3417806764221724691 6.2488322787976713357 6.8174143048677731116 8.652435521987291267 7.0083540792929106544 7.0720197416747101471 9.4677053208997357103 7.2242986254045931105 13.967509003222389197 9.3459785592753288341 11.831590325462833846 11.734110488932170568 8.9723387409460215736 10.476170437032122251 10.491864050083949067
8.9247296870547838665 13.0930388010253278 5.3089796402147317878 4.3909046479696085541 4.4401248660475562957 4.4137019891706215091 4.4533895837383559169 4.3845937352565282907 4.5113568204601852685 4.5536805340164443479 4.5983407496161543548 4.6993361552554313576 4.6657117827957614864 4.864371164735214137 4.8509550208994465237 4.9848748644931415441 4.875909324619057017 4.7061844076167202999 4.9946495275840092631 5.9163844330779813419 7.8896857196950884727 15.54753322937449056 20.172346534880830404 24.559806952845455896 20.960341137958618418 10.066349398949887117 7.3329022018914002956 7.0769295844077602098 7.0511225249303608464 7.0526600190286172776 6.6217184698442554946 7.6773837681345247219 6.7053409918150226332 6.985858937554770165 6.9118669238723313697 6.6912124828909114171 6.79130198008993613 7.0876902723954859908 15.115904124730969116 11.365765490926689196 12.367779641707006277 9.8799651338965350789 11.207025910874317987 9.7508905941896450997 14.063299371583712016
6.465296463029036822 3.9181637266391700081 4.3383089500386970983 4.295539387001636733 4.2373068606766493005 4.1908706318740112096 4.3337758088028426329 4.3485095343312138993 4.5174766467511622281 4.4631091985594419924 4.7234671596953914374 4.8637479456552972223 4.9417328339929085246 4.8364386258416889319 5.0415525642153893315 5.0043152729301203507 5.0615703317531872685 5.0420225696832483564 4.9461070401214533021 5.0423263061331047297 5.6396942573157033962 8.0553301961756780258 20.09579655606301074 24.283820206446566914 23.597014317582051035 21.742473192582497887 7.8412117966568146699 7.5139421700062092313 7.2461428845354278749 7.1502713036622376208 7.4539270804862667319 6.7065911303867915549 6.9035805610219593831 7.1848387074588444534 7.1717695325547765606 6.7892148955447391145 6.8236369389484661241 6.6924389545998241857 12.030923332895284261 11.033556944692819002 12.947226575118907732 9.8529371591897554339 12.146529356351786433 9.8693170963262968343 12.349537185258704142
4.1505009684809213155 4.0478371443833962573 4.0366626829911647079 4.0962890430508611672 4.1356210623765221612 4.1927490433006049386 4.635918724814364289 4.6840077035795282256 5.0737733510559488437 5.5393029846014032458 6.3039165040689502106 8.6783407417016853458 11.382540476193106826 6.0109747946594280776 5.1422866475482740256 5.0779882087898782217 5.0764207401795804486 5.1270724409239827324 5.1020722466482348878 5.1450701066428017327 5.1140132580286064012 5.7200204782375170254 6.2305428621135447997 12.466308451879637431 13.808339448374367109 9.9855500828441989825 10.270571780934153239 14.325470545291654645 7.7677267905115474633 7.3333862008759735929 7.2382603773373261902 7.1135212536035137276 6.8321440578859071735 7.1937380206063679111 9.1965395132732190575 7.105125300660509069 7.0725263238794040532 8.061962660095542077 6.7166275352785724806 8.7635355320828374204 10.033859579681207563 9.8537106022467746413 10.220690893757145901 9.8908995131078079055 10.296165334377080924
4.2356538836831107986 4.5658224874118271686 4.4512303132415524942 4.512265669740603613 4.6508473403174450667 4.7141119188704125875 5.1556858692898170915 5.6197362557337990907 5.6873563361567649466 6.5084915439606350063 14.985080135571516635 19.404967892733623103 19.910825372194032923 7.9734617739541393533 6.2124062494033864823 6.8992212934622321185 5.4195945456031520138 5.2414767278532048422 5.2093530240302641232 5.195595746729757991 5.2352197569622571649 5.2222613755664255564 5.3104136228390679264 5.4483827022935340523 7.7630559512715038295 14.174669074956158354 18.513455146044098143 25.85252446391440273 17.772485643284081647 8.863974469768477249 7.3649109668909007453 6.8462665255719032942 7.3931625353014052138 13.069518055667247225 7.648729520978842622 7.4069292748378687818 7.0624672306695783774 8.243061664005445266 6.5514243109106988783 7.8739510505621446157 9.1522683293577973274 10.976234118907278514 11.174096329392032345 11.723692375474712435 12.15911029916845898
5.2635135643806698624 5.7052969296079085737 5.7863321656381971891 5.52000000000002089 5.7803096080765934417 6.1389125197281018131 6.2598886808405902471 6.3739314908213202671 6.5491017534628079844 6.9074403878285490777 8.4697019838744882492 16.93948156247807546 17.234536237996312735 7.7209416113992412889 9.113178566111072243 8.7685782306590720481 7.0245350591097501791 6.592048419983708385 5.9980738208469857042 6.0081419197469738691 5.9341764149792215477 5.9624687904034976427 5.3413557818853245607 5.3537656076765998137 5.578313454442155539 6.5273058005128890002 12.901230547519519476 24.392947513066559395 24.936539989733446987 15.574656414210584998 8.5401787018722892242 7.1106208794073770818 6.9874307911486353007 6.8029029668131899555 7.194571791210904621 7.9214959610512520882 9.8823148341612654377 6.7803468573019216592 6.6319964066393772839 7.8281876163479280351 9.4395205915790452167 10.443970842403775379 9.6937042374743800366 12.697699140428312603 12.865086497095532536
5.9134007269824984121 5.4504333165741343237 5.2948992975237683112 6.7414459654910263708 6.7534449621864869329 8.5079054162355838287 6.5789019656135270253 6.419190722174967334 6.3794990142392133947 6.9114518559150157628 6.9100159327503405393 8.7584436304895358916 7.4124431916615023397 7.0548532957973861812 6.7335576611907210776 6.9490632682693860289 7.1969468979255104557 7.3883728079098069941 8.7778602907994223159 17.411820168276292975 16.050767974071909805 7.2707373675941280311 7.4429390291620221021 5.5578466662338472659 5.35202388384447314 5.4857870550065701565 7.3594426843664333404 11.493491401434772214 19.2814003089659316 26.558021717663532257 14.160678515202381078 7.6657029642372958023 7.5801400911984533337 6.8459012880144012314 7.2823689029903873049 14.172945626878899361 6.5812805278265731346 6.8592095944021176379 6.7223619213501963898 8.1306642289788015887 11.520054148655813009 9.4808220941176202246 11.61451819581487932 11.419058070425119666 9.9155120742776876597
12.052998010592601119 15.219993994702086582 7.0716858778734890123 7.8891987153035856295 8.158030245399745084 6.572209813579760862 6.689738141947083605 6.728362594600440616 7.0555611985925725804 7.6208680421225576396 6.9418402146697033572 7.7431817652917578343 6.9328821887029699056 9.2462389642377935672 7.7626787370637444496 8.1428770346156404969 7.4705542255533980978 7.1899129565967569988 13.625608132093583791 20.828683264400243758 25.253061269677040457 21.391001313482352231 14.974795510129991882 7.8509343344373290208 5.4457178172908475844 5.3887547653959968486 5.6232756361559008695 8.1096382999854235152 8.3394912624612125285 20.556094983721592939 27.892215197918893921 12.551093188821011992 11.322099048072905347 6.9064897458652767526 9.734757366005439394 14.679456109540995001 7.2863789607748614685 6.594675773434033772 6.6955415192473468622 7.6789146513210271294 10.447427231039146278 9.8425668073452090567 9.9669831544216549446 10.35620538005586333 12.005313757915935469
9.1890319060241640869 13.899518884954645159 6.8465482541368007929 6.6499354841263471627 9.6461013084066191681 7.3348379098630394068 6.365425737897711933 6.2898475373473754502 7.6012092037119947108 6.9367766897639153711 6.3835095429352222141 6.3050496833475220271 6.5039910079161495915 7.090655855567709942 8.0793075675971053329 8.3971389493466404019 7.1407772286740014422 7.0231137685328794973 7.4848016552791092337 8.2644681865198332815 12.266922134920216436 27.311297893607022758 26.873290247871992165 11.706690204653302345 6.1188381237218187891 5.3325526531618834269 5.4615412748959393241 6.2854749476297797628 9.3984972140125400131 20.831234653525150691 30.633745872312843517 26.241785303033715593 9.4329443374270951495 10.874521932200735819 7.4300495392486416435 8.2913091746402258764 7.1051099749963224639 6.7869289500768168466 6.6752631967878075514 7.353088753946156686 9.2759572815742927787 9.6844530547049565428 12.155183152599859042 11.910278880875928564 10.646693764855353237
7.7323323511268515773 11.137105363887043197 7.131369751684053071 8.2400145786025582595 8.4816692386901841871 7.3241759864731008633 6.4675329930533225209 5.7855273347568729747 5.8768780786566585661 5.8490930342181615131 5.8023326913824746498 5.9520112545110182012 6.1731906345552971516 6.4107964542440107891 6.4737959001026910144 6.7440676977154838667 6.7855122943992407514 6.7616097246105093532 7.1670244570766552528 7.6078650699539727142 8.0161907736599395946 21.756608330278652375 22.689354996807583831 24.095260309731060033 7.6530410013772804945 5.8731015534395449862 5.3871738002172619986 5.6290337933574416951 7.336695604704108753 12.591004039804669645 27.734533616458790561 30.143801991368277982 10.148472303630569513 7.6349898358252001884 7.2888367556629569677 8.6545687665776060982 10.854136291054421903 7.1466330966897420041 6.799675189818699117 7.9701082872700510507 12.81189593057431253 12.773813445875779493 10.906889522445419871 11.770685598098550528 11.644674834231970806
