LISFLOOD_FP/multi_tiles/Results/MULTIPLE_TILES_Monte_Carlo_LISFLOOD/version_1/4_LISFLOOD_FP/combined_output/combined_angle_0_x_0_y_0/out-0011.wd
ncols         192
nrows         192
xllcorner     1771145.000000
yllcorner     5471774.000000
cellsize      10.000000
NODATA_value  -9999.000000
[rows 102 to 135 of 192, columns 77 to 153 of 192]
4.622 5.108 0.000 0.000 0.000 1.976 3.158 2.877 0.157 1.454 0.094 0.053 0.142 0.000 0.000 0.000 0.000 0.000 0.000 1.317 0.000 0.000 1.633 1.649 0.000 0.133 0.000 1.816 0.000 2.056 1.926 1.866 1.821 1.394 0.000 0.000 0.000 0.000 0.934 0.541 0.052 0.000 0.000 0.000 0.000 0.000 0.000 0.000 0.000 0.000 0.000 0.000 0.000 0.000 0.000 0.000 0.000 0.000 0.000 0.000 0.000 0.000 0.000 0.000 0.000 0.000 0.000 0.000 0.000 0.000 0.000 0.000 0.000 0.000 0.000 0.000 0.000
2.594 3.853 0.000 0.000 0.000 1.524 3.095 2.737 0.000 0.000 0.069 0.233 0.063 0.000 0.000 0.000 0.000 1.110 0.000 0.000 1.290 0.249 1.776 2.011 1.227 0.030 0.120 0.000 1.677 2.073 1.996 1.816 1.692 0.755 0.000 0.000 0.000 0.000 0.993 0.883 0.241 0.000 0.000 0.000 0.000 0.000 0.000 0.000 0.000 0.000 0.000 0.000 0.000 0.000 0.000 0.000 0.000 0.000 0.000 0.000 0.000 0.000 0.000 0.000 0.000 0.000 0.000 0.000 0.000 0.000 0.000 0.000 0.000 0.000 0.000 0.000 0.000
3.702 4.329 0.000 0.000 0.000 2.127 2.935 1.275 0.000 0.000 0.202 0.000 0.029 0.000 0.000 0.000 0.353 0.529 0.000 0.589 0.304 0.159 2.120 1.310 0.000 1.786 0.000 1.250 1.791 2.173 2.162 1.933 1.735 1.432 0.000 0.000 0.000 0.604 0.604 0.704 0.355 0.144 0.000 0.000 0.000 0.000 0.000 0.000 0.000 0.000 0.000 0.000 0.000 0.000 0.000 0.000 0.000 0.000 0.000 0.000 0.000 0.000 0.000 0.000 0.000 0.000 0.000 0.000 0.000 0.000 0.000 0.000 0.000 0.000 0.000 0.000 0.000
5.106 4.292 0.788 0.000 1.879 2.846 2.692 0.670 0.000 0.000 0.000 0.000 0.000 0.000 0.000 0.000 0.000 0.553 0.402 1.884 1.524 1.519 2.254 2.041 0.736 0.141 0.337 0.714 0.000 2.107 2.028 2.008 1.835 1.728 1.529 1.320 0.721 1.010 0.000 0.000 0.564 0.250 0.000 0.000 0.000 0.000 0.000 0.000 0.000 0.000 0.000 0.000 0.000 0.000 0.000 0.000 0.000 0.000 0.000 0.000 0.000 0.000 0.000 0.000 0.000 0.000 0.000 0.000 0.000 0.000 0.000 0.000 0.000 0.000 0.000 0.000 0.000
4.918 0.000 0.000 0.000 0.231 2.565 3.031 1.896 0.000 0.000 0.000 0.000 0.000 0.000 0.000 0.862 2.120 0.559 2.033 1.651 1.501 2.012 2.123 0.714 0.529 0.000 0.000 1.822 0.000 0.966 2.125 1.242 1.546 1.517 1.506 1.352 1.129 0.981 1.023 0.892 0.740 0.256 0.000 0.000 0.000 0.000 0.000 0.000 0.000 0.000 0.000 0.000 0.000 0.000 0.000 0.000 0.000 0.000 0.000 0.000 0.000 0.000 0.000 0.000 0.000 0.000 0.000 0.000 0.000 0.000 0.000 0.000 0.000 0.000 0.000 0.000 0.000
4.728 2.801 0.000 0.000 0.000 2.896 3.098 2.430 0.000 0.000 0.000 0.000 0.000 0.000 1.019 2.000 1.928 1.920 1.793 0.633 0.000 0.362 2.082 1.801 0.471 0.000 0.665 1.374 0.674 0.000 0.000 0.000 0.000 0.869 1.442 1.188 1.401 0.913 0.706 0.687 0.408 0.000 0.000 0.000 0.000 0.000 0.000 0.000 0.000 0.000 0.000 0.000 0.000 0.000 0.000 0.000 0.000 0.000 0.000 0.000 0.000 0.000 0.000 0.000 0.000 0.000 0.000 0.000 0.000 0.000 0.000 0.000 0.000 0.000 0.000 0.000 0.000
4.910 1.139 0.000 0.000 0.659 2.976 3.083 2.723 0.000 0.000 0.000 0.000 1.383 0.375 2.305 2.141 0.000 0.000 0.000 0.000 0.000 0.000 0.000 1.139 0.000 0.000 0.000 1.868 0.000 0.000 1.104 0.995 0.000 0.000 1.199 1.302 0.957 1.014 0.722 0.310 0.239 0.045 0.000 0.000 0.000 0.000 0.000 0.000 0.000 0.000 0.000 0.000 0.000 0.000 0.000 0.000 0.000 0.000 0.000 0.000 0.000 0.000 0.000 0.000 0.000 0.000 0.000 0.000 0.000 0.000 0.000 0.000 0.000 0.000 0.000 0.000 0.000
5.301 4.127 1.656 0.000 0.000 3.057 3.075 2.977 1.980 0.000 0.000 0.000 0.240 2.226 2.316 0.723 0.960 2.099 0.837 1.181 1.265 0.965 1.454 1.227 0.188 0.000 0.799 0.057 0.000 1.245 1.990 1.832 1.657 0.275 1.115 1.556 1.222 1.109 0.920 0.607 0.236 0.000 0.000 0.000 0.000 0.000 0.000 0.000 0.000 0.000 0.000 0.000 0.000 0.000 0.000 0.000 0.000 0.000 0.000 0.000 0.000 0.000 0.000 0.000 0.000 0.000 0.000 0.000 0.000 0.000 0.000 0.000 0.000 0.000 0.000 0.000 0.000
4.507 3.129 3.364 2.169 2.706 3.122 3.074 3.006 2.750 0.000 0.000 0.000 0.572 1.521 2.290 0.000 0.000 0.000 0.000 0.000 1.347 1.149 1.759 1.936 0.000 0.000 0.000 0.000 0.000 0.682 0.000 0.000 1.395 0.000 1.507 1.652 1.379 1.278 0.883 0.307 0.456 0.000 0.000 0.000 0.000 0.000 0.000 0.000 0.000 0.000 0.000 0.000 0.000 0.000 0.000 0.000 0.000 0.000 0.000 0.000 0.000 0.000 0.000 0.000 0.000 0.000 0.000 0.000 0.000 0.000 0.000 0.000 0.000 0.000 0.000 0.000 0.000
4.890 3.907 2.789 2.769 3.095 3.104 3.108 2.988 2.940 2.254 0.000 0.000 0.570 0.000 1.714 0.000 0.000 0.000 0.000 0.000 0.000 0.000 0.799 1.814 0.000 0.803 0.000 0.000 0.024 1.589 1.609 1.149 0.000 1.168 1.894 1.629 1.643 1.443 1.153 1.011 0.807 0.455 0.208 0.183 0.116 0.000 0.000 0.000 0.000 0.000 0.000 0.000 0.000 0.000 0.000 0.000 0.000 0.000 0.000 0.000 0.000 0.000 0.000 0.000 0.000 0.000 0.000 0.000 0.000 0.000 0.000 0.000 0.000 0.000 0.000 0.000 0.000
1.560 3.791 2.778 2.843 3.117 3.092 3.059 2.992 2.942 2.659 0.000 0.000 0.000 1.779 1.986 1.289 0.000 1.387 1.783 0.000 0.000 0.000 1.157 1.443 1.220 0.149 0.000 0.000 0.000 1.157 1.669 1.565 0.768 1.256 1.711 1.682 1.712 1.488 1.198 1.121 0.993 0.590 0.311 0.347 0.179 0.000 0.000 0.000 0.000 0.000 0.000 0.000 0.000 0.000 0.000 0.000 0.000 0.000 0.000 0.000 0.000 0.000 0.000 0.000 0.000 0.000 0.000 0.000 0.000 0.000 0.000 0.000 0.000 0.000 0.000 0.000 0.000
2.854 3.447 0.971 2.960 3.044 3.014 3.017 2.982 2.969 2.879 1.378 0.000 0.000 0.000 0.000 1.688 0.000 1.989 0.927 0.000 0.000 0.000 1.461 0.692 1.530 1.385 0.000 0.411 0.094 0.000 0.000 0.000 0.000 0.633 1.399 1.616 1.531 1.281 1.122 0.991 1.103 0.613 0.278 0.465 0.338 0.000 0.000 0.000 0.000 0.000 0.000 0.000 0.000 0.000 0.000 0.000 0.000 0.000 0.000 0.000 0.000 0.000 0.000 0.000 0.000 0.000 0.000 0.000 0.000 0.000 0.000 0.000 0.000 0.000 0.000 0.000 0.000
1.603 3.285 2.750 3.140 3.061 3.009 2.972 2.931 2.921 2.929 2.606 0.403 0.000 2.056 0.983 1.591 1.873 1.421 0.792 0.000 0.000 0.175 0.991 0.935 1.673 1.296 0.000 0.624 0.000 0.000 0.000 0.000 0.000 1.272 1.684 1.699 1.480 1.245 1.157 1.100 1.181 0.966 0.758 0.742 0.569 0.000 0.000 0.000 0.000 0.000 0.000 0.000 0.000 0.000 0.000 0.000 0.000 0.000 0.000 0.000 0.000 0.000 0.000 0.000 0.000 0.000 0.000 0.000 0.000 0.000 0.000 0.000 0.000 0.000 0.000 0.000 0.000
1.977 3.401 3.077 2.830 3.015 3.054 2.952 2.871 2.872 2.864 2.777 2.534 0.818 0.521 0.000 1.764 2.005 0.174 0.000 0.000 0.000 0.000 0.000 0.390 0.000 1.269 1.542 1.021 0.342 0.000 0.000 0.000 0.000 0.000 1.753 1.693 1.454 1.274 1.122 1.124 1.132 0.987 0.866 0.842 0.503 0.000 0.000 0.000 0.000 0.000 0.000 0.000 0.000 0.000 0.000 0.000 0.000 0.000 0.000 0.000 0.000 0.000 0.000 0.000 0.000 0.000 0.000 0.000 0.000 0.000 0.000 0.000 0.000 0.000 0.000 0.000 0.000
0.000 2.626 2.934 1.798 3.016 3.008 2.986 2.909 2.816 2.731 2.771 2.733 2.206 0.000 0.000 0.000 0.000 0.651 0.000 0.000 0.000 0.000 0.000 0.000 0.076 1.252 1.242 1.696 0.000 0.000 0.594 1.137 1.509 1.569 1.627 1.658 0.000 1.066 1.233 1.106 1.168 1.020 0.917 0.885 0.341 0.000 0.000 0.000 0.000 0.000 0.000 0.000 0.000 0.000 0.000 0.000 0.000 0.000 0.000 0.000 0.000 0.000 0.000 0.000 0.000 0.000 0.000 0.000 0.000 0.000 0.000 0.000 0.000 0.000 0.000 0.000 0.000
0.000 0.000 2.438 2.895 3.016 2.973 2.908 2.821 2.788 2.705 2.683 2.695 2.576 1.940 0.000 0.000 0.000 1.117 0.000 0.000 0.000 0.000 0.000 0.000 0.000 1.379 1.502 1.479 0.000 1.543 1.879 1.730 1.455 1.636 1.542 1.433 1.369 1.379 1.490 1.159 1.074 0.981 0.865 0.923 0.626 0.000 0.000 0.000 0.000 0.000 0.000 0.000 0.000 0.000 0.000 0.000 0.000 0.000 0.000 0.000 0.000 0.000 0.000 0.000 0.000 0.000 0.000 0.000 0.000 0.000 0.000 0.000 0.000 0.000 0.000 0.000 0.000
0.000 0.000 2.779 0.428 2.832 2.878 2.868 2.810 2.721 2.665 2.641 2.639 2.587 2.454 1.907 0.000 0.000 0.036 0.000 0.000 0.000 0.000 0.000 0.000 0.000 1.511 1.639 0.975 0.000 0.000 0.510 1.518 1.558 1.563 1.517 1.221 1.079 1.242 1.102 1.098 1.008 0.904 0.893 0.944 0.872 0.007 0.000 0.000 0.000 0.000 0.000 0.000 0.000 0.000 0.000 0.000 0.000 0.000 0.000 0.000 0.000 0.000 0.000 0.000 0.000 0.000 0.000 0.000 0.000 0.000 0.000 0.000 0.000 0.000 0.000 0.000 0.000
0.000 0.000 2.432 2.582 0.000 2.692 2.813 2.759 2.650 2.641 2.629 2.593 2.546 2.481 2.351 2.037 0.065 0.000 0.000 0.000 0.000 0.000 0.000 0.000 0.000 0.000 1.549 0.000 0.935 0.960 1.160 1.243 1.410 1.497 1.370 0.000 1.529 1.511 1.392 1.178 1.120 1.082 1.055 0.951 0.822 0.213 0.000 0.000 0.000 0.000 0.000 0.000 0.000 0.000 0.000 0.000 0.000 0.000 0.000 0.000 0.000 0.000 0.000 0.000 0.000 0.000 0.000 0.000 0.000 0.000 0.000 0.000 0.000 0.000 0.000 0.000 0.000
3.755 2.754 2.143 0.762 0.000 2.672 2.746 2.692 2.598 2.554 2.566 2.553 2.458 2.402 2.338 2.313 2.132 1.764 0.000 0.000 0.000 0.000 0.000 0.000 0.000 0.000 1.519 0.934 1.209 0.000 0.000 1.009 1.281 1.579 1.980 1.698 1.526 1.744 1.564 1.230 1.173 1.218 1.190 1.252 1.075 0.000 0.000 0.000 0.000 0.000 0.000 0.000 0.000 0.000 0.000 0.000 0.000 0.000 0.000 0.000 0.000 0.000 0.000 0.000 0.000 0.000 0.000 0.000 0.000 0.000 0.000 0.000 0.000 0.000 0.000 0.000 0.000
1.884 2.794 2.940 0.000 0.000 2.459 2.658 2.626 2.563 2.514 2.480 2.473 2.327 2.327 2.351 2.247 2.105 2.122 1.941 1.277 0.478 0.000 0.000 0.000 0.000 0.880 1.173 0.000 0.000 0.586 0.274 1.046 1.555 1.924 1.215 0.000 0.372 1.604 1.533 1.041 0.830 1.279 0.748 0.421 0.056 0.000 0.000 0.000 0.000 0.000 0.000 0.000 0.000 0.000 0.000 0.000 0.000 0.000 0.000 0.000 0.000 0.000 0.000 0.000 0.000 0.000 0.000 0.000 0.000 0.000 0.000 0.000 0.000 0.000 0.000 0.000 0.000
2.671 0.000 3.094 0.000 0.000 0.000 2.546 2.633 2.551 2.463 2.453 2.402 2.317 2.224 2.237 2.209 2.180 2.097 2.052 2.018 1.986 1.822 1.653 1.612 0.912 0.672 0.000 0.000 0.000 0.000 0.000 1.720 1.664 1.813 1.111 0.841 1.170 1.283 1.013 0.501 0.000 0.000 0.000 0.000 0.000 0.000 0.000 0.000 0.000 0.000 0.000 0.000 0.000 0.000 0.000 0.000 0.000 0.000 0.000 0.000 0.000 0.000 0.000 0.000 0.000 0.000 0.000 0.000 0.000 0.000 0.000 0.000 0.000 0.000 0.000 0.000 0.000
0.000 0.000 2.325 1.930 0.000 0.000 2.052 2.518 2.505 2.453 2.348 2.271 2.224 2.284 2.140 2.104 2.124 2.084 2.062 1.956 1.934 1.885 1.815 1.780 1.652 1.568 1.377 0.859 0.438 0.268 0.301 0.452 0.408 0.364 0.229 0.322 0.875 1.050 1.051 0.939 0.000 0.000 0.000 0.000 0.000 0.000 0.000 0.000 0.000 0.000 1.960 1.664 0.000 0.000 0.000 0.000 0.000 0.000 0.000 0.000 0.000 0.000 0.000 0.000 0.000 0.000 0.000 0.000 0.000 0.000 0.000 0.000 0.000 0.000 0.000 0.000 0.000
4.676 2.464 3.373 2.909 0.000 0.000 0.000 2.457 2.444 2.342 2.283 2.220 2.187 2.193 2.087 2.013 2.068 2.002 1.955 1.932 1.901 1.820 1.772 1.734 1.638 1.560 1.406 1.239 0.933 0.539 1.044 1.025 0.991 0.765 0.701 1.031 0.980 0.000 0.641 1.436 2.072 1.826 0.644 0.000 0.000 0.000 0.000 0.000 0.000 0.000 1.000 0.233 0.000 0.000 0.000 0.000 0.000 0.000 0.000 0.000 0.000 0.000 0.000 0.000 0.000 0.000 0.000 0.000 0.000 0.000 0.000 0.000 0.000 0.000 0.000 0.000 0.000
5.751 5.441 4.086 3.242 2.615 0.000 0.000 1.991 2.377 2.256 2.187 2.142 2.115 2.065 2.009 1.982 1.925 1.974 1.914 1.912 1.826 1.786 1.712 1.614 1.537 1.477 1.327 1.168 1.074 1.382 1.413 1.269 1.380 1.120 0.966 0.000 0.703 0.482 0.661 1.865 1.305 0.000 0.000 0.000 0.000 0.000 0.000 0.000 0.000 1.402 1.063 1.526 0.738 0.000 0.000 0.000 0.000 0.000 0.000 0.000 0.000 0.000 0.000 0.000 0.000 0.000 0.000 0.000 0.000 0.000 0.000 0.000 0.000 0.000 0.000 0.000 0.000
5.034 5.588 4.933 3.819 3.135 0.499 0.000 0.982 2.238 2.211 2.141 2.138 2.050 2.026 1.961 1.902 1.868 1.841 1.727 1.787 1.779 1.725 1.655 1.570 1.506 1.389 1.193 1.294 0.909 1.301 1.532 1.520 1.160 0.425 0.304 0.079 1.623 2.368 0.000 2.274 2.252 1.649 0.775 0.730 0.000 0.000 0.000 0.000 0.000 0.000 1.588 2.006 1.759 1.251 0.803 0.000 0.000 0.000 0.000 0.000 0.000 0.000 0.000 0.000 0.000 0.000 0.000 0.000 0.000 0.000 0.000 0.000 0.000 0.000 0.000 0.000 0.000
3.597 4.580 5.499 4.431 3.610 2.890 0.397 0.000 1.344 1.947 2.020 2.000 1.971 2.051 1.923 1.921 1.887 1.837 1.808 1.795 1.749 1.661 1.610 1.515 1.401 1.034 0.801 0.662 1.107 0.975 1.538 1.458 0.000 0.000 0.763 1.808 2.703 2.478 1.748 1.595 0.000 0.000 0.000 0.000 1.835 2.496 0.000 0.000 0.000 0.000 0.000 0.000 1.519 1.535 0.000 0.000 0.000 0.000 0.000 0.126 1.954 0.000 0.000 0.000 0.000 0.000 0.000 0.000 0.000 0.000 0.000 0.000 0.000 0.000 0.000 0.000 0.000
0.000 0.000 3.884 5.306 4.230 3.511 2.718 0.000 0.000 0.000 0.000 0.000 0.000 1.694 1.416 1.694 1.815 1.744 1.731 1.706 1.670 1.619 1.588 1.549 1.220 0.000 0.000 0.000 1.182 1.601 1.472 0.000 0.616 1.984 1.026 0.149 0.000 1.526 3.594 4.206 4.096 3.992 4.130 4.188 3.720 4.131 4.040 3.971 1.770 0.000 0.000 0.000 0.000 1.675 1.117 0.186 0.000 1.194 0.375 0.000 2.806 0.000 0.000 0.000 0.000 0.000 0.000 0.000 0.000 0.000 0.000 0.000 0.000 0.000 0.000 0.000 0.000
2.047 0.000 0.000 3.775 5.213 4.920 3.672 2.979 1.840 0.000 0.000 0.000 0.000 0.000 0.000 0.000 1.545 0.617 1.313 0.000 1.546 1.566 1.558 1.589 0.676 0.000 0.000 1.269 1.635 1.248 0.000 2.338 3.591 0.000 3.242 3.687 4.082 4.260 4.371 4.308 4.246 4.217 4.157 4.062 4.248 4.107 4.117 4.209 4.218 4.362 3.214 0.000 0.000 0.000 0.000 3.238 2.277 0.322 0.000 1.064 1.515 2.351 0.448 0.000 0.000 1.714 0.349 0.008 0.001 0.000 1.943 0.361 0.767 0.639 0.098 0.000 0.000
2.095 0.000 0.000 0.000 4.400 5.410 5.067 3.912 3.208 2.851 2.028 1.921 0.000 0.000 0.000 1.979 1.752 1.401 1.504 0.000 0.662 0.724 0.000 1.756 0.000 0.000 0.809 2.154 0.000 0.000 0.000 2.897 3.651 4.136 4.412 4.441 4.399 4.329 3.950 3.679 3.577 3.572 3.616 3.444 3.548 3.612 3.766 3.784 3.649 4.213 4.286 3.848 0.399 0.499 0.000 0.713 3.175 2.608 0.578 0.555 1.405 2.292 0.000 0.000 2.506 2.586 0.424 0.038 0.000 0.632 0.868 0.787 0.172 0.000 1.336 1.161 0.000
1.925 0.001 0.000 0.000 2.644 4.909 5.286 5.230 3.995 3.899 3.340 2.679 0.000 0.420 0.161 1.825 1.539 0.000 1.679 1.035 1.255 1.140 0.482 2.332 2.254 2.096 2.480 0.737 0.000 0.000 0.224 2.375 3.972 4.345 4.427 4.015 3.880 3.586 3.165 2.762 2.252 1.893 1.760 1.918 1.857 2.016 2.228 2.379 2.809 2.213 3.466 4.251 4.501 4.579 4.054 1.523 0.000 1.446 2.631 2.908 2.841 2.711 2.315 1.639 2.494 2.537 2.439 2.187 0.273 0.000 0.645 0.626 0.633 0.000 0.000 0.451 0.503
3.020 1.960 2.273 0.533 0.000 0.000 4.161 4.926 5.280 5.336 4.686 4.054 0.000 1.308 0.891 0.000 0.541 0.000 0.000 0.000 1.357 0.000 2.972 3.195 2.994 2.954 3.845 3.735 2.087 0.449 2.320 3.308 2.338 2.969 3.730 3.199 2.759 2.283 2.118 1.835 1.676 1.344 1.430 0.952 1.146 1.267 1.511 1.313 1.194 1.508 0.000 0.000 1.003 3.928 4.870 4.881 3.987 3.162 0.000 2.443 2.933 3.004 2.955 2.665 2.532 2.534 2.508 2.490 2.189 1.845 1.212 1.386 0.181 0.000 0.852 0.239 0.180
3.274 3.097 2.046 0.000 0.000 0.000 0.000 0.000 2.040 3.837 5.259 5.057 4.440 4.109 3.942 3.648 3.324 2.770 0.000 0.000 0.000 3.306 4.084 4.243 4.185 4.097 4.435 4.367 4.313 3.958 3.144 3.496 3.424 2.853 2.678 2.433 2.166 1.896 1.734 1.632 1.745 1.580 0.725 1.258 1.007 1.414 0.884 0.829 0.290 0.000 0.000 0.000 2.043 0.311 2.382 4.887 3.526 4.922 3.756 0.516 0.830 2.896 2.921 2.796 2.764 2.435 1.720 2.322 2.298 2.257 1.960 1.667 1.693 1.573 1.574 1.465 1.384
3.324 3.248 3.098 2.406 1.265 0.000 0.000 0.000 0.000 0.511 4.333 5.238 5.273 5.206 4.999 4.730 4.557 4.476 4.140 4.034 4.149 4.442 4.585 4.552 4.268 4.345 4.179 4.156 4.199 3.918 3.704 3.142 2.962 2.543 2.407 2.267 1.758 1.365 0.388 1.672 1.391 1.527 1.331 1.393 1.134 1.385 1.280 1.267 0.792 0.000 0.000 0.000 2.639 1.362 0.036 0.255 3.052 4.697 5.234 4.958 3.720 2.926 0.000 0.000 2.580 2.468 2.634 2.195 1.836 1.812 0.470 0.000 1.952 1.393 1.533 1.612 1.310
3.412 3.284 3.084 3.036 2.886 1.664 0.000 0.000 0.000 0.000 2.749 4.002 4.514 4.907 4.750 4.613 4.742 4.857 5.045 5.025 4.765 4.921 4.608 2.410 2.533 1.285 2.664 2.748 3.509 3.195 2.813 2.479 2.518 2.459 2.157 1.942 1.406 0.000 1.352 1.689 1.671 1.524 1.556 1.459 1.339 1.384 1.353 1.368 1.378 1.101 0.472 0.000 0.909 2.258 1.750 0.888 0.000 0.000 3.810 4.923 5.196 4.795 0.000 0.000 3.462 2.764 3.112 1.833 0.000 0.000 0.000 0.000 0.000 0.000 0.617 0.000 0.000
