LISFLOOD_FP/multi_tiles/Results/MULTIPLE_TILES_Monte_Carlo_LISFLOOD/version_1/4_LISFLOOD_FP/combined_output/combined_angle_0_x_0_y_0/out-0007.elev
ncols         192
nrows         192
xllcorner     1771145.000000
yllcorner     5471774.000000
cellsize      10.000000
NODATA_value  -9999.000000
[rows 108 to 134 of 192, columns 61 to 121 of 192]
-9999.000 11.714 11.716 11.713 11.715 11.717 -9999.000 -9999.000 -9999.000 11.693 11.721 11.715 -9999.000 -9999.000 -9999.000 11.001 10.972 10.948 -9999.000 -9999.000 -9999.000 11.075 11.076 11.079 -9999.000 -9999.000 -9999.000 -9999.000 -9999.000 -9999.000 -9999.000 -9999.000 -9999.000 -9999.000 -9999.000 -9999.000 -9999.000 -9999.000 -9999.000 10.620 -9999.000 -9999.000 -9999.000 10.616 -9999.000 -9999.000 -9999.000 -9999.000 -9999.000 -9999.000 11.940 11.942 11.943 11.944 11.943 -9999.000 -9999.000 -9999.000 -9999.000 -9999.000 -9999.000
11.715 11.720 11.715 11.716 11.718 11.722 11.722 -9999.000 -9999.000 11.731 11.756 11.758 -9999.000 -9999.000 10.931 11.041 11.030 11.043 11.059 -9999.000 -9999.000 11.087 11.087 11.090 11.098 -9999.000 -9999.000 -9999.000 -9999.000 -9999.000 -9999.000 -9999.000 -9999.000 -9999.000 -9999.000 10.612 10.631 10.686 10.743 10.730 -9999.000 -9999.000 -9999.000 -9999.000 -9999.000 -9999.000 -9999.000 -9999.000 -9999.000 -9999.000 11.948 11.950 11.950 11.950 11.951 11.943 -9999.000 -9999.000 -9999.000 -9999.000 -9999.000
11.714 11.720 11.711 11.719 11.720 11.727 11.736 11.743 -9999.000 11.758 11.790 11.800 -9999.000 -9999.000 10.921 11.056 11.053 11.064 11.075 11.090 11.096 11.095 11.096 11.098 11.102 -9999.000 -9999.000 -9999.000 -9999.000 -9999.000 -9999.000 -9999.000 -9999.000 -9999.000 -9999.000 -9999.000 10.646 10.704 10.747 10.751 -9999.000 -9999.000 -9999.000 -9999.000 -9999.000 -9999.000 -9999.000 -9999.000 -9999.000 -9999.000 11.953 11.953 11.954 11.954 11.954 -9999.000 -9999.000 -9999.000 -9999.000 -9999.000 -9999.000
-9999.000 11.715 11.718 11.719 11.724 11.731 11.745 11.752 11.755 11.774 11.806 11.813 -9999.000 -9999.000 -9999.000 11.068 11.065 11.075 11.085 11.095 11.100 11.101 11.103 11.105 11.108 11.112 -9999.000 -9999.000 -9999.000 -9999.000 -9999.000 -9999.000 -9999.000 -9999.000 -9999.000 -9999.000 -9999.000 -9999.000 -9999.000 10.758 -9999.000 -9999.000 -9999.000 -9999.000 -9999.000 11.523 11.522 11.520 -9999.000 11.953 11.954 11.955 11.956 11.956 11.958 11.960 11.961 -9999.000 -9999.000 -9999.000 -9999.000
-9999.000 11.716 11.717 11.720 11.722 11.732 11.750 11.754 11.756 11.784 11.818 11.832 -9999.000 -9999.000 -9999.000 11.087 11.086 11.087 11.091 11.101 11.105 11.107 11.109 11.111 11.113 11.115 -9999.000 -9999.000 -9999.000 -9999.000 -9999.000 -9999.000 -9999.000 -9999.000 -9999.000 -9999.000 -9999.000 -9999.000 10.797 10.790 10.880 -9999.000 -9999.000 -9999.000 -9999.000 11.522 11.524 11.527 11.856 11.952 11.955 11.956 11.957 11.958 11.959 11.961 11.962 11.962 -9999.000 -9999.000 -9999.000
-9999.000 -9999.000 -9999.000 11.721 11.723 11.735 11.752 11.755 11.756 11.793 11.850 11.874 11.770 11.132 11.132 11.107 11.102 11.101 11.111 11.111 11.112 11.113 11.115 11.116 11.118 11.120 11.127 -9999.000 -9999.000 -9999.000 -9999.000 -9999.000 -9999.000 -9999.000 -9999.000 -9999.000 -9999.000 -9999.000 10.800 -9999.000 10.939 10.949 -9999.000 -9999.000 -9999.000 -9999.000 -9999.000 -9999.000 -9999.000 11.959 11.958 11.959 11.959 11.960 11.961 11.963 11.965 11.964 -9999.000 -9999.000 -9999.000
-9999.000 -9999.000 -9999.000 11.721 11.721 -9999.000 11.754 11.756 11.756 11.811 11.897 11.922 -9999.000 -9999.000 11.135 11.131 11.115 11.115 11.120 11.119 11.119 11.120 11.121 11.122 11.124 11.126 11.130 -9999.000 -9999.000 -9999.000 -9999.000 -9999.000 -9999.000 -9999.000 -9999.000 -9999.000 -9999.000 -9999.000 10.838 10.899 10.942 10.963 -9999.000 -9999.000 -9999.000 -9999.000 -9999.000 -9999.000 -9999.000 11.961 11.961 11.961 11.961 11.962 11.964 11.966 11.968 11.970 11.972 11.972 11.964
-9999.000 -9999.000 -9999.000 11.721 -9999.000 -9999.000 -9999.000 -9999.000 11.748 12.027 11.967 11.980 -9999.000 -9999.000 11.369 11.154 11.123 11.122 11.125 11.124 11.125 11.125 11.126 11.127 11.129 11.131 11.134 11.137 11.071 -9999.000 -9999.000 -9999.000 -9999.000 -9999.000 -9999.000 -9999.000 -9999.000 -9999.000 -9999.000 -9999.000 -9999.000 11.030 11.047 11.056 -9999.000 -9999.000 -9999.000 -9999.000 -9999.000 -9999.000 11.962 11.962 11.962 11.964 11.967 11.969 11.970 11.972 11.973 11.974 11.937
-9999.000 -9999.000 -9999.000 -9999.000 -9999.000 -9999.000 -9999.000 12.132 -9999.000 12.084 12.018 12.035 12.040 -9999.000 11.559 11.257 -9999.000 11.129 11.141 11.134 11.131 11.131 11.131 11.132 11.133 11.135 11.137 11.140 11.143 -9999.000 -9999.000 -9999.000 -9999.000 -9999.000 -9999.000 -9999.000 -9999.000 -9999.000 -9999.000 -9999.000 -9999.000 11.054 11.059 11.064 -9999.000 -9999.000 11.964 11.965 11.965 11.965 11.965 11.964 -9999.000 11.971 11.972 11.973 11.973 11.974 11.975 11.976 -9999.000
-9999.000 -9999.000 -9999.000 -9999.000 -9999.000 -9999.000 -9999.000 12.132 12.132 12.129 12.076 12.081 12.098 -9999.000 11.801 11.562 -9999.000 -9999.000 11.224 11.155 11.138 11.136 11.136 11.136 11.137 11.139 11.141 11.143 11.146 11.150 -9999.000 -9999.000 -9999.000 -9999.000 -9999.000 -9999.000 -9999.000 -9999.000 -9999.000 -9999.000 -9999.000 11.068 11.069 11.066 -9999.000 11.964 11.964 11.965 11.965 11.966 11.966 11.968 11.973 11.976 11.976 11.977 11.977 11.977 11.978 11.979 11.980
-9999.000 -9999.000 -9999.000 -9999.000 -9999.000 -9999.000 -9999.000 -9999.000 12.134 12.135 12.134 12.121 12.101 12.076 11.830 -9999.000 -9999.000 -9999.000 11.412 11.557 11.138 11.138 11.139 11.139 11.140 11.142 11.144 11.147 11.149 11.153 11.158 -9999.000 -9999.000 -9999.000 -9999.000 -9999.000 -9999.000 -9999.000 -9999.000 -9999.000 -9999.000 11.073 11.078 11.067 -9999.000 -9999.000 11.926 11.964 11.965 11.966 11.967 11.969 11.979 11.983 11.984 11.984 11.983 11.982 11.982 11.982 11.982
-9999.000 -9999.000 -9999.000 -9999.000 -9999.000 -9999.000 -9999.000 -9999.000 -9999.000 12.138 12.142 12.140 -9999.000 -9999.000 11.870 11.897 -9999.000 -9999.000 11.598 11.601 -9999.000 11.141 11.141 11.142 11.143 11.145 11.147 11.150 11.153 11.157 11.163 11.168 -9999.000 -9999.000 -9999.000 -9999.000 -9999.000 -9999.000 -9999.000 -9999.000 -9999.000 -9999.000 11.101 -9999.000 11.738 11.853 11.926 11.959 11.966 11.968 11.969 -9999.000 11.991 11.994 11.996 11.992 11.988 11.986 11.985 11.984 11.983
-9999.000 -9999.000 -9999.000 -9999.000 -9999.000 -9999.000 -9999.000 -9999.000 -9999.000 12.141 12.156 12.156 -9999.000 -9999.000 11.904 11.919 11.916 11.910 11.846 11.659 -9999.000 11.143 11.144 11.145 11.146 11.148 11.150 11.153 11.157 11.161 11.167 11.175 11.186 11.193 -9999.000 -9999.000 -9999.000 -9999.000 -9999.000 -9999.000 -9999.000 -9999.000 11.129 11.449 11.573 -9999.000 -9999.000 11.967 11.969 11.970 11.973 11.980 11.991 12.004 12.006 11.998 11.991 11.988 11.986 11.985 11.984
-9999.000 -9999.000 -9999.000 -9999.000 -9999.000 -9999.000 -9999.000 -9999.000 -9999.000 12.165 12.172 12.171 -9999.000 -9999.000 11.918 11.931 11.923 11.915 11.917 -9999.000 -9999.000 11.144 11.146 11.147 11.149 11.151 11.153 11.156 11.160 11.166 11.172 11.180 11.191 11.203 11.217 11.228 -9999.000 -9999.000 -9999.000 -9999.000 -9999.000 11.093 11.127 -9999.000 -9999.000 -9999.000 -9999.000 11.969 11.970 11.971 11.973 -9999.000 -9999.000 12.028 12.025 12.015 11.996 11.989 11.988 -9999.000 -9999.000
-9999.000 -9999.000 -9999.000 -9999.000 -9999.000 -9999.000 -9999.000 -9999.000 -9999.000 12.195 12.186 12.184 -9999.000 -9999.000 11.962 11.953 11.937 -9999.000 11.945 -9999.000 -9999.000 -9999.000 11.148 11.150 11.151 11.154 11.156 11.159 11.164 11.170 11.177 11.186 11.197 11.211 11.229 11.253 11.276 11.297 11.317 11.328 11.339 11.320 -9999.000 -9999.000 -9999.000 -9999.000 -9999.000 11.970 11.970 11.971 11.977 12.050 12.103 12.098 12.139 12.353 -9999.000 -9999.000 -9999.000 -9999.000 -9999.000
-9999.000 -9999.000 -9999.000 -9999.000 -9999.000 -9999.000 12.220 -9999.000 12.210 12.204 12.197 12.196 -9999.000 -9999.000 11.979 11.981 -9999.000 -9999.000 12.013 12.037 -9999.000 -9999.000 11.150 11.153 11.154 11.156 11.159 11.162 11.167 11.173 11.181 11.192 11.204 11.218 11.236 11.259 11.281 11.302 11.324 11.341 11.367 11.386 11.402 11.432 -9999.000 -9999.000 -9999.000 11.923 -9999.000 -9999.000 -9999.000 -9999.000 12.168 12.175 12.265 12.508 -9999.000 -9999.000 -9999.000 -9999.000 -9999.000
-9999.000 -9999.000 -9999.000 -9999.000 -9999.000 12.220 12.220 -9999.000 12.216 12.214 12.209 12.207 12.217 -9999.000 -9999.000 12.011 12.033 12.044 12.047 12.050 -9999.000 -9999.000 -9999.000 11.155 11.156 11.158 11.161 11.165 11.170 11.176 11.185 11.197 11.210 11.226 11.244 11.266 11.288 11.311 11.333 11.352 11.374 11.393 11.417 11.473 11.582 11.775 11.812 11.817 11.827 11.897 12.025 12.157 12.210 -9999.000 12.590 12.680 12.695 12.695 12.695 -9999.000 -9999.000
-9999.000 -9999.000 -9999.000 -9999.000 -9999.000 12.220 12.220 12.219 12.218 12.216 12.215 12.214 12.218 -9999.000 -9999.000 12.035 12.046 12.051 12.054 12.059 12.067 -9999.000 -9999.000 11.157 11.159 11.160 11.163 11.167 11.173 11.180 11.190 11.202 11.217 11.232 11.252 11.273 11.298 11.322 11.346 11.369 11.389 11.405 11.437 11.513 11.668 11.783 11.805 11.814 11.824 11.856 11.900 -9999.000 12.642 12.733 12.652 12.710 12.709 -9999.000 -9999.000 -9999.000 -9999.000
-9999.000 -9999.000 -9999.000 -9999.000 -9999.000 12.221 12.220 12.220 12.219 12.218 12.218 12.218 12.219 -9999.000 -9999.000 12.042 12.050 12.053 12.059 12.067 12.074 12.067 -9999.000 11.157 11.161 11.162 11.165 11.169 11.175 11.183 11.194 11.207 11.223 11.239 11.261 11.285 11.311 11.339 11.367 11.393 11.406 11.417 11.461 11.520 11.733 11.795 11.810 11.814 11.819 12.062 12.609 -9999.000 12.792 12.796 -9999.000 12.725 12.722 12.722 12.722 12.722 -9999.000
-9999.000 -9999.000 -9999.000 12.222 12.222 12.221 12.221 12.220 12.219 12.219 12.219 12.220 12.220 -9999.000 -9999.000 11.972 12.054 12.057 12.065 12.077 12.089 12.103 12.042 -9999.000 11.162 11.164 11.166 11.170 11.176 11.186 11.197 11.212 11.230 11.246 11.268 11.294 11.327 11.365 11.402 11.438 11.432 11.434 11.507 11.687 11.804 11.813 11.815 11.814 -9999.000 -9999.000 12.764 12.795 12.796 12.798 12.804 12.790 -9999.000 -9999.000 -9999.000 -9999.000 13.002
-9999.000 -9999.000 12.223 12.223 12.222 12.222 12.222 12.222 12.220 12.220 12.221 12.221 12.222 12.223 12.224 -9999.000 -9999.000 -9999.000 12.078 12.090 12.104 12.116 12.128 -9999.000 -9999.000 -9999.000 -9999.000 -9999.000 -9999.000 11.192 11.203 11.221 11.239 11.252 11.274 11.303 11.355 11.401 11.457 11.533 11.468 -9999.000 -9999.000 -9999.000 11.840 11.832 11.823 -9999.000 12.750 12.759 12.760 -9999.000 -9999.000 12.811 12.828 12.843 12.865 12.891 12.919 12.946 12.982
-9999.000 -9999.000 12.223 12.223 12.223 12.223 12.223 12.222 -9999.000 -9999.000 12.222 12.223 12.223 12.224 12.224 12.225 12.225 -9999.000 -9999.000 12.105 12.121 12.130 12.139 12.150 12.156 -9999.000 -9999.000 -9999.000 -9999.000 -9999.000 -9999.000 -9999.000 11.258 -9999.000 11.281 -9999.000 11.403 11.439 11.530 11.749 11.571 -9999.000 -9999.000 12.002 11.889 11.862 -9999.000 12.728 12.730 -9999.000 12.761 12.768 12.781 12.797 12.819 12.840 12.864 12.890 12.918 12.948 12.981
-9999.000 -9999.000 -9999.000 -9999.000 12.223 12.224 12.223 12.223 12.224 12.224 12.224 12.224 12.224 12.224 12.225 12.225 12.225 -9999.000 -9999.000 -9999.000 12.132 12.140 12.147 12.157 12.169 12.180 12.192 12.198 -9999.000 -9999.000 -9999.000 11.275 11.274 11.279 11.283 -9999.000 -9999.000 11.375 -9999.000 12.132 -9999.000 -9999.000 12.335 12.086 -9999.000 -9999.000 -9999.000 12.726 12.730 12.738 12.750 12.762 12.776 12.792 12.812 12.835 12.860 12.888 12.916 12.948 12.982
-9999.000 -9999.000 -9999.000 -9999.000 12.224 12.224 12.224 12.224 12.225 12.225 12.225 12.225 12.225 12.225 12.225 12.226 12.226 -9999.000 -9999.000 -9999.000 12.139 12.145 12.154 12.162 12.175 12.186 12.198 12.204 -9999.000 12.254 -9999.000 11.276 11.278 -9999.000 11.289 11.357 11.405 11.432 12.244 12.365 12.406 12.426 12.436 12.342 -9999.000 -9999.000 -9999.000 12.710 12.728 12.735 12.744 12.756 12.770 12.786 12.804 12.823 12.844 12.872 12.904 12.944 12.979
-9999.000 -9999.000 -9999.000 12.224 12.225 12.225 12.225 12.225 12.225 12.225 12.225 12.225 12.225 12.225 12.226 12.226 12.227 12.227 12.227 12.227 -9999.000 -9999.000 12.162 12.168 12.181 12.194 12.208 12.216 -9999.000 12.254 12.254 -9999.000 12.044 -9999.000 -9999.000 -9999.000 11.404 -9999.000 12.399 12.401 12.417 12.435 12.454 12.466 12.478 12.560 12.625 12.654 12.691 12.717 12.734 12.745 12.758 12.776 12.795 12.814 12.830 12.854 12.885 12.921 12.962
12.207 12.188 -9999.000 -9999.000 12.225 12.225 12.225 12.225 12.225 12.225 12.225 12.225 12.226 12.226 12.226 12.227 12.227 12.227 12.228 -9999.000 -9999.000 -9999.000 -9999.000 -9999.000 12.201 12.207 12.222 12.232 12.244 12.253 12.261 12.270 12.278 12.285 -9999.000 -9999.000 -9999.000 12.390 12.397 12.406 12.420 12.439 12.460 12.479 12.505 12.535 12.587 12.632 12.654 12.688 12.710 12.726 12.745 12.766 12.791 12.812 12.825 12.836 12.873 12.904 12.940
12.209 -9999.000 12.224 12.225 12.225 12.225 12.225 12.225 12.225 12.225 12.226 12.226 12.226 12.226 12.227 12.227 12.227 12.228 12.228 12.229 12.230 -9999.000 -9999.000 -9999.000 -9999.000 12.189 12.234 12.240 12.247 12.254 12.262 12.273 12.284 12.299 12.320 12.339 12.359 12.378 12.391 12.404 12.420 12.440 12.464 12.486 12.511 12.538 12.573 12.615 12.640 12.667 12.690 12.707 12.726 12.745 12.805 12.813 12.822 12.835 12.857 12.886 12.924
