LISFLOOD_FP/multi_tiles/Results/MULTIPLE_TILES_Monte_Carlo_LISFLOOD/version_1/4_LISFLOOD_FP/combined_output/combined_angle_0_x_0_y_0/out-0006.elev
ncols         192
nrows         192
xllcorner     1771145.000000
yllcorner     5471774.000000
cellsize      10.000000
NODATA_value  -9999.000000
[rows 108 to 134 of 192, columns 60 to 119 of 192]
-9999.000 -9999.000 11.566 11.563 11.563 11.562 11.503 -9999.000 -9999.000 -9999.000 11.556 11.595 11.590 -9999.000 -9999.000 -9999.000 10.655 10.621 -9999.000 -9999.000 -9999.000 -9999.000 10.738 10.739 10.742 -9999.000 -9999.000 -9999.000 -9999.000 -9999.000 -9999.000 -9999.000 -9999.000 -9999.000 -9999.000 -9999.000 -9999.000 -9999.000 -9999.000 -9999.000 -9999.000 -9999.000 -9999.000 -9999.000 -9999.000 -9999.000 -9999.000 -9999.000 -9999.000 -9999.000 -9999.000 11.690 11.712 11.726 11.740 11.742 -9999.000 -9999.000 -9999.000 -9999.000
-9999.000 11.560 11.559 11.564 11.562 11.564 11.570 -9999.000 -9999.000 -9999.000 11.592 11.629 11.631 -9999.000 -9999.000 -9999.000 10.696 10.683 10.696 10.713 -9999.000 -9999.000 10.748 10.748 10.750 10.758 -9999.000 -9999.000 -9999.000 -9999.000 -9999.000 -9999.000 -9999.000 -9999.000 -9999.000 -9999.000 -9999.000 -9999.000 -9999.000 -9999.000 -9999.000 -9999.000 -9999.000 -9999.000 -9999.000 -9999.000 -9999.000 -9999.000 -9999.000 -9999.000 -9999.000 11.743 11.757 11.763 11.764 11.769 -9999.000 -9999.000 -9999.000 -9999.000
-9999.000 11.568 11.561 11.569 11.566 11.569 11.576 11.586 11.594 -9999.000 11.618 11.662 11.671 -9999.000 -9999.000 -9999.000 10.711 10.708 10.719 10.731 10.748 10.755 10.755 10.756 10.758 10.761 -9999.000 -9999.000 -9999.000 -9999.000 -9999.000 -9999.000 -9999.000 -9999.000 -9999.000 -9999.000 -9999.000 -9999.000 -9999.000 -9999.000 9.717 -9999.000 -9999.000 -9999.000 -9999.000 -9999.000 -9999.000 -9999.000 -9999.000 -9999.000 -9999.000 11.772 11.771 11.773 11.774 11.775 -9999.000 -9999.000 -9999.000 -9999.000
-9999.000 -9999.000 11.570 11.558 11.569 11.573 11.581 11.597 11.606 11.609 11.636 11.677 11.684 -9999.000 -9999.000 -9999.000 10.724 10.720 10.730 10.742 10.753 10.759 10.760 10.761 10.763 10.766 10.770 -9999.000 -9999.000 -9999.000 -9999.000 -9999.000 -9999.000 -9999.000 -9999.000 -9999.000 -9999.000 -9999.000 -9999.000 -9999.000 9.881 -9999.000 -9999.000 -9999.000 -9999.000 -9999.000 -9999.000 10.837 -9999.000 -9999.000 11.778 11.777 11.777 11.779 11.780 11.783 11.786 11.788 -9999.000 -9999.000
-9999.000 -9999.000 11.565 11.567 11.570 11.570 11.576 11.603 11.608 11.609 11.647 11.688 11.702 -9999.000 -9999.000 -9999.000 10.746 10.742 10.744 10.748 10.759 10.763 10.765 10.767 10.769 10.770 10.773 -9999.000 -9999.000 -9999.000 -9999.000 -9999.000 -9999.000 -9999.000 -9999.000 -9999.000 -9999.000 -9999.000 -9999.000 -9999.000 10.313 10.596 -9999.000 -9999.000 -9999.000 -9999.000 -9999.000 10.890 10.956 11.714 11.778 11.780 11.781 11.782 11.783 11.786 11.789 11.792 -9999.000 -9999.000
-9999.000 -9999.000 -9999.000 -9999.000 11.577 11.570 11.580 11.606 11.609 11.609 11.656 11.718 11.743 -9999.000 10.797 10.797 10.767 10.761 10.759 -9999.000 10.770 10.771 10.771 10.772 10.774 10.775 10.777 10.781 -9999.000 -9999.000 -9999.000 -9999.000 -9999.000 -9999.000 -9999.000 -9999.000 -9999.000 -9999.000 -9999.000 -9999.000 -9999.000 10.680 10.689 -9999.000 -9999.000 -9999.000 -9999.000 -9999.000 -9999.000 -9999.000 -9999.000 11.786 11.786 11.786 11.787 11.790 11.794 11.797 -9999.000 -9999.000
-9999.000 -9999.000 -9999.000 -9999.000 11.581 11.543 -9999.000 11.607 11.609 11.610 -9999.000 11.763 11.788 -9999.000 -9999.000 10.800 10.796 10.774 10.774 10.780 10.777 10.777 10.777 10.778 10.779 10.780 10.782 10.786 -9999.000 -9999.000 -9999.000 -9999.000 -9999.000 -9999.000 -9999.000 -9999.000 -9999.000 -9999.000 -9999.000 -9999.000 -9999.000 10.683 10.711 -9999.000 -9999.000 -9999.000 -9999.000 -9999.000 -9999.000 -9999.000 11.792 11.792 11.791 11.791 11.792 11.796 11.800 11.803 11.807 11.811
-9999.000 -9999.000 -9999.000 -9999.000 -9999.000 -9999.000 -9999.000 -9999.000 -9999.000 -9999.000 -9999.000 11.829 11.844 -9999.000 -9999.000 11.176 10.825 10.785 10.782 10.787 10.782 10.783 10.783 10.783 10.784 10.785 10.787 10.790 10.792 -9999.000 -9999.000 -9999.000 -9999.000 -9999.000 -9999.000 -9999.000 -9999.000 -9999.000 -9999.000 -9999.000 -9999.000 -9999.000 10.804 10.825 10.813 -9999.000 -9999.000 -9999.000 -9999.000 -9999.000 -9999.000 11.795 11.795 11.793 11.796 11.802 11.805 11.807 11.810 11.814
-9999.000 -9999.000 -9999.000 -9999.000 -9999.000 -9999.000 -9999.000 -9999.000 -9999.000 -9999.000 11.944 11.876 11.896 -9999.000 -9999.000 11.389 10.962 -9999.000 10.793 10.810 10.794 10.789 10.788 10.788 10.788 10.789 10.791 10.793 10.795 10.798 -9999.000 -9999.000 -9999.000 -9999.000 -9999.000 -9999.000 -9999.000 -9999.000 -9999.000 -9999.000 -9999.000 -9999.000 10.842 10.849 10.859 -9999.000 -9999.000 -9999.000 11.804 11.804 11.803 11.801 11.799 -9999.000 11.809 11.811 11.812 11.813 11.814 11.817
-9999.000 -9999.000 -9999.000 -9999.000 -9999.000 -9999.000 -9999.000 -9999.000 11.990 11.990 11.988 11.919 11.940 11.959 -9999.000 11.655 11.381 -9999.000 -9999.000 10.933 10.828 10.797 10.793 10.792 10.792 10.793 10.794 10.796 10.798 10.800 10.804 -9999.000 -9999.000 -9999.000 -9999.000 -9999.000 -9999.000 -9999.000 -9999.000 -9999.000 -9999.000 -9999.000 10.862 10.864 10.861 -9999.000 11.804 11.804 11.804 11.804 11.804 11.804 11.806 11.813 11.817 11.818 11.819 11.819 11.819 11.822
-9999.000 -9999.000 -9999.000 -9999.000 -9999.000 -9999.000 -9999.000 -9999.000 -9999.000 11.991 11.992 11.991 11.979 11.961 11.941 11.683 -9999.000 -9999.000 -9999.000 11.174 -9999.000 10.796 10.795 10.795 10.795 10.796 10.797 10.799 10.801 10.804 10.808 10.812 -9999.000 -9999.000 -9999.000 -9999.000 -9999.000 -9999.000 -9999.000 -9999.000 -9999.000 -9999.000 10.868 10.873 -9999.000 -9999.000 -9999.000 -9999.000 11.804 11.805 11.806 11.806 11.808 11.823 11.829 11.831 11.830 11.829 11.828 11.828
-9999.000 -9999.000 -9999.000 -9999.000 -9999.000 -9999.000 -9999.000 -9999.000 -9999.000 -9999.000 11.994 11.999 11.997 -9999.000 -9999.000 11.721 11.749 -9999.000 -9999.000 11.397 11.398 -9999.000 10.797 10.797 10.798 10.799 10.800 10.802 10.804 10.807 10.812 10.818 10.824 -9999.000 -9999.000 -9999.000 -9999.000 -9999.000 -9999.000 -9999.000 -9999.000 -9999.000 -9999.000 10.892 -9999.000 11.605 11.713 11.777 11.801 11.806 11.808 11.810 -9999.000 11.842 11.846 11.848 11.842 11.838 11.835 11.834
-9999.000 -9999.000 -9999.000 -9999.000 -9999.000 -9999.000 -9999.000 -9999.000 -9999.000 -9999.000 11.997 12.012 12.011 -9999.000 -9999.000 11.756 11.772 11.768 11.761 11.689 11.486 -9999.000 10.798 10.799 10.800 10.801 10.802 10.804 10.807 10.811 10.816 10.823 10.832 10.845 10.855 -9999.000 -9999.000 -9999.000 -9999.000 -9999.000 -9999.000 -9999.000 -9999.000 10.919 11.326 11.440 -9999.000 -9999.000 11.809 11.811 11.813 11.817 11.826 11.842 11.858 11.861 11.850 11.841 11.837 11.835
-9999.000 -9999.000 -9999.000 -9999.000 -9999.000 -9999.000 -9999.000 -9999.000 -9999.000 -9999.000 12.011 12.026 12.025 -9999.000 -9999.000 11.770 11.784 11.775 11.765 11.767 -9999.000 -9999.000 10.799 10.800 10.802 10.803 10.805 10.807 10.810 10.815 10.821 10.828 10.838 10.853 10.870 10.887 10.902 -9999.000 -9999.000 -9999.000 -9999.000 -9999.000 -9999.000 10.911 -9999.000 -9999.000 -9999.000 -9999.000 11.812 11.813 11.813 11.816 -9999.000 -9999.000 11.885 11.882 11.872 11.847 11.838 11.837
-9999.000 -9999.000 -9999.000 -9999.000 -9999.000 -9999.000 -9999.000 -9999.000 -9999.000 -9999.000 12.047 12.038 12.037 -9999.000 -9999.000 11.822 11.807 11.790 -9999.000 11.794 -9999.000 -9999.000 -9999.000 10.803 10.804 10.805 10.807 10.810 10.813 10.818 10.825 10.834 10.846 10.862 10.881 10.907 10.946 10.976 11.006 11.035 11.050 -9999.000 -9999.000 -9999.000 -9999.000 -9999.000 -9999.000 -9999.000 11.813 11.813 11.813 11.820 11.920 11.980 11.971 12.025 12.287 -9999.000 -9999.000 -9999.000
-9999.000 -9999.000 -9999.000 -9999.000 -9999.000 -9999.000 -9999.000 12.069 -9999.000 12.061 12.055 12.049 12.048 -9999.000 -9999.000 11.833 11.834 -9999.000 -9999.000 11.865 11.890 -9999.000 -9999.000 10.804 10.806 10.808 10.810 10.812 10.816 10.822 10.829 10.839 10.853 10.870 10.892 10.918 10.953 10.984 11.015 11.046 11.070 11.105 11.127 11.146 -9999.000 -9999.000 -9999.000 -9999.000 -9999.000 -9999.000 -9999.000 -9999.000 -9999.000 12.060 12.067 12.166 12.435 -9999.000 -9999.000 -9999.000
-9999.000 -9999.000 -9999.000 -9999.000 -9999.000 -9999.000 12.070 12.070 -9999.000 12.066 12.065 12.060 12.058 12.068 -9999.000 -9999.000 11.864 11.885 11.897 11.900 11.904 -9999.000 -9999.000 -9999.000 10.809 10.810 10.812 10.815 10.819 10.825 10.833 10.844 10.861 10.879 10.902 10.930 10.963 10.995 11.029 11.060 11.086 11.115 11.136 11.169 11.252 11.414 -9999.000 11.657 11.660 11.671 11.779 11.933 12.063 12.108 -9999.000 12.510 12.601 12.614 12.614 12.614
-9999.000 -9999.000 -9999.000 -9999.000 -9999.000 -9999.000 12.070 12.070 12.070 12.068 12.067 12.065 12.065 12.068 -9999.000 -9999.000 11.888 11.899 11.904 11.907 11.913 11.921 -9999.000 -9999.000 10.810 10.812 10.814 10.817 10.822 10.828 10.837 10.850 10.867 10.888 10.911 10.941 10.975 11.012 11.048 11.083 11.115 11.138 11.156 11.200 11.315 11.515 11.632 11.650 11.658 11.666 11.697 11.750 -9999.000 12.556 12.649 12.564 12.627 12.626 -9999.000 -9999.000
-9999.000 -9999.000 -9999.000 -9999.000 -9999.000 -9999.000 12.071 12.070 12.070 12.069 12.068 12.068 12.068 12.069 -9999.000 -9999.000 11.895 11.903 11.907 11.913 11.921 11.928 -9999.000 -9999.000 -9999.000 10.814 10.816 10.819 10.823 10.830 10.841 10.854 10.874 10.896 10.921 10.957 10.996 11.036 11.079 11.122 11.157 11.168 11.175 11.240 11.315 11.586 11.643 11.654 11.657 11.661 12.004 12.557 -9999.000 12.701 12.704 -9999.000 12.640 12.637 12.637 12.637
-9999.000 -9999.000 -9999.000 -9999.000 12.072 12.072 12.071 12.071 12.070 12.070 12.069 12.069 12.070 12.070 -9999.000 -9999.000 -9999.000 11.907 11.911 11.919 11.931 11.943 11.957 -9999.000 -9999.000 10.815 10.818 10.820 10.825 10.832 10.844 10.859 10.880 10.904 10.931 10.968 11.011 11.066 11.126 11.184 11.240 11.215 11.201 11.353 11.565 11.658 11.659 11.659 11.658 -9999.000 -9999.000 12.674 12.703 12.703 12.705 12.709 12.695 -9999.000 -9999.000 -9999.000
-9999.000 -9999.000 -9999.000 12.072 12.072 12.072 12.072 12.072 12.072 12.070 12.070 12.071 12.071 12.072 12.073 12.073 -9999.000 -9999.000 -9999.000 11.931 11.943 11.958 11.970 11.982 -9999.000 -9999.000 -9999.000 -9999.000 -9999.000 -9999.000 10.850 10.869 10.894 10.913 10.938 10.975 11.029 11.116 11.188 11.271 11.374 11.274 -9999.000 -9999.000 -9999.000 11.684 11.676 11.667 -9999.000 12.653 12.662 12.663 -9999.000 -9999.000 12.715 12.730 12.745 12.766 12.793 12.821
-9999.000 -9999.000 -9999.000 12.072 12.073 12.073 12.073 12.073 12.073 -9999.000 -9999.000 12.072 12.073 12.073 12.074 12.074 12.075 12.075 -9999.000 -9999.000 11.959 11.975 11.984 11.994 12.004 12.011 -9999.000 -9999.000 -9999.000 -9999.000 -9999.000 -9999.000 -9999.000 10.922 -9999.000 10.939 -9999.000 11.196 11.250 11.370 11.620 11.471 -9999.000 -9999.000 11.822 11.724 11.701 -9999.000 12.622 12.624 -9999.000 12.657 12.665 12.678 12.695 12.720 12.741 12.765 12.792 12.820
-9999.000 -9999.000 -9999.000 -9999.000 -9999.000 12.073 12.073 12.073 12.073 12.074 12.074 12.074 12.074 12.074 12.074 12.075 12.075 12.075 -9999.000 -9999.000 -9999.000 11.986 11.994 12.002 12.011 12.023 12.035 12.047 12.053 -9999.000 -9999.000 -9999.000 10.928 10.927 10.930 10.933 -9999.000 -9999.000 -9999.000 -9999.000 12.010 -9999.000 -9999.000 12.203 11.893 -9999.000 -9999.000 -9999.000 12.620 12.625 12.633 12.646 12.658 12.673 12.690 12.712 12.735 12.761 12.789 12.818
-9999.000 -9999.000 -9999.000 -9999.000 -9999.000 12.074 12.074 12.074 12.074 12.074 12.074 12.074 12.074 12.074 12.075 12.075 12.075 12.076 -9999.000 -9999.000 -9999.000 11.993 12.000 12.008 12.017 12.030 12.041 12.053 12.060 -9999.000 -9999.000 -9999.000 10.928 10.930 -9999.000 10.933 -9999.000 10.965 11.057 12.129 12.240 12.280 12.301 12.312 12.204 -9999.000 -9999.000 -9999.000 12.602 12.622 12.629 12.639 12.652 12.667 12.683 12.702 12.721 12.742 12.772 12.805
-9999.000 -9999.000 -9999.000 -9999.000 12.072 12.074 12.074 12.074 12.074 12.075 12.075 12.075 12.075 12.075 12.075 12.075 12.076 12.076 12.077 12.077 12.023 -9999.000 -9999.000 12.016 12.023 12.036 12.049 12.064 12.071 -9999.000 12.110 12.110 -9999.000 11.919 -9999.000 -9999.000 -9999.000 10.951 -9999.000 12.271 12.274 12.290 12.309 12.330 12.342 12.353 12.409 12.509 12.540 12.581 12.609 12.628 12.640 12.654 12.672 12.691 12.710 12.726 12.751 12.784
-9999.000 -9999.000 -9999.000 -9999.000 -9999.000 12.075 12.075 12.074 12.075 12.075 12.075 12.075 12.075 12.075 12.076 12.076 12.076 12.076 12.077 12.077 -9999.000 -9999.000 -9999.000 -9999.000 -9999.000 12.056 12.063 12.078 12.087 12.100 12.110 12.119 12.129 12.138 12.145 -9999.000 -9999.000 -9999.000 12.259 12.268 12.277 12.293 12.313 12.335 12.354 12.381 12.412 12.467 12.516 12.539 12.578 12.602 12.619 12.639 12.661 12.686 12.705 12.719 12.729 12.769
-9999.000 -9999.000 -9999.000 -9999.000 -9999.000 12.075 12.075 12.075 12.075 12.075 12.075 12.075 12.075 12.076 12.076 12.076 12.076 12.077 12.077 12.078 12.079 12.079 -9999.000 -9999.000 -9999.000 -9999.000 12.005 12.089 12.095 12.103 12.111 12.120 12.131 12.144 12.160 12.183 12.203 12.225 12.246 12.260 12.276 12.293 12.314 12.339 12.361 12.387 12.415 12.452 12.497 12.524 12.554 12.579 12.597 12.618 12.638 -9999.000 12.705 12.714 12.727 12.749
