LISFLOOD_FP/multi_tiles/Results/MULTIPLE_TILES_Monte_Carlo_LISFLOOD/version_1/4_LISFLOOD_FP/combined_output/combined_angle_0_x_0_y_0/out.dem
ncols         192
nrows         192
xllcorner     1771145.000000
yllcorner     5471774.000000
cellsize      10.000000
NODATA_value  -9999.000000
[rows 84 to 111 of 192, columns 0 to 61 of 192]
10000000000.000 10000000000.000 10000000000.000 10000000000.000 10000000000.000 10000000000.000 10000000000.000 10000000000.000 10000000000.000 10000000000.000 10000000000.000 10000000000.000 10000000000.000 10000000000.000 10000000000.000 10000000000.000 10000000000.000 10000000000.000 10000000000.000 10000000000.000 10000000000.000 10000000000.000 10000000000.000 10000000000.000 10.150 10.762 10.436 9.787 11.918 11.754 11.658 11.774 9.094 9.383 9.733 9.629 8.381 5.519 5.385 5.288 5.206 5.238 5.275 5.257 5.311 5.539 5.535 5.474 5.710 7.006 7.167 6.955 7.457 8.035 6.741 7.122 7.052 7.295 9.153 9.519 7.604 8.130
10000000000.000 10000000000.000 10000000000.000 10000000000.000 10000000000.000 10000000000.000 10000000000.000 10000000000.000 10000000000.000 10000000000.000 10000000000.000 10000000000.000 10000000000.000 10000000000.000 10000000000.000 10000000000.000 10000000000.000 10000000000.000 10000000000.000 10000000000.000 10000000000.000 10000000000.000 10000000000.000 10000000000.000 9.919 8.830 5.628 9.780 10.207 11.911 9.484 10.415 7.427 10.113 5.877 5.747 5.203 5.315 5.203 5.156 5.257 5.219 5.224 5.234 5.281 5.373 5.423 5.539 6.981 7.452 6.968 8.069 7.512 7.059 6.734 7.223 7.476 9.459 11.611 10.629 7.594 8.451
10000000000.000 10000000000.000 10000000000.000 10000000000.000 10000000000.000 10000000000.000 10000000000.000 10000000000.000 10000000000.000 10000000000.000 10000000000.000 10000000000.000 10000000000.000 10000000000.000 10000000000.000 10000000000.000 10000000000.000 10000000000.000 10000000000.000 10000000000.000 10000000000.000 10000000000.000 10000000000.000 10000000000.000 6.646 4.356 8.967 5.062 7.577 7.864 10.479 5.327 5.332 5.142 5.249 5.227 5.066 5.074 5.150 5.178 5.182 5.151 5.166 5.119 5.279 5.443 5.586 6.664 7.519 7.087 6.566 6.987 6.938 7.032 6.881 7.640 10.658 14.492 17.293 12.747 8.354 7.915
10000000000.000 10000000000.000 10000000000.000 10000000000.000 10000000000.000 10000000000.000 10000000000.000 10000000000.000 10000000000.000 10000000000.000 10000000000.000 10000000000.000 10000000000.000 10000000000.000 10000000000.000 10000000000.000 10000000000.000 10000000000.000 10000000000.000 10000000000.000 10000000000.000 10000000000.000 10000000000.000 10000000000.000 4.605 4.755 5.689 7.725 7.132 7.169 7.101 5.379 4.911 4.848 4.922 5.021 4.991 4.899 5.058 5.097 5.004 4.974 5.034 5.223 5.912 7.442 7.254 7.646 8.642 7.112 6.378 6.546 6.446 6.394 7.182 11.356 16.055 20.729 21.537 16.099 9.889 8.048
10000000000.000 10000000000.000 10000000000.000 10000000000.000 10000000000.000 10000000000.000 10000000000.000 10000000000.000 10000000000.000 10000000000.000 10000000000.000 10000000000.000 10000000000.000 10000000000.000 10000000000.000 10000000000.000 10000000000.000 10000000000.000 10000000000.000 10000000000.000 10000000000.000 10000000000.000 10000000000.000 10000000000.000 4.526 4.655 4.725 5.979 6.396 7.321 5.479 4.819 5.016 4.915 4.789 5.081 4.843 4.911 4.924 4.860 4.975 4.962 5.277 6.941 7.559 7.500 7.402 6.717 6.584 6.315 6.568 6.206 6.545 6.282 7.208 11.919 19.261 24.673 24.998 20.456 15.934 10.723
10000000000.000 10000000000.000 10000000000.000 10000000000.000 10000000000.000 10000000000.000 10000000000.000 10000000000.000 10000000000.000 10000000000.000 10000000000.000 10000000000.000 10000000000.000 10000000000.000 10000000000.000 10000000000.000 10000000000.000 10000000000.000 10000000000.000 10000000000.000 10000000000.000 10000000000.000 10000000000.000 10000000000.000 4.344 4.380 4.613 4.692 5.004 9.630 5.846 4.935 4.832 4.958 4.895 4.868 5.086 4.829 4.829 4.917 4.963 5.340 6.265 7.519 7.756 7.298 7.152 6.495 6.180 6.601 6.345 6.192 6.680 6.912 8.156 13.494 19.793 26.132 28.133 24.815 20.406 16.999
10000000000.000 10000000000.000 10000000000.000 10000000000.000 10000000000.000 10000000000.000 10000000000.000 10000000000.000 10000000000.000 10000000000.000 10000000000.000 10000000000.000 10000000000.000 10000000000.000 10000000000.000 10000000000.000 10000000000.000 10000000000.000 10000000000.000 10000000000.000 10000000000.000 10000000000.000 10000000000.000 10000000000.000 4.266 4.448 4.569 4.701 4.847 5.357 5.186 4.888 5.516 5.186 4.815 4.798 4.917 4.777 4.795 4.761 5.079 5.187 5.148 6.656 5.763 5.865 6.020 6.716 6.683 7.118 9.726 6.785 7.311 8.641 12.396 17.001 22.573 28.546 29.818 28.935 25.303 20.657
10000000000.000 10000000000.000 10000000000.000 10000000000.000 10000000000.000 10000000000.000 10000000000.000 10000000000.000 10000000000.000 10000000000.000 10000000000.000 10000000000.000 10000000000.000 10000000000.000 10000000000.000 10000000000.000 10000000000.000 10000000000.000 10000000000.000 10000000000.000 10000000000.000 10000000000.000 10000000000.000 10000000000.000 4.082 4.288 4.426 4.611 4.700 4.741 5.019 5.029 11.102 5.006 4.732 4.727 4.772 5.055 4.740 4.809 5.072 5.294 5.321 5.439 5.575 6.027 6.625 7.006 10.177 10.546 12.813 8.036 10.991 14.226 17.866 21.908 26.457 31.359 31.593 30.531 28.221 23.762
10000000000.000 10000000000.000 10000000000.000 10000000000.000 10000000000.000 10000000000.000 10000000000.000 10000000000.000 10000000000.000 10000000000.000 10000000000.000 10000000000.000 10000000000.000 10000000000.000 10000000000.000 10000000000.000 10000000000.000 10000000000.000 10000000000.000 10000000000.000 10000000000.000 10000000000.000 10000000000.000 10000000000.000 4.065 4.140 4.359 4.494 4.529 4.633 4.835 4.638 5.034 5.120 4.574 4.560 4.632 5.157 5.027 4.969 5.029 5.260 5.429 5.236 6.222 7.522 7.694 6.992 13.944 12.515 12.807 11.909 17.146 19.663 23.458 26.009 28.411 30.553 31.199 30.788 28.959 25.746
10000000000.000 10000000000.000 10000000000.000 10000000000.000 10000000000.000 10000000000.000 10000000000.000 10000000000.000 10000000000.000 10000000000.000 10000000000.000 10000000000.000 10000000000.000 10000000000.000 10000000000.000 10000000000.000 10000000000.000 10000000000.000 10000000000.000 10000000000.000 10000000000.000 10000000000.000 10000000000.000 10000000000.000 4.228 4.403 4.695 4.818 4.936 4.974 5.525 5.571 12.075 14.159 5.762 4.825 4.804 4.967 5.136 5.073 5.137 5.497 6.350 6.412 13.566 7.999 9.003 13.098 13.312 13.103 14.622 17.268 21.610 24.950 24.596 25.555 27.043 27.794 29.798 30.048 28.934 26.450
10000000000.000 10000000000.000 10000000000.000 10000000000.000 10000000000.000 10000000000.000 10000000000.000 10000000000.000 10000000000.000 10000000000.000 10000000000.000 10000000000.000 10000000000.000 10000000000.000 10000000000.000 10000000000.000 10000000000.000 10000000000.000 10000000000.000 10000000000.000 10000000000.000 10000000000.000 10000000000.000 10000000000.000 4.452 5.073 5.337 5.698 6.216 6.687 8.019 5.316 8.989 11.701 10.281 6.714 5.460 5.596 5.102 5.265 5.438 7.146 6.866 10.417 7.800 11.727 13.273 16.395 17.731 19.416 21.835 23.249 24.680 24.789 26.059 20.092 23.967 25.763 27.269 27.652 29.248 26.238
10000000000.000 10000000000.000 10000000000.000 10000000000.000 10000000000.000 10000000000.000 10000000000.000 10000000000.000 10000000000.000 10000000000.000 10000000000.000 10000000000.000 10000000000.000 10000000000.000 10000000000.000 10000000000.000 10000000000.000 10000000000.000 10000000000.000 10000000000.000 10000000000.000 10000000000.000 10000000000.000 10000000000.000 4.752 11.205 6.885 7.272 7.567 7.654 7.147 5.541 7.873 7.122 9.104 10.465 8.396 6.277 5.926 5.312 6.453 7.112 9.339 8.076 11.517 13.347 18.124 22.561 24.237 26.320 26.517 25.130 23.038 20.514 19.545 18.468 19.112 21.115 25.335 24.760 27.719 24.884
10000000000.000 10000000000.000 10000000000.000 10000000000.000 10000000000.000 10000000000.000 10000000000.000 10000000000.000 10000000000.000 10000000000.000 10000000000.000 10000000000.000 10000000000.000 10000000000.000 10000000000.000 10000000000.000 10000000000.000 10000000000.000 10000000000.000 10000000000.000 10000000000.000 10000000000.000 10000000000.000 10000000000.000 4.399 4.704 5.656 7.200 7.488 6.429 6.014 5.988 7.257 7.822 9.374 10.959 11.912 11.176 5.942 7.230 6.825 13.180 13.496 10.117 12.771 14.442 19.598 24.223 27.556 29.663 29.502 28.576 25.443 24.884 20.619 20.241 21.052 20.891 20.080 23.179 24.672 23.587
10000000000.000 10000000000.000 10000000000.000 10000000000.000 10000000000.000 10000000000.000 10000000000.000 10000000000.000 10000000000.000 10000000000.000 10000000000.000 10000000000.000 10000000000.000 10000000000.000 10000000000.000 10000000000.000 10000000000.000 10000000000.000 10000000000.000 10000000000.000 10000000000.000 10000000000.000 10000000000.000 10000000000.000 4.085 4.083 4.232 4.380 4.704 4.515 9.466 5.505 6.245 11.635 6.492 6.462 6.110 6.153 6.211 10.345 10.660 13.190 11.998 11.762 12.584 14.840 19.776 23.681 26.139 29.301 31.554 30.554 27.945 26.162 25.175 25.182 25.324 23.929 21.520 19.403 21.872 20.457
10000000000.000 10000000000.000 10000000000.000 10000000000.000 10000000000.000 10000000000.000 10000000000.000 10000000000.000 10000000000.000 10000000000.000 10000000000.000 10000000000.000 10000000000.000 10000000000.000 10000000000.000 10000000000.000 10000000000.000 10000000000.000 10000000000.000 10000000000.000 10000000000.000 10000000000.000 10000000000.000 10000000000.000 4.140 4.074 4.075 3.993 4.192 4.292 5.861 5.188 6.761 7.860 7.363 7.590 6.046 8.891 10.910 10.577 12.367 14.698 14.266 14.220 14.285 15.127 19.121 23.038 25.990 27.539 30.699 31.944 31.193 30.162 29.376 28.887 28.569 26.781 24.130 20.765 16.652 17.149
10000000000.000 10000000000.000 10000000000.000 10000000000.000 10000000000.000 10000000000.000 10000000000.000 10000000000.000 10000000000.000 10000000000.000 10000000000.000 10000000000.000 10000000000.000 10000000000.000 10000000000.000 10000000000.000 10000000000.000 10000000000.000 10000000000.000 10000000000.000 10000000000.000 10000000000.000 10000000000.000 10000000000.000 3.977 4.120 4.070 4.355 4.836 4.306 4.653 6.656 10.373 7.544 7.709 7.248 7.188 7.872 8.112 8.656 13.771 16.380 15.836 16.685 16.385 18.392 20.414 22.870 26.353 28.195 29.556 31.033 31.400 31.257 30.476 30.018 29.984 28.485 25.188 22.007 18.813 15.855
10000000000.000 10000000000.000 10000000000.000 10000000000.000 10000000000.000 10000000000.000 10000000000.000 10000000000.000 10000000000.000 10000000000.000 10000000000.000 10000000000.000 10000000000.000 10000000000.000 10000000000.000 10000000000.000 10000000000.000 10000000000.000 10000000000.000 10000000000.000 10000000000.000 10000000000.000 10000000000.000 10000000000.000 4.078 4.030 4.143 4.227 4.215 4.280 5.384 6.887 8.187 9.257 7.318 7.231 7.856 8.065 7.956 8.979 14.073 15.038 16.800 19.614 18.627 19.991 21.503 24.631 26.555 29.311 30.914 31.411 31.306 30.615 30.145 29.924 29.942 29.321 27.331 24.311 21.355 18.366
10000000000.000 10000000000.000 10000000000.000 10000000000.000 10000000000.000 10000000000.000 10000000000.000 10000000000.000 10000000000.000 10000000000.000 10000000000.000 10000000000.000 10000000000.000 10000000000.000 10000000000.000 10000000000.000 10000000000.000 10000000000.000 10000000000.000 10000000000.000 10000000000.000 10000000000.000 10000000000.000 10000000000.000 3.922 4.063 6.068 4.176 4.094 4.112 4.726 6.418 6.873 9.387 8.856 8.077 8.378 8.459 8.381 10.774 13.854 14.202 16.486 19.216 20.303 21.381 22.931 25.154 26.659 30.616 33.271 34.195 33.393 32.801 29.966 29.847 29.941 29.519 28.582 26.225 23.915 21.150
10000000000.000 10000000000.000 10000000000.000 10000000000.000 10000000000.000 10000000000.000 10000000000.000 10000000000.000 10000000000.000 10000000000.000 10000000000.000 10000000000.000 10000000000.000 10000000000.000 10000000000.000 10000000000.000 10000000000.000 10000000000.000 10000000000.000 10000000000.000 10000000000.000 10000000000.000 10000000000.000 10000000000.000 3.882 3.981 4.510 4.169 4.060 4.219 4.945 13.210 6.281 8.211 7.900 8.910 10.669 13.288 13.386 13.119 14.322 16.245 16.397 18.931 21.207 25.930 24.200 25.448 27.161 30.783 34.824 36.133 35.803 33.926 32.321 31.790 31.061 30.024 28.876 27.895 25.029 21.271
10000000000.000 10000000000.000 10000000000.000 10000000000.000 10000000000.000 10000000000.000 10000000000.000 10000000000.000 10000000000.000 10000000000.000 10000000000.000 10000000000.000 10000000000.000 10000000000.000 10000000000.000 10000000000.000 10000000000.000 10000000000.000 10000000000.000 10000000000.000 10000000000.000 10000000000.000 10000000000.000 10000000000.000 3.975 3.923 3.906 3.939 4.001 4.122 4.809 6.886 6.504 7.002 7.932 10.152 13.045 14.699 15.324 14.766 15.266 16.182 15.921 19.832 21.643 23.722 25.403 26.044 28.218 31.821 35.278 37.571 37.806 36.396 34.607 33.357 32.424 30.809 28.969 27.585 25.299 22.891
10000000000.000 10000000000.000 10000000000.000 10000000000.000 10000000000.000 10000000000.000 10000000000.000 10000000000.000 10000000000.000 10000000000.000 10000000000.000 10000000000.000 10000000000.000 10000000000.000 10000000000.000 10000000000.000 10000000000.000 10000000000.000 10000000000.000 10000000000.000 10000000000.000 10000000000.000 10000000000.000 10000000000.000 3.897 3.918 3.977 3.919 3.911 5.026 5.801 6.790 8.160 7.286 7.062 12.732 13.679 16.842 18.414 17.623 16.049 15.991 15.574 18.166 22.683 24.794 25.920 27.332 29.718 33.469 36.407 37.756 37.208 35.625 34.692 32.930 31.147 29.973 27.944 26.792 24.389 22.213
10000000000.000 10000000000.000 10000000000.000 10000000000.000 10000000000.000 10000000000.000 10000000000.000 10000000000.000 10000000000.000 10000000000.000 10000000000.000 10000000000.000 10000000000.000 10000000000.000 10000000000.000 10000000000.000 10000000000.000 10000000000.000 10000000000.000 10000000000.000 10000000000.000 10000000000.000 10000000000.000 10000000000.000 4.030 3.928 3.952 3.971 4.029 8.115 8.096 10.050 7.161 6.252 7.120 11.864 12.103 16.755 19.116 20.106 19.307 17.407 18.608 20.741 21.542 24.278 26.669 28.132 31.470 34.822 36.879 36.527 35.621 33.240 30.773 29.995 28.954 26.480 26.243 24.116 22.119 20.256
10000000000.000 10000000000.000 10000000000.000 10000000000.000 10000000000.000 10000000000.000 10000000000.000 10000000000.000 10000000000.000 10000000000.000 10000000000.000 10000000000.000 10000000000.000 10000000000.000 10000000000.000 10000000000.000 10000000000.000 10000000000.000 10000000000.000 10000000000.000 10000000000.000 10000000000.000 10000000000.000 10000000000.000 5.023 4.948 4.667 4.314 4.309 5.427 5.359 7.534 6.520 6.171 8.791 10.754 12.525 15.544 19.995 22.328 22.293 20.951 21.261 17.933 20.541 22.730 26.363 28.719 32.306 35.647 37.041 36.934 33.253 31.070 28.552 26.618 26.114 25.145 23.951 20.898 18.988 17.486
10000000000.000 10000000000.000 10000000000.000 10000000000.000 10000000000.000 10000000000.000 10000000000.000 10000000000.000 10000000000.000 10000000000.000 10000000000.000 10000000000.000 10000000000.000 10000000000.000 10000000000.000 10000000000.000 10000000000.000 10000000000.000 10000000000.000 10000000000.000 10000000000.000 10000000000.000 10000000000.000 10000000000.000 6.080 5.544 5.115 4.799 4.751 5.275 8.497 7.683 6.370 6.380 7.354 11.116 13.505 13.668 18.666 22.509 24.527 24.084 22.678 19.834 21.213 23.363 25.608 30.883 32.660 35.858 37.034 35.786 30.921 28.328 25.734 25.137 24.059 23.868 21.956 19.667 16.771 15.571
10000000000.000 10000000000.000 10000000000.000 10000000000.000 10000000000.000 10000000000.000 10000000000.000 10000000000.000 10000000000.000 10000000000.000 10000000000.000 10000000000.000 10000000000.000 10000000000.000 10000000000.000 10000000000.000 10000000000.000 10000000000.000 10000000000.000 10000000000.000 10000000000.000 10000000000.000 10000000000.000 10000000000.000 7.927 7.367 6.104 5.391 5.298 5.004 6.060 8.226 6.506 6.553 7.054 11.371 14.793 14.625 15.908 21.664 24.766 25.770 24.650 22.883 24.582 26.363 26.356 27.806 31.952 35.252 36.706 34.668 31.387 28.804 25.576 26.796 27.252 23.894 24.033 23.660 18.392 12.470
10000000000.000 10000000000.000 10000000000.000 10000000000.000 10000000000.000 10000000000.000 10000000000.000 10000000000.000 10000000000.000 10000000000.000 10000000000.000 10000000000.000 10000000000.000 10000000000.000 10000000000.000 10000000000.000 10000000000.000 10000000000.000 10000000000.000 10000000000.000 10000000000.000 10000000000.000 10000000000.000 10000000000.000 12.081 9.978 8.501 6.655 5.954 5.894 6.897 7.537 7.065 7.231 7.925 10.216 15.242 18.098 15.070 17.012 22.875 25.300 25.760 24.729 24.850 28.257 28.864 28.454 31.178 35.289 36.164 35.857 34.121 30.127 28.515 28.611 28.149 27.029 25.498 23.309 19.913 8.134
10000000000.000 10000000000.000 10000000000.000 10000000000.000 10000000000.000 10000000000.000 10000000000.000 10000000000.000 10000000000.000 10000000000.000 10000000000.000 10000000000.000 10000000000.000 10000000000.000 10000000000.000 10000000000.000 10000000000.000 10000000000.000 10000000000.000 10000000000.000 10000000000.000 10000000000.000 10000000000.000 10000000000.000 15.416 13.816 12.502 9.374 6.830 7.191 8.317 7.642 7.592 8.095 8.795 9.856 14.954 20.386 19.536 15.684 20.270 23.098 25.020 24.458 22.585 26.577 29.709 32.184 31.928 34.304 36.973 36.121 34.146 32.517 30.183 27.651 26.674 25.270 26.289 25.229 21.614 9.205
10000000000.000 10000000000.000 10000000000.000 10000000000.000 10000000000.000 10000000000.000 10000000000.000 10000000000.000 10000000000.000 10000000000.000 10000000000.000 10000000000.000 10000000000.000 10000000000.000 10000000000.000 10000000000.000 10000000000.000 10000000000.000 10000000000.000 10000000000.000 10000000000.000 10000000000.000 10000000000.000 10000000000.000 17.756 16.313 15.329 12.630 9.664 7.997 10.566 9.542 8.683 9.361 9.885 10.561 12.049 17.217 16.379 15.778 17.152 19.074 18.970 17.819 17.503 20.296 23.110 29.119 34.244 36.378 37.136 37.320 36.508 35.458 35.481 31.151 27.418 24.679 24.677 24.320 23.159 15.111
