LISFLOOD_FP/multi_tiles/Results/MULTIPLE_TILES_Monte_Carlo_LISFLOOD/version_1/4_LISFLOOD_FP/combined_output/combined_angle_0_x_0_y_0/out.dem
ncols         192
nrows         192
xllcorner     1771145.000000
yllcorner     5471774.000000
cellsize      10.000000
NODATA_value  -9999.000000
[rows 56 to 83 of 192, columns 0 to 61 of 192]
10000000000.000 10000000000.000 10000000000.000 10000000000.000 10000000000.000 10000000000.000 10000000000.000 10000000000.000 10000000000.000 10000000000.000 10000000000.000 10000000000.000 10000000000.000 10000000000.000 10000000000.000 10000000000.000 10000000000.000 10000000000.000 10000000000.000 10000000000.000 10000000000.000 10000000000.000 10000000000.000 10000000000.000 19.506 20.450 20.927 20.230 18.973 18.713 12.818 10.543 8.952 9.901 8.852 7.288 6.197 6.339 7.212 7.449 8.207 7.541 6.882 10.910 6.143 6.179 7.207 7.162 7.797 10.917 8.719 7.722 7.659 7.272 7.208 10.687 13.150 7.578 6.703 6.667 6.737 8.194
10000000000.000 10000000000.000 10000000000.000 10000000000.000 10000000000.000 10000000000.000 10000000000.000 10000000000.000 10000000000.000 10000000000.000 10000000000.000 10000000000.000 10000000000.000 10000000000.000 10000000000.000 10000000000.000 10000000000.000 10000000000.000 10000000000.000 10000000000.000 10000000000.000 10000000000.000 10000000000.000 10000000000.000 18.578 15.002 22.463 21.792 22.315 23.829 17.039 15.511 16.858 19.943 15.370 10.634 6.175 11.516 6.564 8.563 7.231 10.087 7.953 8.080 6.381 8.084 10.877 8.579 8.622 10.174 8.142 9.608 8.948 8.284 7.022 11.462 12.790 7.198 6.687 6.733 6.968 8.942
10000000000.000 10000000000.000 10000000000.000 10000000000.000 10000000000.000 10000000000.000 10000000000.000 10000000000.000 10000000000.000 10000000000.000 10000000000.000 10000000000.000 10000000000.000 10000000000.000 10000000000.000 10000000000.000 10000000000.000 10000000000.000 10000000000.000 10000000000.000 10000000000.000 10000000000.000 10000000000.000 10000000000.000 20.655 21.648 23.173 23.888 22.028 21.202 17.603 29.498 25.440 25.437 21.596 17.156 6.370 6.862 6.748 8.515 6.456 8.216 9.364 8.893 7.447 10.933 8.592 8.296 10.686 7.358 8.192 8.040 8.429 7.121 7.954 11.911 10.079 7.395 6.791 6.806 6.868 8.968
10000000000.000 10000000000.000 10000000000.000 10000000000.000 10000000000.000 10000000000.000 10000000000.000 10000000000.000 10000000000.000 10000000000.000 10000000000.000 10000000000.000 10000000000.000 10000000000.000 10000000000.000 10000000000.000 10000000000.000 10000000000.000 10000000000.000 10000000000.000 10000000000.000 10000000000.000 10000000000.000 10000000000.000 18.525 18.883 21.816 21.908 25.095 22.738 24.028 24.495 17.789 20.442 25.339 11.727 6.506 6.875 7.144 7.822 9.520 7.846 7.174 12.898 11.509 13.350 10.235 15.271 16.227 11.633 16.407 15.528 16.806 18.250 14.624 14.118 14.813 9.109 7.008 6.849 7.037 7.032
10000000000.000 10000000000.000 10000000000.000 10000000000.000 10000000000.000 10000000000.000 10000000000.000 10000000000.000 10000000000.000 10000000000.000 10000000000.000 10000000000.000 10000000000.000 10000000000.000 10000000000.000 10000000000.000 10000000000.000 10000000000.000 10000000000.000 10000000000.000 10000000000.000 10000000000.000 10000000000.000 10000000000.000 13.077 18.256 22.054 12.001 11.403 15.162 14.361 19.808 17.061 14.598 8.734 8.648 6.847 9.773 7.882 10.694 9.840 7.934 8.664 11.306 13.620 17.176 11.820 13.947 13.298 8.608 6.862 7.877 13.829 14.652 11.997 16.721 14.287 8.061 7.182 7.033 7.041 7.296
10000000000.000 10000000000.000 10000000000.000 10000000000.000 10000000000.000 10000000000.000 10000000000.000 10000000000.000 10000000000.000 10000000000.000 10000000000.000 10000000000.000 10000000000.000 10000000000.000 10000000000.000 10000000000.000 10000000000.000 10000000000.000 10000000000.000 10000000000.000 10000000000.000 10000000000.000 10000000000.000 10000000000.000 15.505 8.489 8.376 17.131 25.554 13.691 17.061 15.008 14.465 12.769 18.134 7.489 7.021 10.626 14.315 15.598 7.419 9.660 10.826 16.419 17.575 18.256 22.890 21.940 14.580 12.007 8.870 9.657 13.190 15.054 15.967 9.700 11.888 7.620 8.332 7.912 7.734 7.668
10000000000.000 10000000000.000 10000000000.000 10000000000.000 10000000000.000 10000000000.000 10000000000.000 10000000000.000 10000000000.000 10000000000.000 10000000000.000 10000000000.000 10000000000.000 10000000000.000 10000000000.000 10000000000.000 10000000000.000 10000000000.000 10000000000.000 10000000000.000 10000000000.000 10000000000.000 10000000000.000 10000000000.000 14.068 12.583 6.848 8.026 12.133 19.523 16.191 16.147 18.638 15.530 8.970 9.027 7.301 12.449 7.599 7.684 7.664 7.457 9.438 17.240 24.661 18.395 13.544 22.203 21.517 23.870 16.476 13.516 11.180 8.944 9.320 10.062 9.187 7.847 7.702 7.454 7.155 7.067
10000000000.000 10000000000.000 10000000000.000 10000000000.000 10000000000.000 10000000000.000 10000000000.000 10000000000.000 10000000000.000 10000000000.000 10000000000.000 10000000000.000 10000000000.000 10000000000.000 10000000000.000 10000000000.000 10000000000.000 10000000000.000 10000000000.000 10000000000.000 10000000000.000 10000000000.000 10000000000.000 10000000000.000 10.273 9.038 6.827 6.761 7.093 9.377 19.791 19.621 11.115 8.425 6.857 6.735 7.062 17.724 7.163 7.852 10.254 7.344 7.747 9.207 14.211 21.735 19.737 20.709 17.062 18.083 13.265 13.525 10.331 8.747 9.073 10.907 7.565 6.609 6.337 6.331 6.555 6.277
10000000000.000 10000000000.000 10000000000.000 10000000000.000 10000000000.000 10000000000.000 10000000000.000 10000000000.000 10000000000.000 10000000000.000 10000000000.000 10000000000.000 10000000000.000 10000000000.000 10000000000.000 10000000000.000 10000000000.000 10000000000.000 10000000000.000 10000000000.000 10000000000.000 10000000000.000 10000000000.000 10000000000.000 17.081 7.339 6.693 6.771 6.895 7.173 7.845 8.332 7.267 6.995 6.936 7.037 6.697 8.081 10.766 9.166 7.880 9.825 10.143 12.588 14.426 12.172 21.553 10.852 7.653 8.343 9.420 11.079 13.286 9.581 13.903 8.066 6.188 6.052 6.076 6.756 14.761 7.381
10000000000.000 10000000000.000 10000000000.000 10000000000.000 10000000000.000 10000000000.000 10000000000.000 10000000000.000 10000000000.000 10000000000.000 10000000000.000 10000000000.000 10000000000.000 10000000000.000 10000000000.000 10000000000.000 10000000000.000 10000000000.000 10000000000.000 10000000000.000 10000000000.000 10000000000.000 10000000000.000 10000000000.000 7.740 17.437 15.760 7.413 7.045 7.056 7.078 7.102 7.674 8.417 13.136 6.732 6.316 7.783 11.359 10.755 21.320 13.449 8.299 7.298 10.121 7.184 10.126 9.757 11.756 10.629 13.603 17.238 15.352 13.526 6.704 6.319 6.717 7.989 7.125 10.441 18.237 9.245
10000000000.000 10000000000.000 10000000000.000 10000000000.000 10000000000.000 10000000000.000 10000000000.000 10000000000.000 10000000000.000 10000000000.000 10000000000.000 10000000000.000 10000000000.000 10000000000.000 10000000000.000 10000000000.000 10000000000.000 10000000000.000 10000000000.000 10000000000.000 10000000000.000 10000000000.000 10000000000.000 10000000000.000 11.539 24.171 24.261 8.477 6.943 7.014 7.391 8.508 14.205 19.628 24.701 7.238 5.855 7.726 16.148 18.898 9.832 15.327 8.026 12.028 8.246 8.395 9.469 8.986 16.602 19.211 14.920 19.531 18.772 9.289 7.270 11.242 10.186 10.345 11.249 11.364 6.358 9.353
10000000000.000 10000000000.000 10000000000.000 10000000000.000 10000000000.000 10000000000.000 10000000000.000 10000000000.000 10000000000.000 10000000000.000 10000000000.000 10000000000.000 10000000000.000 10000000000.000 10000000000.000 10000000000.000 10000000000.000 10000000000.000 10000000000.000 10000000000.000 10000000000.000 10000000000.000 10000000000.000 10000000000.000 17.535 18.928 23.448 9.366 9.661 7.910 9.661 22.188 19.584 19.712 20.900 12.118 5.389 7.297 7.477 11.266 18.340 19.971 18.012 14.320 11.953 8.584 8.686 21.545 20.634 17.651 11.384 16.967 17.018 7.837 10.056 11.109 8.379 6.701 9.886 10.109 8.083 7.779
10000000000.000 10000000000.000 10000000000.000 10000000000.000 10000000000.000 10000000000.000 10000000000.000 10000000000.000 10000000000.000 10000000000.000 10000000000.000 10000000000.000 10000000000.000 10000000000.000 10000000000.000 10000000000.000 10000000000.000 10000000000.000 10000000000.000 10000000000.000 10000000000.000 10000000000.000 10000000000.000 10000000000.000 19.837 17.999 19.498 17.760 20.136 15.714 21.248 23.080 19.020 16.895 17.670 5.868 5.083 13.504 16.267 6.807 15.313 19.577 19.113 14.448 12.551 17.738 18.065 23.457 9.166 19.233 9.672 10.900 8.600 5.931 5.976 6.771 10.101 12.834 9.037 8.576 6.843 12.082
10000000000.000 10000000000.000 10000000000.000 10000000000.000 10000000000.000 10000000000.000 10000000000.000 10000000000.000 10000000000.000 10000000000.000 10000000000.000 10000000000.000 10000000000.000 10000000000.000 10000000000.000 10000000000.000 10000000000.000 10000000000.000 10000000000.000 10000000000.000 10000000000.000 10000000000.000 10000000000.000 10000000000.000 15.562 19.186 19.540 21.854 18.827 17.319 21.342 23.369 19.974 20.410 14.666 6.483 4.786 5.774 6.800 11.988 8.469 11.624 16.142 12.672 13.471 21.493 19.550 15.508 7.519 10.631 9.323 7.564 5.186 4.743 4.877 5.630 6.267 6.376 7.176 7.135 8.571 8.333
10000000000.000 10000000000.000 10000000000.000 10000000000.000 10000000000.000 10000000000.000 10000000000.000 10000000000.000 10000000000.000 10000000000.000 10000000000.000 10000000000.000 10000000000.000 10000000000.000 10000000000.000 10000000000.000 10000000000.000 10000000000.000 10000000000.000 10000000000.000 10000000000.000 10000000000.000 10000000000.000 10000000000.000 11.768 13.550 19.019 14.841 7.846 14.976 17.574 21.491 11.662 16.889 18.992 15.114 5.153 5.132 5.425 5.739 16.099 22.264 8.777 16.930 19.594 20.006 11.120 8.981 6.238 4.962 4.896 4.553 4.413 4.512 4.516 4.612 4.694 4.773 4.942 5.296 5.788 5.686
10000000000.000 10000000000.000 10000000000.000 10000000000.000 10000000000.000 10000000000.000 10000000000.000 10000000000.000 10000000000.000 10000000000.000 10000000000.000 10000000000.000 10000000000.000 10000000000.000 10000000000.000 10000000000.000 10000000000.000 10000000000.000 10000000000.000 10000000000.000 10000000000.000 10000000000.000 10000000000.000 10000000000.000 19.289 12.027 5.604 5.930 5.473 4.676 6.059 7.552 9.618 11.970 14.483 6.131 5.247 5.162 5.324 7.702 22.597 11.816 14.570 20.304 16.500 8.925 13.093 5.309 4.391 4.440 4.414 4.453 4.385 4.511 4.554 4.598 4.699 4.666 4.864 4.851 4.985 4.876
10000000000.000 10000000000.000 10000000000.000 10000000000.000 10000000000.000 10000000000.000 10000000000.000 10000000000.000 10000000000.000 10000000000.000 10000000000.000 10000000000.000 10000000000.000 10000000000.000 10000000000.000 10000000000.000 10000000000.000 10000000000.000 10000000000.000 10000000000.000 10000000000.000 10000000000.000 10000000000.000 10000000000.000 19.909 13.995 24.123 17.338 10.409 7.157 10.532 11.777 10.966 11.817 12.061 16.063 5.895 5.215 5.347 6.591 14.572 21.871 24.468 21.276 7.750 6.465 3.918 4.338 4.296 4.237 4.191 4.334 4.349 4.517 4.463 4.723 4.864 4.942 4.836 5.042 5.004 5.062
10000000000.000 10000000000.000 10000000000.000 10000000000.000 10000000000.000 10000000000.000 10000000000.000 10000000000.000 10000000000.000 10000000000.000 10000000000.000 10000000000.000 10000000000.000 10000000000.000 10000000000.000 10000000000.000 10000000000.000 10000000000.000 10000000000.000 10000000000.000 10000000000.000 10000000000.000 10000000000.000 10000000000.000 7.451 19.084 11.784 11.766 9.226 9.000 10.080 11.317 9.892 10.842 11.602 17.753 5.569 5.286 5.747 20.765 17.892 26.758 21.059 7.585 4.702 4.151 4.048 4.037 4.096 4.136 4.193 4.636 4.684 5.074 5.539 6.304 8.678 11.383 6.011 5.142 5.078 5.076
10000000000.000 10000000000.000 10000000000.000 10000000000.000 10000000000.000 10000000000.000 10000000000.000 10000000000.000 10000000000.000 10000000000.000 10000000000.000 10000000000.000 10000000000.000 10000000000.000 10000000000.000 10000000000.000 10000000000.000 10000000000.000 10000000000.000 10000000000.000 10000000000.000 10000000000.000 10000000000.000 10000000000.000 4.694 6.418 8.410 6.252 9.942 9.494 10.192 12.537 7.667 5.687 6.213 8.517 6.549 6.343 6.386 19.376 21.118 17.888 8.651 4.310 4.066 4.236 4.566 4.451 4.512 4.651 4.714 5.156 5.620 5.687 6.508 14.985 19.405 19.911 7.973 6.212 6.899 5.420
10000000000.000 10000000000.000 10000000000.000 10000000000.000 10000000000.000 10000000000.000 10000000000.000 10000000000.000 10000000000.000 10000000000.000 10000000000.000 10000000000.000 10000000000.000 10000000000.000 10000000000.000 10000000000.000 10000000000.000 10000000000.000 10000000000.000 10000000000.000 10000000000.000 10000000000.000 10000000000.000 10000000000.000 4.349 4.244 4.519 6.155 13.331 15.357 18.998 22.091 5.895 5.276 6.975 13.110 20.926 6.982 17.362 10.253 8.198 6.063 4.346 4.116 4.619 5.264 5.705 5.786 5.520 5.780 6.139 6.260 6.374 6.549 6.907 8.470 16.939 17.235 7.721 9.113 8.769 7.025
10000000000.000 10000000000.000 10000000000.000 10000000000.000 10000000000.000 10000000000.000 10000000000.000 10000000000.000 10000000000.000 10000000000.000 10000000000.000 10000000000.000 10000000000.000 10000000000.000 10000000000.000 10000000000.000 10000000000.000 10000000000.000 10000000000.000 10000000000.000 10000000000.000 10000000000.000 10000000000.000 10000000000.000 4.822 4.891 5.235 11.527 18.864 14.845 18.759 19.129 5.321 8.304 8.030 15.809 23.373 5.428 7.493 5.247 4.439 4.227 4.672 5.263 5.514 5.913 5.450 5.295 6.741 6.753 8.508 6.579 6.419 6.379 6.911 6.910 8.758 7.412 7.055 6.734 6.949 7.197
10000000000.000 10000000000.000 10000000000.000 10000000000.000 10000000000.000 10000000000.000 10000000000.000 10000000000.000 10000000000.000 10000000000.000 10000000000.000 10000000000.000 10000000000.000 10000000000.000 10000000000.000 10000000000.000 10000000000.000 10000000000.000 10000000000.000 10000000000.000 10000000000.000 10000000000.000 10000000000.000 10000000000.000 11.769 13.569 14.688 8.018 8.620 6.605 11.633 6.416 5.784 11.110 11.514 6.983 4.012 3.833 3.874 3.894 4.287 5.562 12.885 6.522 6.200 12.053 15.220 7.072 7.889 8.158 6.572 6.690 6.728 7.056 7.621 6.942 7.743 6.933 9.246 7.763 8.143 7.471
10000000000.000 10000000000.000 10000000000.000 10000000000.000 10000000000.000 10000000000.000 10000000000.000 10000000000.000 10000000000.000 10000000000.000 10000000000.000 10000000000.000 10000000000.000 10000000000.000 10000000000.000 10000000000.000 10000000000.000 10000000000.000 10000000000.000 10000000000.000 10000000000.000 10000000000.000 10000000000.000 10000000000.000 15.788 13.940 10.014 6.440 5.017 5.418 6.953 12.560 6.080 5.471 4.708 3.929 3.608 3.816 4.155 6.413 6.599 12.755 7.936 9.067 16.245 9.189 13.900 6.847 6.650 9.646 7.335 6.365 6.290 7.601 6.937 6.384 6.305 6.504 7.091 8.079 8.397 7.141
10000000000.000 10000000000.000 10000000000.000 10000000000.000 10000000000.000 10000000000.000 10000000000.000 10000000000.000 10000000000.000 10000000000.000 10000000000.000 10000000000.000 10000000000.000 10000000000.000 10000000000.000 10000000000.000 10000000000.000 10000000000.000 10000000000.000 10000000000.000 10000000000.000 10000000000.000 10000000000.000 10000000000.000 12.562 13.306 4.998 7.685 5.719 8.850 6.722 6.134 4.764 3.647 3.610 3.524 3.507 4.174 5.443 7.290 7.680 18.355 17.945 14.601 15.740 7.732 11.137 7.131 8.240 8.482 7.324 6.468 5.786 5.877 5.849 5.802 5.952 6.173 6.411 6.474 6.744 6.786
10000000000.000 10000000000.000 10000000000.000 10000000000.000 10000000000.000 10000000000.000 10000000000.000 10000000000.000 10000000000.000 10000000000.000 10000000000.000 10000000000.000 10000000000.000 10000000000.000 10000000000.000 10000000000.000 10000000000.000 10000000000.000 10000000000.000 10000000000.000 10000000000.000 10000000000.000 10000000000.000 10000000000.000 3.642 3.808 3.802 3.803 3.957 4.190 4.176 3.909 3.641 3.465 3.445 3.687 4.620 5.272 5.619 5.030 6.520 16.093 15.202 10.140 9.221 7.091 7.270 7.573 7.695 6.194 6.030 5.592 5.729 5.639 5.659 5.867 6.084 6.284 6.449 6.474 6.595 6.494
10000000000.000 10000000000.000 10000000000.000 10000000000.000 10000000000.000 10000000000.000 10000000000.000 10000000000.000 10000000000.000 10000000000.000 10000000000.000 10000000000.000 10000000000.000 10000000000.000 10000000000.000 10000000000.000 10000000000.000 10000000000.000 10000000000.000 10000000000.000 10000000000.000 10000000000.000 10000000000.000 10000000000.000 3.622 3.379 3.203 3.264 3.329 3.659 4.370 7.438 4.900 6.045 8.506 5.880 5.560 5.431 5.908 6.601 10.175 9.652 8.563 9.150 8.170 6.171 5.820 5.688 5.838 5.835 5.857 5.588 5.648 5.755 6.383 6.115 6.418 7.698 7.253 7.425 7.518 6.754
10000000000.000 10000000000.000 10000000000.000 10000000000.000 10000000000.000 10000000000.000 10000000000.000 10000000000.000 10000000000.000 10000000000.000 10000000000.000 10000000000.000 10000000000.000 10000000000.000 10000000000.000 10000000000.000 10000000000.000 10000000000.000 10000000000.000 10000000000.000 10000000000.000 10000000000.000 10000000000.000 10000000000.000 4.757 4.220 5.088 5.178 4.665 10.677 14.871 16.900 11.756 8.760 8.992 6.862 5.777 8.280 11.376 9.928 10.361 11.037 8.646 5.880 5.553 5.510 5.653 5.694 5.753 5.685 5.852 6.052 7.288 7.572 7.099 7.524 7.388 7.652 7.704 8.329 8.289 7.381
10000000000.000 10000000000.000 10000000000.000 10000000000.000 10000000000.000 10000000000.000 10000000000.000 10000000000.000 10000000000.000 10000000000.000 10000000000.000 10000000000.000 10000000000.000 10000000000.000 10000000000.000 10000000000.000 10000000000.000 10000000000.000 10000000000.000 10000000000.000 10000000000.000 10000000000.000 10000000000.000 10000000000.000 10.531 8.519 8.095 8.817 7.822 11.677 16.088 9.980 13.399 6.752 9.977 9.914 8.643 7.942 9.873 9.258 5.759 5.412 5.361 5.215 5.278 5.527 5.699 5.655 5.637 5.818 7.025 7.592 7.000 6.997 6.996 7.567 7.758 7.997 7.130 8.199 8.003 8.309
