LISFLOOD_FP/multi_tiles/Results/MULTIPLE_TILES_Monte_Carlo_LISFLOOD/version_1/4_LISFLOOD_FP/combined_output/combined_angle_0_x_0_y_0/out.dem
ncols         192
nrows         192
xllcorner     1771145.000000
yllcorner     5471774.000000
cellsize      10.000000
NODATA_value  -9999.000000
[rows 56 to 83 of 192, columns 62 to 123 of 192]
14.375 8.584 7.426 7.701 9.324 8.621 8.135 8.101 9.125 8.663 11.348 9.214 7.734 7.886 9.281 8.164 12.884 7.141 7.125 9.538 7.569 11.620 9.907 7.068 7.100 7.408 7.509 9.957 10.147 8.328 11.052 9.577 10.240 10.169 10.089 9.359 11.380 10.947 9.630 8.221 8.334 11.151 16.688 11.001 11.686 10.842 10.442 12.208 10.257 9.236 12.079 12.775 17.825 13.674 16.094 14.090 10.695 10.532 15.196 10.442 10.944 10.662
7.907 7.614 7.168 7.383 7.841 8.391 10.767 8.516 9.865 10.601 10.890 11.125 8.509 8.255 7.694 8.977 13.904 7.557 7.196 10.244 8.673 10.483 10.974 7.656 7.421 7.231 7.422 8.491 10.266 8.943 8.581 10.079 10.953 9.118 9.074 12.070 8.526 8.955 9.869 8.907 8.428 9.572 20.096 12.444 10.402 12.108 9.936 9.470 13.174 12.693 12.482 18.215 19.614 16.315 16.606 14.539 15.333 17.007 11.510 10.379 10.407 10.609
9.663 9.323 8.986 7.920 9.140 10.404 10.544 10.077 9.598 8.814 11.814 13.999 10.998 10.751 8.044 8.642 12.087 9.367 7.981 8.653 7.708 11.030 9.626 7.198 7.230 7.453 7.372 7.575 7.470 9.740 8.963 10.871 11.882 11.906 13.989 9.422 10.055 9.615 12.845 10.585 9.199 8.923 8.915 9.621 11.552 10.785 11.784 10.429 10.480 13.989 9.846 10.229 15.350 18.689 16.202 17.649 13.680 13.038 10.275 10.331 10.640 10.655
6.928 7.142 7.622 11.133 8.197 8.764 13.102 8.402 7.874 8.366 7.525 8.734 11.408 8.599 9.957 9.739 10.723 9.346 11.068 7.964 7.921 9.662 9.416 7.896 7.651 8.049 7.231 7.497 7.694 7.624 7.975 12.054 9.834 11.108 13.236 16.711 10.776 8.387 10.295 10.682 12.325 15.145 8.863 8.541 10.551 9.668 12.570 10.930 11.366 10.077 12.525 13.693 14.563 17.615 19.044 15.218 10.193 10.011 10.310 10.470 10.885 11.538
7.373 7.412 9.556 11.909 14.377 14.098 14.846 10.275 13.520 11.048 11.767 14.738 13.155 14.533 13.487 10.513 10.515 9.721 20.273 20.068 7.953 8.176 7.580 7.924 8.812 10.326 8.386 7.452 7.641 7.654 7.524 9.635 9.909 10.645 9.470 11.948 11.850 8.066 10.990 11.668 11.423 12.336 14.897 8.744 8.488 10.502 10.038 9.978 12.879 11.002 10.430 13.196 10.143 15.092 18.489 10.344 9.927 10.231 11.514 11.069 11.205 11.054
7.656 7.714 7.789 8.216 16.841 18.030 13.721 14.141 15.752 5.818 7.393 8.143 9.322 15.022 12.208 13.945 9.759 10.251 12.016 20.945 10.109 9.935 10.257 8.326 10.188 11.464 9.420 8.104 7.577 7.786 7.675 8.660 14.318 16.299 10.443 11.736 10.542 8.680 9.633 11.917 10.642 12.046 11.399 10.548 8.986 11.784 12.372 11.109 13.272 12.895 10.881 10.264 10.224 10.375 10.195 9.855 10.358 10.620 11.802 11.471 11.333 11.159
6.924 6.623 6.076 5.803 6.608 7.610 6.235 6.001 6.207 6.412 6.854 14.269 11.063 8.934 9.188 9.734 11.453 9.826 9.207 10.442 15.846 9.523 8.870 9.788 9.953 11.687 9.748 9.983 7.849 7.751 7.937 7.853 14.733 15.096 12.021 11.480 9.130 11.957 11.220 9.936 12.269 11.612 10.914 14.007 11.678 14.678 14.640 13.975 15.053 12.352 12.403 12.103 10.165 10.191 10.227 10.353 10.496 12.099 11.698 11.696 11.065 11.075
6.083 5.945 5.801 5.669 5.649 5.840 5.655 5.643 6.203 10.823 10.566 16.618 13.631 14.448 6.235 9.217 6.760 10.910 11.297 11.668 14.336 13.684 8.608 9.390 7.819 7.996 8.245 10.966 8.117 8.052 7.787 8.050 7.860 12.522 9.121 9.882 9.108 9.166 11.983 11.805 12.075 13.670 10.037 13.934 13.875 13.046 13.176 12.939 18.698 12.324 14.613 13.947 13.678 10.534 10.959 10.848 10.552 10.662 11.448 11.000 11.028 11.218
6.417 6.569 6.145 6.039 6.148 6.218 6.165 6.025 6.036 14.648 17.669 11.990 17.125 12.527 15.100 12.902 9.854 7.008 10.255 11.659 14.235 10.614 10.501 7.675 8.442 8.357 8.761 7.968 10.316 10.405 8.580 7.949 8.228 8.168 8.238 13.378 11.434 9.198 9.743 9.008 12.053 9.988 11.252 12.237 9.942 9.421 9.605 11.415 13.874 15.966 14.380 10.977 17.147 11.967 10.416 12.298 10.424 10.646 10.882 10.893 11.124 11.306
8.008 10.893 7.787 6.502 6.372 6.237 6.317 6.415 6.260 6.266 6.345 16.854 13.353 18.360 12.443 8.921 9.414 8.063 7.049 13.051 14.014 12.065 13.844 10.168 10.551 10.559 9.224 8.067 10.413 8.760 9.988 7.870 8.204 8.250 8.145 9.149 11.422 12.218 9.415 10.692 13.183 11.810 13.167 11.107 9.203 10.150 10.231 9.809 10.827 10.880 17.310 12.321 10.265 10.770 13.183 10.314 11.162 10.522 10.768 10.922 11.235 11.440
18.496 23.761 18.083 9.638 6.912 6.421 6.378 6.408 6.474 6.368 6.355 8.430 7.184 15.537 13.036 11.818 11.988 13.731 9.374 7.047 15.111 11.034 9.886 12.108 8.446 8.838 10.572 9.072 8.570 10.907 8.337 12.313 13.939 8.482 8.414 8.265 10.128 11.947 11.461 10.150 9.502 10.680 8.629 9.862 10.467 14.854 14.023 12.357 9.764 17.311 12.644 12.330 12.883 10.563 10.467 10.639 10.374 11.692 10.719 10.820 11.111 11.469
11.375 22.355 27.970 24.381 8.794 6.856 6.527 6.511 6.584 6.503 6.380 6.105 6.012 6.572 7.612 12.503 13.444 12.317 6.896 6.891 13.882 9.566 11.830 9.089 12.057 8.457 8.486 9.601 10.546 8.210 8.612 9.563 14.911 8.408 8.403 8.696 8.602 9.412 12.116 9.763 9.994 9.522 9.681 16.413 11.543 9.413 10.122 13.845 10.796 12.107 10.186 10.742 10.671 11.211 10.468 14.355 11.741 10.804 11.255 10.918 10.946 11.200
7.505 13.805 21.075 29.249 26.655 15.070 7.656 6.628 6.555 6.605 6.593 6.267 6.055 6.080 6.933 11.303 13.251 12.017 6.588 6.377 10.402 11.104 11.812 12.583 7.901 9.321 9.183 10.432 8.778 9.992 9.334 11.154 10.126 8.420 8.194 8.646 9.480 8.723 12.648 9.797 11.449 10.660 10.314 11.784 9.193 14.102 10.456 11.172 10.308 11.363 12.304 10.748 10.341 12.447 13.165 11.874 15.408 11.152 11.497 11.989 11.504 11.110
7.449 7.660 17.721 17.816 27.109 24.743 16.078 7.360 6.726 6.694 6.873 6.663 6.310 6.155 6.568 7.689 11.211 11.065 7.594 6.756 7.713 10.872 11.487 9.257 9.751 7.858 8.677 8.800 14.430 9.423 11.189 9.434 8.572 8.368 8.391 8.557 8.788 8.955 9.036 9.447 10.174 9.948 11.079 13.007 12.692 15.771 12.187 12.028 12.930 10.436 12.663 10.305 10.223 10.929 12.881 16.512 12.024 12.491 11.121 11.741 11.572 13.017
6.554 7.883 9.315 10.223 12.904 27.106 20.269 14.395 7.264 7.015 6.925 6.985 6.542 6.342 6.249 6.817 8.652 7.008 7.072 9.468 7.224 13.968 9.346 11.832 11.734 8.972 10.476 10.492 8.977 9.506 11.922 12.778 10.283 8.672 8.537 10.132 9.076 8.999 9.851 9.167 12.845 13.083 10.681 10.443 10.711 11.324 12.492 10.903 12.134 14.132 9.995 9.700 9.668 10.088 12.994 13.289 12.280 15.108 11.758 11.328 11.679 11.420
4.706 4.995 5.916 7.890 15.548 20.172 24.560 20.960 10.066 7.333 7.077 7.051 7.053 6.622 7.677 6.705 6.986 6.912 6.691 6.791 7.088 15.116 11.366 12.368 9.880 11.207 9.751 14.063 10.432 11.575 12.962 9.952 8.813 8.477 10.411 10.215 9.126 8.854 10.773 9.558 9.509 11.059 11.274 12.070 11.760 10.400 12.778 10.782 11.019 10.167 9.473 12.500 9.897 9.823 11.742 14.275 11.981 13.782 14.006 13.168 11.471 11.564
5.042 4.946 5.042 5.640 8.055 20.096 24.284 23.597 21.742 7.841 7.514 7.246 7.150 7.454 6.707 6.904 7.185 7.172 6.789 6.824 6.692 12.031 11.034 12.947 9.853 12.147 9.869 12.350 11.980 10.412 10.718 9.431 8.795 9.342 12.899 10.094 9.179 9.171 8.940 9.275 10.682 9.681 10.237 10.814 12.293 12.871 10.764 12.464 11.363 9.243 9.420 11.023 9.738 10.210 11.012 11.363 11.474 12.076 15.837 11.930 11.847 11.896
5.127 5.102 5.145 5.114 5.720 6.231 12.466 13.808 9.986 10.271 14.325 7.768 7.333 7.238 7.114 6.832 7.194 9.197 7.105 7.073 8.062 6.717 8.764 10.034 9.854 10.221 9.891 10.296 14.525 10.021 9.501 9.339 9.477 12.961 14.659 11.963 9.181 9.089 9.380 9.584 9.298 12.458 10.069 10.312 12.091 12.717 10.291 10.796 9.306 9.591 11.312 11.344 11.279 11.447 13.118 13.812 11.931 12.580 12.413 13.381 12.680 11.875
5.241 5.209 5.196 5.235 5.222 5.310 5.448 7.763 14.175 18.513 25.853 17.772 8.864 7.365 6.846 7.393 13.070 7.649 7.407 7.062 8.243 6.551 7.874 9.152 10.976 11.174 11.724 12.159 10.873 9.894 9.481 9.730 12.278 14.232 12.110 9.423 9.548 12.407 9.499 9.467 9.227 9.549 10.076 11.700 12.201 12.771 10.259 9.793 12.512 11.241 14.213 11.405 12.837 13.610 13.613 14.068 12.271 14.769 11.890 13.427 14.635 12.888
6.592 5.998 6.008 5.934 5.962 5.341 5.354 5.578 6.527 12.901 24.393 24.937 15.575 8.540 7.111 6.987 6.803 7.195 7.921 9.882 6.780 6.632 7.828 9.440 10.444 9.694 12.698 12.865 9.845 9.632 9.700 9.860 9.684 10.745 9.644 10.503 9.560 12.494 12.153 12.060 11.258 9.259 9.686 9.692 11.520 10.288 10.194 14.384 13.653 12.306 12.057 14.896 12.974 11.493 11.886 13.350 14.265 13.531 12.820 12.475 13.259 12.722
7.388 8.778 17.412 16.051 7.271 7.443 5.558 5.352 5.486 7.359 11.493 19.281 26.558 14.161 7.666 7.580 6.846 7.282 14.173 6.581 6.859 6.722 8.131 11.520 9.481 11.615 11.419 9.916 9.697 9.506 10.583 16.085 9.666 11.699 10.206 10.076 9.631 9.663 9.862 9.018 9.468 10.856 10.121 9.798 9.592 11.100 18.529 11.783 12.165 14.642 12.111 12.881 13.881 14.687 16.204 16.409 14.816 12.219 17.456 12.576 12.403 13.081
7.190 13.626 20.829 25.253 21.391 14.975 7.851 5.446 5.389 5.623 8.110 8.339 20.556 27.892 12.551 11.322 6.906 9.735 14.679 7.286 6.595 6.696 7.679 10.447 9.843 9.967 10.356 12.005 10.732 10.027 9.937 12.371 12.375 14.534 12.164 10.025 9.884 12.523 11.409 13.006 10.099 13.744 10.215 9.507 9.882 16.045 13.916 14.040 15.601 12.010 11.693 12.025 13.163 14.753 13.078 12.614 15.658 15.807 16.958 12.932 14.165 15.315
7.023 7.485 8.264 12.267 27.311 26.873 11.707 6.119 5.333 5.462 6.285 9.398 20.831 30.634 26.242 9.433 10.875 7.430 8.291 7.105 6.787 6.675 7.353 9.276 9.684 12.155 11.910 10.647 14.437 9.473 12.124 18.603 10.980 11.278 11.088 10.098 12.006 13.273 10.967 12.559 13.823 11.597 9.934 9.894 9.729 10.614 16.041 12.750 14.024 14.772 14.592 12.862 13.792 15.097 19.243 16.021 13.973 15.317 12.844 13.663 14.704 14.817
6.762 7.167 7.608 8.016 21.757 22.689 24.095 7.653 5.873 5.387 5.629 7.337 12.591 27.735 30.144 10.148 7.635 7.289 8.655 10.854 7.147 6.800 7.970 12.812 12.774 10.907 11.771 11.645 10.829 9.583 11.813 13.550 13.532 11.045 10.354 10.768 14.545 15.288 13.354 10.358 10.296 11.134 10.527 14.021 11.769 10.226 9.778 15.529 12.350 13.975 12.359 10.562 11.350 12.375 14.408 16.544 14.384 14.725 12.691 14.680 15.312 18.222
6.658 6.812 7.238 8.126 11.357 24.768 27.394 9.492 9.121 5.733 5.512 5.851 9.037 26.739 29.646 17.074 7.478 7.222 8.501 7.693 7.448 9.490 10.853 11.895 12.017 12.800 12.420 9.791 9.688 9.572 12.881 11.802 10.990 11.608 12.313 10.345 10.408 12.645 12.458 13.495 10.182 11.825 12.697 12.437 15.979 9.699 9.926 10.984 18.677 22.486 10.823 10.463 12.278 12.944 13.024 14.297 13.063 11.860 11.745 12.171 12.900 17.636
6.706 6.878 6.848 7.222 7.615 24.373 17.158 11.054 8.578 6.297 5.580 5.562 6.288 10.818 26.164 14.415 7.535 7.350 7.459 9.308 7.469 7.568 9.098 11.710 9.952 9.918 10.102 9.695 9.226 9.280 10.395 12.964 12.507 10.618 12.833 10.488 11.514 10.205 10.629 12.600 13.516 13.399 12.779 10.781 11.826 10.992 9.635 10.276 12.583 11.692 11.183 11.956 12.616 15.491 14.719 12.536 13.119 13.925 11.700 11.571 11.961 16.741
6.713 6.705 6.876 6.976 7.511 7.721 7.666 7.950 8.254 7.946 5.840 5.515 5.548 6.972 10.292 10.659 9.634 9.733 10.106 7.678 9.167 8.338 15.704 10.084 11.764 11.634 11.781 9.365 9.360 9.513 10.356 12.720 10.439 14.453 10.773 11.545 12.550 11.990 10.373 10.552 12.688 11.720 12.058 9.655 9.975 10.737 10.397 10.041 10.271 10.318 11.391 16.680 12.268 15.197 12.720 13.108 14.016 13.047 16.219 11.648 11.662 17.503
7.320 6.963 7.019 7.805 7.074 7.156 7.918 20.010 7.864 8.874 6.264 5.965 5.582 5.860 10.281 22.640 21.615 8.851 8.273 7.583 8.265 8.849 15.990 11.637 11.160 9.930 10.030 10.889 9.398 13.302 12.010 12.481 11.923 10.114 11.637 13.052 10.944 10.990 9.923 10.940 13.087 19.605 10.114 9.951 12.818 10.040 10.202 9.973 10.873 10.464 11.000 14.925 12.168 15.115 14.784 12.572 14.780 13.542 12.676 15.799 13.612 15.123
