LISFLOOD_FP/multi_tiles/Results/MULTIPLE_TILES_Monte_Carlo_LISFLOOD/version_1/4_LISFLOOD_FP/combined_output/combined_angle_0_x_0_y_0/out.mxe
ncols         192
nrows         192
xllcorner     1771145.000000
yllcorner     5471774.000000
cellsize      10.000000
NODATA_value  -9999.000000
[rows 84 to 111 of 192, columns 62 to 123 of 192]
10.910 10.912 10.915 10.919 10.923 10.924 10.925 -9999.000 10.977 10.978 -9999.000 11.006 11.008 11.011 11.019 -9999.000 -9999.000 10.083 10.081 10.079 10.079 10.078 -9999.000 -9999.000 9.743 -9999.000 10.313 10.368 10.376 -9999.000 -9999.000 -9999.000 -9999.000 -9999.000 -9999.000 -9999.000 -9999.000 -9999.000 -9999.000 -9999.000 -9999.000 -9999.000 -9999.000 -9999.000 -9999.000 -9999.000 -9999.000 -9999.000 -9999.000 -9999.000 -9999.000 -9999.000 -9999.000 -9999.000 -9999.000 -9999.000 -9999.000 -9999.000 -9999.000 -9999.000 -9999.000 -9999.000
10.913 10.914 10.919 10.923 10.925 10.928 10.925 -9999.000 10.985 10.995 11.011 11.013 11.016 11.019 11.024 -9999.000 10.092 10.086 10.083 10.082 10.081 10.080 10.079 10.002 9.797 -9999.000 -9999.000 10.291 10.405 10.422 -9999.000 -9999.000 -9999.000 -9999.000 -9999.000 -9999.000 -9999.000 -9999.000 -9999.000 -9999.000 -9999.000 -9999.000 -9999.000 -9999.000 -9999.000 -9999.000 -9999.000 -9999.000 -9999.000 -9999.000 -9999.000 -9999.000 -9999.000 -9999.000 -9999.000 -9999.000 -9999.000 -9999.000 -9999.000 -9999.000 -9999.000 -9999.000
10.915 10.918 10.923 10.927 10.930 10.932 10.937 -9999.000 -9999.000 -9999.000 11.013 11.018 11.023 11.027 11.031 10.886 10.478 10.090 10.085 10.083 10.082 10.082 -9999.000 9.912 -9999.000 -9999.000 -9999.000 10.327 10.413 10.662 10.659 -9999.000 -9999.000 -9999.000 -9999.000 -9999.000 -9999.000 -9999.000 -9999.000 -9999.000 -9999.000 -9999.000 -9999.000 -9999.000 -9999.000 -9999.000 -9999.000 -9999.000 -9999.000 -9999.000 -9999.000 -9999.000 -9999.000 -9999.000 -9999.000 -9999.000 -9999.000 -9999.000 -9999.000 -9999.000 -9999.000 -9999.000
10.918 10.922 10.926 10.930 10.933 10.937 10.942 10.947 -9999.000 -9999.000 -9999.000 11.022 11.032 11.037 11.043 11.047 10.717 10.153 10.087 10.084 10.083 10.083 -9999.000 -9999.000 -9999.000 -9999.000 -9999.000 10.138 -9999.000 10.874 -9999.000 11.196 -9999.000 11.202 -9999.000 -9999.000 -9999.000 -9999.000 -9999.000 -9999.000 -9999.000 -9999.000 -9999.000 -9999.000 -9999.000 -9999.000 -9999.000 -9999.000 -9999.000 -9999.000 -9999.000 -9999.000 -9999.000 -9999.000 -9999.000 -9999.000 -9999.000 -9999.000 -9999.000 -9999.000 -9999.000 -9999.000
10.921 10.924 10.930 10.933 10.939 10.945 10.947 10.949 -9999.000 -9999.000 -9999.000 -9999.000 11.039 11.046 11.063 11.077 11.054 10.117 10.086 10.084 10.084 10.083 -9999.000 -9999.000 -9999.000 -9999.000 -9999.000 -9999.000 -9999.000 11.071 11.191 11.196 11.202 11.202 -9999.000 -9999.000 -9999.000 -9999.000 -9999.000 -9999.000 -9999.000 -9999.000 11.806 -9999.000 11.783 10.472 -9999.000 -9999.000 -9999.000 -9999.000 -9999.000 -9999.000 -9999.000 -9999.000 -9999.000 -9999.000 -9999.000 -9999.000 -9999.000 -9999.000 -9999.000 -9999.000
-9999.000 10.930 10.934 10.939 10.948 10.952 10.952 10.954 10.957 -9999.000 -9999.000 -9999.000 11.055 11.066 11.101 11.111 11.145 10.899 10.085 10.084 10.084 10.083 10.083 -9999.000 -9999.000 -9999.000 -9999.000 -9999.000 -9999.000 -9999.000 11.199 11.201 11.205 11.203 -9999.000 -9999.000 -9999.000 -9999.000 -9999.000 -9999.000 -9999.000 11.873 11.867 11.864 11.863 -9999.000 -9999.000 -9999.000 -9999.000 -9999.000 -9999.000 -9999.000 -9999.000 -9999.000 -9999.000 -9999.000 -9999.000 -9999.000 -9999.000 -9999.000 -9999.000 -9999.000
-9999.000 -9999.000 10.940 10.946 10.956 10.959 10.956 10.958 10.959 10.965 -9999.000 -9999.000 -9999.000 -9999.000 11.135 11.144 11.165 -9999.000 10.084 10.084 10.083 10.083 -9999.000 -9999.000 -9999.000 -9999.000 -9999.000 -9999.000 -9999.000 11.137 11.201 11.203 11.210 -9999.000 -9999.000 -9999.000 -9999.000 -9999.000 -9999.000 -9999.000 11.879 11.879 -9999.000 11.863 11.863 -9999.000 -9999.000 -9999.000 -9999.000 -9999.000 -9999.000 -9999.000 -9999.000 -9999.000 -9999.000 -9999.000 -9999.000 -9999.000 -9999.000 -9999.000 -9999.000 -9999.000
-9999.000 -9999.000 -9999.000 -9999.000 10.968 10.973 10.960 10.961 10.962 10.974 -9999.000 -9999.000 -9999.000 11.161 11.162 11.172 11.183 -9999.000 10.083 10.083 10.083 10.083 -9999.000 -9999.000 -9999.000 -9999.000 -9999.000 9.866 9.961 9.849 -9999.000 11.209 11.228 11.248 11.630 11.697 -9999.000 -9999.000 -9999.000 -9999.000 -9999.000 11.898 -9999.000 11.862 11.863 11.864 -9999.000 -9999.000 12.479 12.479 12.444 -9999.000 -9999.000 -9999.000 -9999.000 -9999.000 -9999.000 -9999.000 -9999.000 -9999.000 -9999.000 -9999.000
-9999.000 -9999.000 -9999.000 -9999.000 10.976 11.002 -9999.000 10.966 10.971 10.988 11.035 -9999.000 -9999.000 -9999.000 11.177 11.203 11.213 -9999.000 10.083 10.083 10.083 10.083 10.083 -9999.000 -9999.000 -9999.000 -9999.000 -9999.000 10.007 -9999.000 -9999.000 11.200 11.232 11.586 11.721 11.727 11.735 -9999.000 -9999.000 -9999.000 -9999.000 12.397 12.455 -9999.000 -9999.000 -9999.000 -9999.000 12.479 12.479 -9999.000 11.587 -9999.000 -9999.000 -9999.000 -9999.000 -9999.000 -9999.000 -9999.000 -9999.000 -9999.000 -9999.000 -9999.000
-9999.000 -9999.000 -9999.000 -9999.000 11.194 11.043 11.040 11.031 -9999.000 11.101 11.144 -9999.000 -9999.000 -9999.000 -9999.000 11.254 11.260 -9999.000 10.083 10.083 10.083 10.083 -9999.000 -9999.000 -9999.000 -9999.000 10.039 10.120 10.098 -9999.000 11.084 11.137 -9999.000 11.716 11.723 11.730 11.739 11.746 -9999.000 -9999.000 12.469 12.468 12.465 -9999.000 -9999.000 -9999.000 -9999.000 -9999.000 12.479 12.479 12.448 12.479 -9999.000 -9999.000 -9999.000 -9999.000 -9999.000 -9999.000 -9999.000 -9999.000 -9999.000 -9999.000
-9999.000 -9999.000 -9999.000 -9999.000 11.220 11.084 -9999.000 -9999.000 -9999.000 11.482 11.509 11.594 -9999.000 -9999.000 -9999.000 11.299 11.302 -9999.000 10.084 10.083 10.083 10.083 -9999.000 -9999.000 -9999.000 10.113 -9999.000 10.127 10.148 10.494 10.926 -9999.000 11.660 11.720 11.722 11.728 11.748 11.752 -9999.000 12.354 12.469 12.470 12.473 -9999.000 -9999.000 -9999.000 -9999.000 -9999.000 -9999.000 12.479 12.479 12.480 12.480 12.480 -9999.000 -9999.000 -9999.000 -9999.000 -9999.000 -9999.000 -9999.000 -9999.000
-9999.000 -9999.000 -9999.000 -9999.000 11.350 11.196 -9999.000 -9999.000 -9999.000 11.598 11.600 11.602 11.604 -9999.000 -9999.000 11.342 11.348 11.195 10.085 10.082 -9999.000 -9999.000 -9999.000 -9999.000 -9999.000 10.121 10.121 10.122 10.130 -9999.000 -9999.000 -9999.000 -9999.000 11.670 -9999.000 -9999.000 11.754 11.762 11.764 11.825 -9999.000 -9999.000 12.478 12.479 -9999.000 -9999.000 -9999.000 -9999.000 -9999.000 -9999.000 12.480 12.480 -9999.000 12.480 12.480 -9999.000 -9999.000 -9999.000 -9999.000 -9999.000 -9999.000 -9999.000
-9999.000 -9999.000 -9999.000 -9999.000 11.460 11.434 -9999.000 -9999.000 -9999.000 11.608 11.607 11.606 11.604 11.602 -9999.000 11.379 11.385 11.406 -9999.000 -9999.000 -9999.000 -9999.000 9.642 10.021 10.112 10.119 10.120 10.121 -9999.000 -9999.000 -9999.000 -9999.000 -9999.000 11.751 11.773 11.772 11.775 11.776 -9999.000 -9999.000 12.480 12.480 12.480 12.480 12.481 12.482 12.484 12.482 12.481 12.481 12.481 12.481 12.481 12.481 12.481 12.481 -9999.000 -9999.000 -9999.000 -9999.000 -9999.000 -9999.000
-9999.000 -9999.000 -9999.000 11.595 11.537 11.546 -9999.000 11.614 11.614 11.611 11.610 11.610 -9999.000 -9999.000 11.441 11.412 11.414 11.416 -9999.000 -9999.000 -9999.000 11.717 -9999.000 -9999.000 -9999.000 10.690 -9999.000 -9999.000 -9999.000 -9999.000 -9999.000 -9999.000 -9999.000 -9999.000 -9999.000 -9999.000 11.786 11.789 11.795 11.795 -9999.000 -9999.000 12.482 12.484 -9999.000 -9999.000 12.491 -9999.000 -9999.000 12.481 12.481 12.481 12.481 -9999.000 12.481 -9999.000 -9999.000 -9999.000 -9999.000 -9999.000 -9999.000 -9999.000
-9999.000 -9999.000 11.615 11.604 11.586 11.596 11.612 11.615 11.615 11.614 11.612 11.612 -9999.000 -9999.000 11.442 11.444 11.446 11.450 -9999.000 -9999.000 11.716 11.717 11.623 10.887 10.871 10.802 10.717 -9999.000 -9999.000 -9999.000 -9999.000 -9999.000 -9999.000 -9999.000 11.828 -9999.000 -9999.000 11.796 11.800 -9999.000 -9999.000 12.491 12.491 12.493 12.496 12.496 12.496 12.496 -9999.000 12.481 12.481 12.481 12.481 12.493 -9999.000 -9999.000 -9999.000 -9999.000 -9999.000 -9999.000 -9999.000 -9999.000
-9999.000 11.626 11.626 11.614 11.606 11.611 11.616 11.617 11.616 11.616 11.615 11.616 -9999.000 -9999.000 -9999.000 11.476 11.479 11.489 11.578 11.676 11.709 11.719 11.725 -9999.000 -9999.000 -9999.000 10.699 10.697 -9999.000 10.602 10.127 -9999.000 11.804 11.827 11.828 -9999.000 -9999.000 11.802 11.811 11.817 11.817 -9999.000 12.496 12.496 12.496 12.496 12.496 12.496 12.496 -9999.000 12.481 12.481 -9999.000 12.504 -9999.000 -9999.000 -9999.000 -9999.000 -9999.000 -9999.000 -9999.000 -9999.000
-9999.000 11.627 11.637 11.622 11.616 11.618 11.620 11.621 11.622 11.623 11.622 11.623 11.622 -9999.000 -9999.000 11.502 11.503 11.517 11.561 11.657 11.717 11.727 11.731 -9999.000 10.700 10.700 10.698 10.694 10.691 10.685 -9999.000 10.839 11.751 11.826 11.829 11.829 11.825 11.817 11.819 11.819 -9999.000 -9999.000 12.497 12.497 12.497 -9999.000 12.497 -9999.000 -9999.000 -9999.000 -9999.000 -9999.000 -9999.000 12.505 12.491 12.466 -9999.000 -9999.000 -9999.000 -9999.000 -9999.000 -9999.000
-9999.000 -9999.000 11.679 11.641 11.622 11.622 11.624 11.625 11.629 11.631 11.631 11.629 -9999.000 -9999.000 11.522 11.522 11.522 -9999.000 -9999.000 -9999.000 11.736 11.741 11.742 -9999.000 -9999.000 10.703 -9999.000 10.692 -9999.000 -9999.000 -9999.000 -9999.000 -9999.000 -9999.000 11.830 11.830 11.831 11.832 11.827 11.822 -9999.000 -9999.000 12.497 12.497 12.497 12.498 12.498 12.498 12.498 -9999.000 -9999.000 -9999.000 -9999.000 12.505 12.505 12.487 -9999.000 -9999.000 -9999.000 -9999.000 -9999.000 -9999.000
-9999.000 -9999.000 11.756 11.706 11.632 11.626 11.627 11.632 11.636 11.643 11.644 11.635 -9999.000 -9999.000 -9999.000 11.538 11.542 -9999.000 -9999.000 -9999.000 11.755 11.757 11.755 11.501 10.970 10.812 10.700 10.690 -9999.000 10.176 -9999.000 -9999.000 -9999.000 -9999.000 11.830 -9999.000 -9999.000 11.837 11.836 -9999.000 12.016 -9999.000 12.497 -9999.000 12.498 12.498 12.498 12.498 12.498 -9999.000 -9999.000 -9999.000 -9999.000 12.505 12.505 12.505 -9999.000 -9999.000 -9999.000 -9999.000 -9999.000 -9999.000
-9999.000 -9999.000 11.840 11.829 11.776 11.630 11.632 11.640 11.670 11.675 11.672 11.639 11.639 -9999.000 11.598 11.604 11.601 -9999.000 -9999.000 -9999.000 11.792 11.779 11.769 -9999.000 -9999.000 10.690 10.688 10.687 10.653 10.576 -9999.000 -9999.000 11.854 -9999.000 11.846 11.851 11.850 11.842 11.841 11.841 12.128 11.900 -9999.000 12.497 12.498 12.498 12.498 12.498 12.499 -9999.000 -9999.000 -9999.000 -9999.000 12.505 12.506 12.506 -9999.000 -9999.000 -9999.000 -9999.000 -9999.000 -9999.000
-9999.000 -9999.000 11.913 11.921 11.883 11.822 11.645 11.657 11.718 11.723 11.744 -9999.000 -9999.000 11.894 -9999.000 11.669 11.656 -9999.000 -9999.000 -9999.000 11.839 11.824 11.799 -9999.000 -9999.000 10.689 -9999.000 10.684 10.676 10.638 -9999.000 11.857 11.856 -9999.000 11.853 11.852 11.851 11.847 11.846 -9999.000 12.216 -9999.000 12.494 12.497 12.498 12.498 12.498 12.499 12.499 -9999.000 -9999.000 -9999.000 12.506 12.506 12.506 12.506 12.507 -9999.000 -9999.000 -9999.000 -9999.000 -9999.000
-9999.000 -9999.000 11.949 11.943 11.901 -9999.000 11.681 11.729 11.808 11.825 11.837 -9999.000 -9999.000 11.894 11.890 11.714 11.681 11.681 -9999.000 11.876 11.876 11.872 11.867 -9999.000 -9999.000 -9999.000 -9999.000 -9999.000 -9999.000 -9999.000 -9999.000 -9999.000 11.856 11.855 11.854 11.854 11.853 11.851 11.851 11.854 12.301 12.435 12.484 -9999.000 12.498 12.498 12.499 12.499 12.501 12.503 12.504 12.506 12.506 -9999.000 -9999.000 12.507 12.507 -9999.000 -9999.000 -9999.000 -9999.000 -9999.000
-9999.000 11.994 11.973 11.966 -9999.000 -9999.000 -9999.000 11.804 11.870 11.912 11.919 -9999.000 -9999.000 11.894 11.892 11.781 11.794 -9999.000 -9999.000 11.877 11.906 11.909 11.922 -9999.000 -9999.000 -9999.000 -9999.000 -9999.000 -9999.000 -9999.000 11.861 11.860 11.858 11.856 11.855 11.854 11.853 11.853 11.854 11.855 -9999.000 -9999.000 12.484 -9999.000 12.498 12.498 12.499 12.500 12.501 12.504 12.505 12.506 12.507 12.507 12.507 12.507 12.507 -9999.000 -9999.000 -9999.000 -9999.000 -9999.000
-9999.000 11.999 11.991 11.988 12.008 -9999.000 -9999.000 -9999.000 11.933 11.975 11.965 -9999.000 -9999.000 11.894 11.895 11.855 11.869 -9999.000 -9999.000 -9999.000 11.930 11.930 11.935 -9999.000 -9999.000 -9999.000 -9999.000 -9999.000 -9999.000 11.863 11.862 11.860 11.859 11.857 11.856 11.854 11.854 11.855 11.859 11.855 -9999.000 12.484 12.484 12.484 -9999.000 -9999.000 -9999.000 -9999.000 12.503 12.505 12.506 12.507 12.508 12.508 12.508 12.508 -9999.000 -9999.000 -9999.000 -9999.000 -9999.000 -9999.000
12.006 12.005 12.004 12.004 12.009 -9999.000 -9999.000 -9999.000 11.980 11.997 11.992 -9999.000 11.943 -9999.000 11.911 11.899 11.902 -9999.000 -9999.000 11.945 11.945 11.946 11.948 -9999.000 -9999.000 -9999.000 -9999.000 11.864 11.863 11.863 11.863 -9999.000 -9999.000 -9999.000 -9999.000 -9999.000 -9999.000 -9999.000 11.880 -9999.000 -9999.000 -9999.000 12.484 -9999.000 -9999.000 12.511 12.511 -9999.000 -9999.000 12.508 12.508 12.509 12.509 12.509 12.509 12.509 12.508 -9999.000 -9999.000 -9999.000 -9999.000 -9999.000
12.007 12.006 12.006 12.009 12.013 12.018 -9999.000 -9999.000 12.019 12.034 12.036 -9999.000 11.943 11.943 11.938 11.933 11.941 11.951 -9999.000 -9999.000 11.958 11.959 11.962 11.969 -9999.000 -9999.000 -9999.000 11.864 11.864 11.864 11.867 11.877 11.882 11.890 11.898 11.901 11.903 11.903 11.900 11.898 -9999.000 12.489 12.486 -9999.000 12.511 12.511 12.511 12.511 12.511 12.510 12.510 12.510 12.510 12.510 12.510 12.510 -9999.000 -9999.000 -9999.000 -9999.000 -9999.000 -9999.000
12.007 12.007 12.008 12.012 12.019 12.029 12.036 12.040 12.047 12.070 12.080 -9999.000 -9999.000 11.943 11.948 11.947 11.953 11.960 11.968 11.970 11.968 11.969 11.970 11.974 -9999.000 -9999.000 11.864 11.864 11.864 11.864 11.855 -9999.000 -9999.000 -9999.000 -9999.000 11.902 11.903 11.906 11.908 -9999.000 -9999.000 -9999.000 -9999.000 -9999.000 12.511 -9999.000 -9999.000 12.511 -9999.000 12.511 12.511 12.511 12.511 12.511 12.512 12.513 -9999.000 -9999.000 12.492 -9999.000 -9999.000 -9999.000
12.006 12.007 12.011 12.016 12.023 12.039 12.047 12.050 12.063 12.088 12.096 -9999.000 -9999.000 -9999.000 11.956 11.955 11.961 11.966 11.972 11.974 11.974 11.975 11.977 11.980 11.984 -9999.000 -9999.000 11.863 -9999.000 11.865 -9999.000 -9999.000 -9999.000 -9999.000 -9999.000 -9999.000 -9999.000 11.916 11.914 -9999.000 11.944 11.944 -9999.000 12.510 12.511 12.511 12.511 -9999.000 12.512 12.511 12.511 12.512 12.512 12.512 12.513 12.514 12.515 12.516 12.517 12.517 -9999.000 -9999.000
