LISFLOOD_FP/multi_tiles/Results/MULTIPLE_TILES_Monte_Carlo_LISFLOOD/version_1/4_LISFLOOD_FP/combined_output/combined_angle_0_x_0_y_0/out.max
ncols         192
nrows         192
xllcorner     1771145.000000
yllcorner     5471774.000000
cellsize      10.000000
NODATA_value  -9999.000000
[rows 102 to 135 of 192, columns 77 to 153 of 192]
4.793 5.278 0.000 0.000 0.000 2.116 3.297 3.015 0.282 1.620 0.244 0.354 1.002 0.000 0.028 0.000 0.000 0.000 0.000 1.589 0.000 0.000 1.903 1.919 0.000 0.616 0.000 1.897 0.000 2.137 2.007 1.948 1.903 1.475 0.000 0.000 0.000 0.000 1.016 0.623 0.136 0.000 0.000 0.000 0.000 0.000 0.000 0.000 0.000 0.000 0.000 0.000 0.000 0.000 0.000 0.000 0.000 0.000 0.000 0.000 0.000 0.000 0.000 0.000 0.000 0.000 0.000 0.000 0.000 0.000 0.000 0.000 0.000 0.000 0.000 0.000 0.000
2.758 4.018 0.000 0.000 0.000 1.662 3.234 2.877 0.000 0.000 0.631 1.068 0.951 0.209 0.084 0.000 0.000 1.381 0.000 0.227 1.559 0.520 2.047 2.282 1.498 0.065 0.613 0.000 1.758 2.154 2.077 1.897 1.773 0.836 0.000 0.000 0.000 0.000 1.075 0.965 0.323 0.000 0.000 0.000 0.000 0.000 0.000 0.000 0.000 0.000 0.000 0.000 0.000 0.000 0.000 0.000 0.000 0.000 0.000 0.000 0.000 0.000 0.000 0.000 0.000 0.000 0.000 0.000 0.000 0.000 0.000 0.000 0.000 0.000 0.000 0.000 0.000
3.861 4.488 0.000 0.000 0.000 2.265 3.073 1.417 0.000 0.000 1.045 0.000 1.254 0.618 0.197 0.000 0.626 0.802 0.000 0.858 0.572 0.425 2.392 1.582 0.000 1.838 0.000 1.330 1.872 2.254 2.243 2.015 1.817 1.514 0.000 0.000 0.000 0.686 0.686 0.786 0.437 0.226 0.000 0.000 0.000 0.000 0.000 0.000 0.000 0.000 0.000 0.000 0.000 0.000 0.000 0.000 0.000 0.000 0.000 0.000 0.000 0.000 0.000 0.000 0.000 0.000 0.000 0.000 0.000 0.000 0.000 0.000 0.000 0.000 0.000 0.000 0.000
5.261 4.450 0.946 0.000 2.017 2.984 2.830 0.808 0.000 0.000 0.000 0.000 0.000 0.000 0.000 0.000 0.000 0.829 0.677 2.157 1.797 1.792 2.527 2.314 1.009 0.199 0.406 0.792 0.000 2.188 2.109 2.090 1.917 1.810 1.611 1.402 0.803 1.092 0.000 0.000 0.646 0.333 0.000 0.000 0.000 0.000 0.000 0.000 0.000 0.000 0.000 0.000 0.000 0.000 0.000 0.000 0.000 0.000 0.000 0.000 0.000 0.000 0.000 0.000 0.000 0.000 0.000 0.000 0.000 0.000 0.000 0.000 0.000 0.000 0.000 0.000 0.000
5.071 0.004 0.000 0.000 0.369 2.703 3.169 2.033 0.000 0.000 0.000 0.000 0.000 0.000 0.000 1.144 2.401 0.837 2.310 1.926 1.775 2.286 2.396 0.987 0.802 0.000 0.000 1.901 0.000 1.047 2.206 1.324 1.628 1.599 1.588 1.434 1.212 1.064 1.106 0.975 0.822 0.339 0.000 0.000 0.000 0.000 0.000 0.000 0.000 0.000 0.000 0.000 0.000 0.000 0.000 0.000 0.000 0.000 0.000 0.000 0.000 0.000 0.000 0.000 0.000 0.000 0.000 0.000 0.000 0.000 0.000 0.000 0.000 0.000 0.000 0.000 0.000
4.877 2.950 0.000 0.000 0.000 3.034 3.236 2.569 0.000 0.000 0.000 0.000 0.000 0.000 1.302 2.283 2.209 2.199 2.070 0.910 0.134 0.636 2.355 2.073 0.744 0.000 0.745 1.453 0.754 0.000 0.000 0.000 0.000 0.951 1.524 1.270 1.484 0.995 0.789 0.770 0.491 0.000 0.000 0.000 0.000 0.000 0.000 0.000 0.000 0.000 0.000 0.000 0.000 0.000 0.000 0.000 0.000 0.000 0.000 0.000 0.000 0.000 0.000 0.000 0.000 0.000 0.000 0.000 0.000 0.000 0.000 0.000 0.000 0.000 0.000 0.000 0.000
5.055 1.285 0.000 0.000 0.799 3.115 3.222 2.862 0.000 0.000 0.000 0.000 1.665 0.658 2.590 2.425 0.000 0.000 0.000 0.000 0.000 0.000 0.000 1.404 0.000 0.000 0.000 1.947 0.000 0.000 1.186 1.077 0.000 0.000 1.281 1.384 1.039 1.097 0.804 0.392 0.322 0.145 0.000 0.000 0.000 0.000 0.000 0.000 0.000 0.000 0.000 0.000 0.000 0.000 0.000 0.000 0.000 0.000 0.000 0.000 0.000 0.000 0.000 0.000 0.000 0.000 0.000 0.000 0.000 0.000 0.000 0.000 0.000 0.000 0.000 0.000 0.000
5.444 4.270 1.798 0.000 0.000 3.196 3.214 3.117 2.120 0.000 0.000 0.000 0.530 2.512 2.602 1.006 1.236 2.373 1.105 1.444 1.526 1.225 1.714 1.487 0.490 0.000 2.035 0.212 0.000 1.328 2.073 1.915 1.739 0.358 1.197 1.638 1.304 1.192 1.002 0.690 0.318 0.000 0.000 0.000 0.000 0.000 0.000 0.000 0.000 0.000 0.000 0.000 0.000 0.000 0.000 0.000 0.000 0.000 0.000 0.000 0.000 0.000 0.000 0.000 0.000 0.000 0.000 0.000 0.000 0.000 0.000 0.000 0.000 0.000 0.000 0.000 0.000
4.649 3.271 3.505 2.310 2.847 3.262 3.214 3.146 2.891 0.000 0.000 0.297 0.863 1.808 2.577 0.162 0.000 0.000 0.000 0.000 1.607 1.409 2.018 2.193 0.000 0.000 0.000 0.000 0.000 0.764 0.000 0.000 1.478 0.000 1.589 1.734 1.461 1.360 0.966 0.389 0.538 0.000 0.000 0.002 0.000 0.000 0.000 0.000 0.000 0.000 0.000 0.000 0.000 0.000 0.000 0.000 0.000 0.000 0.000 0.000 0.000 0.000 0.000 0.000 0.000 0.000 0.000 0.000 0.000 0.000 0.000 0.000 0.000 0.000 0.000 0.000 0.000
5.032 4.048 2.930 2.910 3.236 3.245 3.248 3.128 3.081 2.394 0.000 0.000 0.863 0.000 2.001 0.000 0.000 0.000 0.000 0.000 0.000 0.000 1.054 2.070 0.000 1.328 0.133 0.000 0.132 1.672 1.691 1.231 0.000 1.250 1.977 1.711 1.725 1.525 1.235 1.093 0.889 0.537 0.290 0.265 0.198 0.000 0.000 0.000 0.000 0.000 0.000 0.000 0.000 0.000 0.000 0.000 0.000 0.000 0.000 0.000 0.000 0.000 0.000 0.000 0.000 0.000 0.000 0.000 0.000 0.000 0.000 0.000 0.000 0.000 0.000 0.000 0.000
1.701 3.932 2.919 2.983 3.257 3.232 3.200 3.133 3.083 2.800 0.000 0.398 0.081 2.065 2.272 1.578 0.000 1.680 2.075 0.000 0.000 0.000 1.408 1.694 1.465 0.460 0.000 0.000 0.000 1.240 1.751 1.647 0.850 1.338 1.793 1.764 1.794 1.570 1.280 1.203 1.075 0.672 0.393 0.428 0.261 0.000 0.000 0.000 0.000 0.000 0.000 0.000 0.000 0.000 0.000 0.000 0.000 0.000 0.000 0.000 0.000 0.000 0.000 0.000 0.000 0.000 0.000 0.000 0.000 0.000 0.000 0.000 0.000 0.000 0.000 0.000 0.000
2.994 3.588 1.111 3.100 3.185 3.154 3.158 3.122 3.110 3.020 1.519 0.000 0.155 0.000 0.000 1.977 0.000 2.281 1.218 0.000 0.000 0.000 1.709 0.938 1.767 1.619 0.000 0.614 0.305 0.000 0.000 0.000 0.000 0.715 1.481 1.698 1.613 1.364 1.204 1.073 1.185 0.695 0.360 0.547 0.419 0.000 0.000 0.000 0.000 0.000 0.000 0.000 0.000 0.000 0.000 0.000 0.000 0.000 0.000 0.000 0.000 0.000 0.000 0.000 0.000 0.000 0.000 0.000 0.000 0.000 0.000 0.000 0.000 0.000 0.000 0.000 0.000
1.743 3.425 2.890 3.281 3.201 3.149 3.113 3.072 3.062 3.070 2.747 0.544 0.000 2.327 1.263 1.881 2.163 1.713 1.084 0.000 0.000 0.431 1.237 1.177 1.909 1.526 0.000 0.828 0.129 0.000 0.000 0.000 0.000 1.354 1.766 1.781 1.562 1.327 1.239 1.182 1.263 1.048 0.839 0.824 0.651 0.000 0.000 0.000 0.000 0.000 0.000 0.000 0.000 0.000 0.000 0.000 0.000 0.000 0.000 0.000 0.000 0.000 0.000 0.000 0.000 0.000 0.000 0.000 0.000 0.000 0.000 0.000 0.000 0.000 0.000 0.000 0.000
2.116 3.541 3.217 2.970 3.155 3.195 3.092 3.012 3.013 3.005 2.918 2.675 0.963 0.703 0.000 2.054 2.296 0.548 0.000 0.000 0.000 0.000 0.000 0.633 0.000 1.479 1.746 1.224 0.546 0.000 0.000 0.000 0.000 0.000 1.835 1.775 1.537 1.356 1.204 1.206 1.214 1.068 0.947 0.924 0.584 0.000 0.000 0.000 0.000 0.000 0.000 0.000 0.000 0.000 0.000 0.000 0.000 0.000 0.000 0.000 0.000 0.000 0.000 0.000 0.000 0.000 0.000 0.000 0.000 0.000 0.000 0.000 0.000 0.000 0.000 0.000 0.000
0.000 2.766 3.073 1.938 3.157 3.149 3.127 3.050 2.957 2.872 2.913 2.875 2.347 0.000 0.000 0.000 0.000 1.923 0.000 0.000 0.000 0.000 0.451 0.078 0.334 1.455 1.444 1.898 0.000 0.000 0.676 1.219 1.591 1.650 1.709 1.740 0.000 1.148 1.314 1.188 1.250 1.102 0.998 0.967 0.423 0.000 0.000 0.000 0.000 0.000 0.000 0.000 0.000 0.000 0.000 0.000 0.000 0.000 0.000 0.000 0.000 0.000 0.000 0.000 0.000 0.000 0.000 0.000 0.000 0.000 0.000 0.000 0.000 0.000 0.000 0.000 0.000
0.000 0.000 2.572 3.034 3.156 3.113 3.048 2.962 2.929 2.846 2.825 2.836 2.718 2.081 0.000 0.000 0.000 2.406 0.013 0.006 0.000 0.000 0.000 0.000 0.000 1.579 1.702 1.680 0.000 1.625 1.961 1.812 1.537 1.718 1.624 1.515 1.451 1.461 1.572 1.241 1.156 1.063 0.947 1.005 0.708 0.000 0.000 0.000 0.000 0.000 0.000 0.000 0.000 0.000 0.000 0.000 0.000 0.000 0.000 0.000 0.000 0.000 0.000 0.000 0.000 0.000 0.000 0.000 0.000 0.000 0.000 0.000 0.000 0.000 0.000 0.000 0.000
0.000 0.000 2.900 0.538 2.972 3.019 3.009 2.951 2.863 2.807 2.782 2.781 2.729 2.596 2.049 0.000 0.000 1.459 0.000 0.000 0.000 0.000 0.000 0.000 0.000 1.710 1.836 1.175 0.000 0.000 0.592 1.600 1.640 1.645 1.599 1.303 1.160 1.324 1.184 1.180 1.090 0.986 0.975 1.025 0.953 0.109 0.000 0.000 0.000 0.000 0.000 0.000 0.000 0.000 0.000 0.000 0.000 0.000 0.000 0.000 0.000 0.000 0.000 0.000 0.000 0.000 0.000 0.000 0.000 0.000 0.000 0.000 0.000 0.000 0.000 0.000 0.000
0.000 0.000 2.539 2.688 0.000 2.833 2.954 2.901 2.791 2.783 2.771 2.735 2.687 2.623 2.494 2.179 0.267 0.000 0.000 0.000 0.000 0.000 0.000 0.000 0.000 0.000 1.738 0.000 1.044 1.055 1.247 1.326 1.492 1.579 1.452 0.000 1.610 1.592 1.474 1.260 1.201 1.164 1.137 1.032 0.903 0.295 0.000 0.000 0.000 0.000 0.000 0.000 0.000 0.000 0.000 0.000 0.000 0.000 0.000 0.000 0.000 0.000 0.000 0.000 0.000 0.000 0.000 0.000 0.000 0.000 0.000 0.000 0.000 0.000 0.000 0.000 0.000
3.840 2.839 2.232 0.865 0.000 2.813 2.888 2.833 2.740 2.696 2.708 2.695 2.600 2.544 2.480 2.455 2.275 1.906 0.000 0.000 0.000 0.000 0.000 0.000 0.000 0.000 1.699 1.082 1.340 0.000 0.000 1.090 1.363 1.661 2.062 1.780 1.608 1.825 1.645 1.311 1.254 1.299 1.272 1.333 1.157 0.024 0.000 0.000 0.000 0.000 0.494 0.000 0.000 0.000 0.000 0.000 0.000 0.000 0.000 0.000 0.000 0.000 0.000 0.000 0.000 0.000 0.000 0.000 0.000 0.000 0.000 0.000 0.000 0.000 0.000 0.000 0.000
1.968 2.878 3.025 0.000 0.000 2.600 2.800 2.768 2.705 2.656 2.622 2.615 2.470 2.469 2.493 2.390 2.247 2.264 2.083 1.419 0.620 0.000 0.000 0.000 0.000 1.049 1.351 0.000 0.000 0.668 0.355 1.127 1.636 2.006 1.297 0.000 0.449 1.685 1.614 1.122 0.911 1.360 0.830 0.502 0.143 0.000 0.000 0.000 0.000 0.000 0.229 0.173 0.000 0.000 0.000 0.000 0.000 0.000 0.000 0.000 0.000 0.000 0.000 0.000 0.000 0.000 0.000 0.000 0.000 0.000 0.000 0.000 0.000 0.000 0.000 0.000 0.000
2.754 0.000 3.178 0.000 0.000 0.000 2.688 2.775 2.692 2.605 2.595 2.544 2.459 2.366 2.379 2.351 2.322 2.239 2.194 2.158 2.126 1.961 1.792 1.751 1.052 0.817 0.000 0.000 0.000 0.000 0.000 1.802 1.746 1.895 1.193 0.920 1.248 1.361 1.090 0.564 0.000 0.000 0.000 0.000 0.000 0.000 0.000 0.000 0.000 0.000 0.000 0.587 0.000 0.000 0.000 0.000 0.000 0.000 0.000 0.000 0.000 0.000 0.000 0.000 0.000 0.000 0.000 0.000 0.000 0.000 0.000 0.000 0.000 0.000 0.000 0.000 0.000
0.000 0.000 2.406 2.009 0.000 0.000 2.194 2.660 2.647 2.595 2.490 2.413 2.367 2.426 2.282 2.246 2.266 2.226 2.203 2.096 2.074 2.024 1.953 1.918 1.789 1.704 1.513 0.995 0.569 0.375 0.397 0.541 0.497 0.452 0.308 0.400 0.950 1.125 1.124 0.997 0.000 0.000 0.000 0.000 0.000 0.000 0.000 0.000 0.000 0.000 2.661 2.365 0.000 0.000 0.000 0.000 0.000 0.000 0.000 0.000 0.000 0.000 0.000 0.000 0.000 0.000 0.000 0.000 0.000 0.000 0.000 0.000 0.000 0.000 0.000 0.000 0.000
4.755 2.542 3.451 2.987 0.000 0.000 0.000 2.599 2.586 2.484 2.425 2.362 2.329 2.335 2.229 2.155 2.210 2.144 2.096 2.073 2.041 1.959 1.910 1.872 1.775 1.696 1.542 1.372 1.058 0.650 1.151 1.132 1.099 0.868 0.795 1.111 1.056 0.000 0.701 1.492 2.129 1.883 0.701 0.000 0.000 0.000 0.000 0.000 0.000 0.000 1.702 0.936 0.000 0.000 0.000 0.000 0.000 0.000 0.000 0.000 0.000 0.000 0.000 0.000 0.000 0.000 0.000 0.000 0.000 0.000 0.000 0.000 0.000 0.000 0.000 0.000 0.000
5.829 5.519 4.164 3.320 2.692 0.000 0.000 2.133 2.519 2.398 2.329 2.284 2.257 2.207 2.151 2.123 2.067 2.115 2.055 2.053 1.965 1.924 1.849 1.751 1.673 1.613 1.460 1.298 1.193 1.491 1.521 1.377 1.488 1.226 1.069 0.000 0.764 0.539 0.721 1.922 1.362 0.000 0.000 0.000 0.000 0.000 0.000 0.000 0.000 2.104 1.765 2.227 1.440 0.000 0.000 0.000 0.000 0.000 0.000 0.000 0.000 0.000 0.000 0.000 0.000 0.000 0.000 0.000 0.000 0.000 0.000 0.000 0.000 0.000 0.000 0.000 0.000
5.112 5.666 5.010 3.896 3.212 0.576 0.000 1.124 2.380 2.353 2.283 2.280 2.192 2.168 2.103 2.044 2.010 1.982 1.868 1.927 1.918 1.862 1.792 1.705 1.641 1.524 1.325 1.423 1.023 1.409 1.639 1.627 1.268 0.519 0.356 0.135 1.682 2.427 0.000 2.332 2.310 1.707 0.833 0.788 0.000 0.000 0.000 0.000 0.000 0.436 2.290 2.707 2.461 1.952 1.504 0.000 0.000 0.000 0.000 0.000 0.000 0.000 0.000 0.000 0.000 0.000 0.000 0.000 0.000 0.000 0.000 0.000 0.000 0.000 0.000 0.000 0.000
3.675 4.658 5.577 4.508 3.687 2.966 0.472 0.000 1.486 2.089 2.162 2.142 2.113 2.193 2.065 2.062 2.029 1.978 1.948 1.934 1.887 1.798 1.744 1.648 1.534 1.167 0.931 0.781 1.214 1.083 1.645 1.565 0.000 0.000 0.822 1.867 2.762 2.538 1.810 1.657 0.000 0.000 0.000 0.000 1.899 2.560 0.000 0.000 0.000 0.000 0.000 0.000 2.220 2.236 0.000 0.000 0.000 0.000 0.000 0.195 2.023 0.000 0.000 0.000 0.000 0.000 0.000 0.000 0.000 0.000 0.000 0.000 0.000 0.000 0.000 0.000 0.000
0.000 0.000 3.961 5.382 4.305 3.586 2.793 0.000 0.000 0.000 0.000 0.000 0.000 1.836 1.558 1.836 1.956 1.886 1.872 1.845 1.807 1.754 1.720 1.676 1.351 0.000 0.000 0.000 1.287 1.707 1.578 0.011 0.680 2.047 1.089 0.212 0.008 1.589 3.658 4.269 4.160 4.056 4.194 4.253 3.785 4.196 4.105 4.037 1.835 0.000 0.000 0.000 0.000 2.375 1.813 0.250 0.000 1.257 0.438 0.000 2.875 0.000 0.000 0.000 0.000 0.000 0.000 0.000 0.000 0.000 0.000 0.000 0.000 0.000 0.000 0.000 0.000
2.116 0.000 0.000 3.851 5.288 4.994 3.746 3.053 1.914 0.000 0.000 0.000 0.000 0.000 0.000 0.000 1.686 0.756 1.453 0.000 1.681 1.699 1.685 1.698 0.803 0.000 0.000 1.365 1.737 1.352 0.000 2.404 3.656 0.000 3.306 3.752 4.146 4.324 4.435 4.372 4.310 4.282 4.221 4.126 4.313 4.172 4.182 4.274 4.284 4.428 3.281 0.000 0.000 0.000 0.000 3.299 2.338 0.385 0.000 1.133 1.584 2.420 0.517 0.000 0.000 1.787 0.423 0.110 0.315 0.000 2.017 0.435 0.841 0.714 0.174 0.000 0.000
2.164 0.000 0.000 0.000 4.474 5.484 5.141 3.986 3.281 2.924 2.100 1.994 0.000 0.000 0.000 2.120 1.893 1.542 1.644 0.010 0.795 0.857 0.000 1.838 0.000 0.000 0.884 2.248 0.000 0.000 0.000 2.962 3.716 4.201 4.477 4.506 4.464 4.393 4.014 3.743 3.641 3.636 3.681 3.508 3.613 3.677 3.831 3.850 3.715 4.279 4.353 3.916 0.458 0.563 0.000 0.775 3.238 2.671 0.645 0.624 1.474 2.361 0.000 0.000 2.579 2.659 0.498 0.134 0.000 0.706 0.942 0.861 0.247 0.013 1.414 1.239 0.000
1.994 0.081 0.000 0.000 2.719 4.983 5.360 5.303 4.068 3.971 3.412 2.750 0.000 0.486 0.224 1.966 1.680 0.000 1.819 1.172 1.388 1.273 0.558 2.402 2.323 2.165 2.549 0.812 0.000 0.000 0.292 2.441 4.037 4.410 4.492 4.080 3.944 3.651 3.230 2.827 2.317 1.958 1.825 1.983 1.922 2.081 2.293 2.444 2.874 2.278 3.534 4.321 4.576 4.657 4.132 1.601 0.000 1.511 2.697 2.976 2.910 2.781 2.386 1.711 2.567 2.610 2.512 2.260 0.347 0.000 0.719 0.701 0.707 0.000 0.006 0.530 0.583
3.089 2.029 2.342 0.602 0.000 0.000 4.235 5.000 5.352 5.408 4.757 4.125 0.000 1.376 0.960 0.000 0.623 0.000 0.000 0.000 1.491 0.000 3.041 3.264 3.064 3.023 3.914 3.804 2.157 0.518 2.387 3.375 2.404 3.034 3.795 3.264 2.824 2.348 2.184 1.901 1.743 1.410 1.496 1.018 1.211 1.332 1.576 1.377 1.258 1.573 0.000 0.000 1.092 4.006 4.947 4.957 4.062 3.237 0.000 2.512 3.002 3.074 3.026 2.737 2.605 2.607 2.582 2.564 2.263 1.919 1.286 1.461 0.255 0.000 0.933 0.320 0.261
3.343 3.166 2.115 0.000 0.000 0.000 0.000 0.000 2.112 3.909 5.330 5.128 4.510 4.179 4.012 3.718 3.393 2.840 0.000 0.000 0.000 3.376 4.154 4.313 4.254 4.167 4.504 4.436 4.382 4.027 3.212 3.563 3.491 2.920 2.744 2.499 2.232 1.962 1.799 1.699 1.811 1.647 0.792 1.325 1.074 1.481 0.951 0.895 0.357 0.000 0.000 0.000 2.137 0.400 2.456 4.962 3.600 4.995 3.829 0.581 0.898 2.967 2.992 2.868 2.837 2.508 1.794 2.396 2.372 2.331 2.034 1.743 1.772 1.653 1.656 1.547 1.466
3.394 3.317 3.167 2.475 1.334 0.000 0.000 0.000 0.000 0.582 4.404 5.308 5.344 5.276 5.069 4.800 4.627 4.546 4.210 4.104 4.219 4.512 4.655 4.621 4.338 4.414 4.248 4.226 4.268 3.987 3.773 3.210 3.030 2.610 2.474 2.334 1.825 1.431 0.454 1.740 1.459 1.595 1.399 1.461 1.201 1.452 1.347 1.335 0.861 0.000 0.000 0.000 2.735 1.458 0.096 0.329 3.124 4.770 5.307 5.031 3.793 2.998 0.000 0.000 2.653 2.541 2.707 2.269 1.910 1.886 0.544 0.000 2.032 1.474 1.615 1.694 1.391
3.481 3.353 3.153 3.105 2.955 1.733 0.000 0.000 0.000 0.000 2.819 4.073 4.584 4.977 4.820 4.683 4.812 4.927 5.115 5.095 4.835 4.991 4.677 2.480 2.603 1.354 2.733 2.817 3.579 3.265 2.882 2.547 2.586 2.526 2.224 2.009 1.472 0.000 1.420 1.757 1.738 1.592 1.625 1.527 1.407 1.452 1.420 1.436 1.446 1.168 0.538 0.000 1.004 2.354 1.847 0.985 0.000 0.000 3.883 4.996 5.269 4.868 0.000 0.000 3.535 2.838 3.186 1.907 0.000 0.000 0.000 0.000 0.000 0.000 0.690 0.000 0.000
