LISFLOOD_FP/multi_tiles/Results/MULTIPLE_TILES_Monte_Carlo_LISFLOOD/version_1/4_LISFLOOD_FP/combined_output/combined_angle_0_x_0_y_0/out.totaltm
ncols         192
nrows         192
xllcorner     1771145.000000
yllcorner     5471774.000000
cellsize      10.000000
NODATA_value  -9999.000000
[rows 102 to 135 of 192, columns 77 to 153 of 192]
0.801 0.804 0.000 0.000 0.000 0.715 0.772 0.757 0.218 0.218 0.112 0.110 0.107 0.000 0.003 0.000 0.000 0.000 0.000 0.176 0.000 0.000 0.381 0.378 0.000 0.127 0.000 0.571 0.000 0.620 0.611 0.607 0.613 0.554 0.000 0.000 0.000 0.000 0.401 0.338 0.128 0.000 0.000 0.000 0.000 0.000 0.000 0.000 0.000 0.000 0.000 0.000 0.000 0.000 0.000 0.000 0.000 0.000 0.000 0.000 0.000 0.000 0.000 0.000 0.000 0.000 0.000 0.000 0.000 0.000 0.000 0.000 0.000 0.000 0.000 0.000 0.000
0.788 0.805 0.000 0.000 0.000 0.660 0.775 0.756 0.000 0.000 0.109 0.106 0.093 0.015 0.007 0.000 0.000 0.153 0.000 0.064 0.132 0.118 0.400 0.395 0.306 0.131 0.126 0.000 0.588 0.625 0.622 0.614 0.621 0.464 0.000 0.000 0.000 0.000 0.423 0.413 0.272 0.000 0.000 0.000 0.000 0.000 0.000 0.000 0.000 0.000 0.000 0.000 0.000 0.000 0.000 0.000 0.000 0.000 0.000 0.000 0.000 0.000 0.000 0.000 0.000 0.000 0.000 0.000 0.000 0.000 0.000 0.000 0.000 0.000 0.000 0.000 0.000
0.807 0.808 0.000 0.000 0.000 0.739 0.777 0.538 0.000 0.000 0.107 0.000 0.089 0.040 0.015 0.000 0.122 0.156 0.000 0.174 0.135 0.104 0.428 0.348 0.000 0.301 0.000 0.534 0.601 0.638 0.643 0.641 0.640 0.598 0.000 0.000 0.000 0.442 0.430 0.423 0.342 0.207 0.000 0.000 0.000 0.000 0.000 0.000 0.000 0.000 0.000 0.000 0.000 0.000 0.000 0.000 0.000 0.000 0.000 0.000 0.000 0.000 0.000 0.000 0.000 0.000 0.000 0.000 0.000 0.000 0.000 0.000 0.000 0.000 0.000 0.000 0.000
0.813 0.809 0.359 0.000 0.710 0.777 0.779 0.399 0.000 0.000 0.000 0.000 0.000 0.000 0.000 0.000 0.000 0.166 0.148 0.369 0.373 0.379 0.440 0.422 0.302 0.308 0.346 0.459 0.000 0.644 0.649 0.655 0.659 0.665 0.671 0.662 0.473 0.601 0.000 0.000 0.432 0.274 0.000 0.000 0.000 0.000 0.000 0.000 0.000 0.000 0.000 0.000 0.000 0.000 0.000 0.000 0.000 0.000 0.000 0.000 0.000 0.000 0.000 0.000 0.000 0.000 0.000 0.000 0.000 0.000 0.000 0.000 0.000 0.000 0.000 0.000 0.000
0.814 0.011 0.000 0.000 0.185 0.776 0.788 0.715 0.000 0.000 0.000 0.000 0.000 0.000 0.000 0.213 0.334 0.175 0.369 0.374 0.379 0.426 0.444 0.193 0.168 0.000 0.000 0.455 0.000 0.497 0.643 0.551 0.663 0.669 0.678 0.684 0.638 0.613 0.598 0.538 0.479 0.279 0.000 0.000 0.000 0.000 0.000 0.000 0.000 0.000 0.000 0.000 0.000 0.000 0.000 0.000 0.000 0.000 0.000 0.000 0.000 0.000 0.000 0.000 0.000 0.000 0.000 0.000 0.000 0.000 0.000 0.000 0.000 0.000 0.000 0.000 0.000
0.815 0.791 0.000 0.000 0.000 0.790 0.794 0.771 0.000 0.000 0.000 0.000 0.000 0.000 0.235 0.335 0.338 0.342 0.345 0.181 0.036 0.141 0.449 0.453 0.157 0.000 0.376 0.425 0.377 0.000 0.000 0.000 0.000 0.496 0.684 0.688 0.682 0.623 0.501 0.475 0.368 0.000 0.000 0.000 0.000 0.000 0.000 0.000 0.000 0.000 0.000 0.000 0.000 0.000 0.000 0.000 0.000 0.000 0.000 0.000 0.000 0.000 0.000 0.000 0.000 0.000 0.000 0.000 0.000 0.000 0.000 0.000 0.000 0.000 0.000 0.000 0.000
0.817 0.499 0.000 0.000 0.364 0.796 0.797 0.785 0.000 0.000 0.000 0.000 0.142 0.147 0.326 0.330 0.000 0.000 0.000 0.000 0.000 0.000 0.000 0.455 0.000 0.000 0.000 0.423 0.000 0.000 0.334 0.327 0.000 0.000 0.688 0.705 0.641 0.659 0.524 0.321 0.273 0.126 0.000 0.000 0.000 0.000 0.000 0.000 0.000 0.000 0.000 0.000 0.000 0.000 0.000 0.000 0.000 0.000 0.000 0.000 0.000 0.000 0.000 0.000 0.000 0.000 0.000 0.000 0.000 0.000 0.000 0.000 0.000 0.000 0.000 0.000 0.000
0.820 0.813 0.642 0.000 0.000 0.801 0.799 0.794 0.723 0.000 0.000 0.000 0.125 0.310 0.320 0.312 0.326 0.392 0.397 0.431 0.441 0.423 0.475 0.462 0.126 0.000 0.194 0.204 0.000 0.392 0.388 0.376 0.367 0.278 0.680 0.721 0.695 0.679 0.625 0.453 0.274 0.000 0.000 0.000 0.000 0.000 0.000 0.000 0.000 0.000 0.000 0.000 0.000 0.000 0.000 0.000 0.000 0.000 0.000 0.000 0.000 0.000 0.000 0.000 0.000 0.000 0.000 0.000 0.000 0.000 0.000 0.000 0.000 0.000 0.000 0.000 0.000
0.821 0.802 0.800 0.744 0.790 0.806 0.802 0.798 0.788 0.000 0.000 0.078 0.179 0.278 0.314 0.042 0.000 0.000 0.000 0.000 0.453 0.457 0.489 0.501 0.000 0.000 0.000 0.000 0.000 0.396 0.000 0.000 0.352 0.000 0.722 0.740 0.712 0.700 0.616 0.322 0.398 0.000 0.000 0.003 0.000 0.000 0.000 0.000 0.000 0.000 0.000 0.000 0.000 0.000 0.000 0.000 0.000 0.000 0.000 0.000 0.000 0.000 0.000 0.000 0.000 0.000 0.000 0.000 0.000 0.000 0.000 0.000 0.000 0.000 0.000 0.000 0.000
0.823 0.818 0.799 0.804 0.811 0.809 0.806 0.801 0.796 0.753 0.000 0.000 0.171 0.000 0.288 0.000 0.000 0.000 0.000 0.000 0.000 0.000 0.388 0.505 0.000 0.137 0.041 0.000 0.113 0.493 0.506 0.437 0.000 0.686 0.744 0.746 0.739 0.717 0.685 0.657 0.581 0.402 0.253 0.237 0.187 0.000 0.000 0.000 0.000 0.000 0.000 0.000 0.000 0.000 0.000 0.000 0.000 0.000 0.000 0.000 0.000 0.000 0.000 0.000 0.000 0.000 0.000 0.000 0.000 0.000 0.000 0.000 0.000 0.000 0.000 0.000 0.000
0.619 0.820 0.804 0.810 0.815 0.813 0.809 0.804 0.799 0.786 0.000 0.039 0.043 0.274 0.285 0.257 0.000 0.225 0.223 0.000 0.000 0.000 0.459 0.509 0.513 0.146 0.000 0.000 0.000 0.439 0.536 0.546 0.554 0.698 0.749 0.755 0.749 0.722 0.692 0.675 0.658 0.451 0.318 0.350 0.237 0.000 0.000 0.000 0.000 0.000 0.000 0.000 0.000 0.000 0.000 0.000 0.000 0.000 0.000 0.000 0.000 0.000 0.000 0.000 0.000 0.000 0.000 0.000 0.000 0.000 0.000 0.000 0.000 0.000 0.000 0.000 0.000
0.800 0.822 0.468 0.815 0.818 0.815 0.812 0.808 0.804 0.796 0.562 0.000 0.037 0.000 0.000 0.285 0.000 0.241 0.206 0.000 0.000 0.000 0.454 0.375 0.540 0.548 0.000 0.272 0.117 0.000 0.000 0.000 0.000 0.484 0.743 0.758 0.747 0.708 0.691 0.657 0.684 0.472 0.300 0.407 0.343 0.000 0.000 0.000 0.000 0.000 0.000 0.000 0.000 0.000 0.000 0.000 0.000 0.000 0.000 0.000 0.000 0.000 0.000 0.000 0.000 0.000 0.000 0.000 0.000 0.000 0.000 0.000 0.000 0.000 0.000 0.000 0.000
0.649 0.823 0.822 0.820 0.821 0.818 0.815 0.810 0.806 0.802 0.780 0.258 0.000 0.365 0.291 0.289 0.286 0.244 0.199 0.000 0.000 0.126 0.460 0.471 0.548 0.555 0.000 0.355 0.050 0.000 0.000 0.000 0.000 0.715 0.770 0.770 0.749 0.723 0.737 0.710 0.710 0.645 0.564 0.557 0.453 0.000 0.000 0.000 0.000 0.000 0.000 0.000 0.000 0.000 0.000 0.000 0.000 0.000 0.000 0.000 0.000 0.000 0.000 0.000 0.000 0.000 0.000 0.000 0.000 0.000 0.000 0.000 0.000 0.000 0.000 0.000 0.000
0.720 0.826 0.828 0.823 0.823 0.821 0.817 0.812 0.808 0.804 0.794 0.771 0.431 0.371 0.000 0.285 0.282 0.128 0.000 0.000 0.000 0.000 0.000 0.215 0.000 0.562 0.561 0.512 0.224 0.000 0.000 0.000 0.000 0.000 0.784 0.777 0.749 0.737 0.746 0.740 0.724 0.654 0.611 0.602 0.418 0.000 0.000 0.000 0.000 0.000 0.000 0.000 0.000 0.000 0.000 0.000 0.000 0.000 0.000 0.000 0.000 0.000 0.000 0.000 0.000 0.000 0.000 0.000 0.000 0.000 0.000 0.000 0.000 0.000 0.000 0.000 0.000
0.000 0.824 0.829 0.704 0.825 0.823 0.820 0.816 0.809 0.800 0.796 0.785 0.751 0.000 0.000 0.000 0.000 0.125 0.000 0.000 0.000 0.000 0.051 0.057 0.124 0.569 0.565 0.598 0.000 0.000 0.469 0.710 0.775 0.790 0.790 0.785 0.000 0.717 0.771 0.750 0.739 0.673 0.629 0.638 0.346 0.000 0.000 0.000 0.000 0.000 0.000 0.000 0.000 0.000 0.000 0.000 0.000 0.000 0.000 0.000 0.000 0.000 0.000 0.000 0.000 0.000 0.000 0.000 0.000 0.000 0.000 0.000 0.000 0.000 0.000 0.000 0.000
0.000 0.000 0.830 0.829 0.827 0.825 0.822 0.817 0.810 0.801 0.792 0.786 0.779 0.722 0.000 0.000 0.000 0.121 0.014 0.009 0.000 0.000 0.000 0.000 0.000 0.594 0.612 0.603 0.000 0.752 0.775 0.782 0.776 0.803 0.797 0.793 0.799 0.810 0.803 0.776 0.733 0.669 0.632 0.669 0.495 0.000 0.000 0.000 0.000 0.000 0.000 0.000 0.000 0.000 0.000 0.000 0.000 0.000 0.000 0.000 0.000 0.000 0.000 0.000 0.000 0.000 0.000 0.000 0.000 0.000 0.000 0.000 0.000 0.000 0.000 0.000 0.000
0.000 0.000 0.834 0.418 0.823 0.821 0.818 0.813 0.806 0.797 0.788 0.780 0.783 0.785 0.724 0.000 0.000 0.086 0.000 0.000 0.000 0.000 0.000 0.000 0.000 0.611 0.627 0.490 0.000 0.000 0.426 0.788 0.800 0.809 0.805 0.766 0.777 0.815 0.792 0.785 0.737 0.677 0.666 0.692 0.632 0.097 0.000 0.000 0.000 0.000 0.000 0.000 0.000 0.000 0.000 0.000 0.000 0.000 0.000 0.000 0.000 0.000 0.000 0.000 0.000 0.000 0.000 0.000 0.000 0.000 0.000 0.000 0.000 0.000 0.000 0.000 0.000
0.000 0.000 0.836 0.833 0.000 0.811 0.813 0.807 0.797 0.790 0.782 0.783 0.786 0.789 0.792 0.780 0.123 0.000 0.000 0.000 0.000 0.000 0.000 0.000 0.000 0.000 0.631 0.000 0.682 0.692 0.724 0.746 0.795 0.813 0.811 0.000 0.838 0.841 0.838 0.808 0.791 0.772 0.752 0.707 0.616 0.249 0.000 0.000 0.000 0.000 0.000 0.000 0.000 0.000 0.000 0.000 0.000 0.000 0.000 0.000 0.000 0.000 0.000 0.000 0.000 0.000 0.000 0.000 0.000 0.000 0.000 0.000 0.000 0.000 0.000 0.000 0.000
0.851 0.847 0.838 0.602 0.000 0.804 0.807 0.800 0.789 0.777 0.782 0.786 0.789 0.792 0.795 0.799 0.800 0.773 0.000 0.000 0.000 0.000 0.000 0.000 0.000 0.000 0.637 0.640 0.672 0.000 0.000 0.674 0.781 0.820 0.836 0.839 0.841 0.851 0.852 0.815 0.800 0.794 0.777 0.769 0.735 0.026 0.000 0.000 0.000 0.000 0.022 0.000 0.000 0.000 0.000 0.000 0.000 0.000 0.000 0.000 0.000 0.000 0.000 0.000 0.000 0.000 0.000 0.000 0.000 0.000 0.000 0.000 0.000 0.000 0.000 0.000 0.000
0.837 0.845 0.842 0.000 0.000 0.769 0.796 0.791 0.777 0.780 0.784 0.788 0.791 0.795 0.799 0.802 0.804 0.810 0.807 0.559 0.310 0.000 0.000 0.000 0.000 0.433 0.544 0.000 0.000 0.276 0.289 0.699 0.802 0.818 0.776 0.000 0.390 0.853 0.856 0.794 0.633 0.785 0.573 0.389 0.129 0.000 0.000 0.000 0.000 0.000 0.027 0.032 0.000 0.000 0.000 0.000 0.000 0.000 0.000 0.000 0.000 0.000 0.000 0.000 0.000 0.000 0.000 0.000 0.000 0.000 0.000 0.000 0.000 0.000 0.000 0.000 0.000
0.844 0.000 0.841 0.000 0.000 0.000 0.779 0.786 0.777 0.781 0.786 0.791 0.795 0.799 0.803 0.807 0.810 0.814 0.817 0.822 0.825 0.822 0.809 0.807 0.486 0.419 0.000 0.000 0.000 0.000 0.000 0.802 0.804 0.811 0.750 0.760 0.844 0.856 0.858 0.804 0.000 0.000 0.000 0.000 0.000 0.000 0.000 0.000 0.000 0.000 0.000 0.067 0.000 0.000 0.000 0.000 0.000 0.000 0.000 0.000 0.000 0.000 0.000 0.000 0.000 0.000 0.000 0.000 0.000 0.000 0.000 0.000 0.000 0.000 0.000 0.000 0.000
0.000 0.000 0.844 0.835 0.000 0.000 0.736 0.772 0.778 0.782 0.786 0.790 0.793 0.801 0.805 0.809 0.814 0.818 0.822 0.826 0.830 0.834 0.836 0.838 0.811 0.796 0.727 0.497 0.350 0.362 0.378 0.430 0.397 0.364 0.326 0.388 0.823 0.859 0.861 0.864 0.000 0.000 0.000 0.000 0.000 0.000 0.000 0.000 0.000 0.000 0.241 0.218 0.000 0.000 0.000 0.000 0.000 0.000 0.000 0.000 0.000 0.000 0.000 0.000 0.000 0.000 0.000 0.000 0.000 0.000 0.000 0.000 0.000 0.000 0.000 0.000 0.000
0.860 0.845 0.856 0.851 0.000 0.000 0.000 0.773 0.778 0.783 0.787 0.791 0.796 0.801 0.805 0.809 0.817 0.822 0.826 0.831 0.835 0.838 0.842 0.844 0.817 0.798 0.750 0.628 0.581 0.473 0.756 0.770 0.780 0.786 0.791 0.824 0.833 0.000 0.817 0.882 0.880 0.872 0.797 0.000 0.000 0.000 0.000 0.000 0.000 0.000 0.246 0.109 0.000 0.000 0.000 0.000 0.000 0.000 0.000 0.000 0.000 0.000 0.000 0.000 0.000 0.000 0.000 0.000 0.000 0.000 0.000 0.000 0.000 0.000 0.000 0.000 0.000
0.863 0.863 0.862 0.856 0.849 0.000 0.000 0.729 0.778 0.783 0.788 0.793 0.799 0.804 0.808 0.813 0.817 0.826 0.830 0.835 0.839 0.843 0.847 0.850 0.824 0.802 0.678 0.639 0.646 0.741 0.752 0.758 0.775 0.780 0.786 0.000 0.839 0.653 0.802 0.889 0.877 0.000 0.000 0.000 0.000 0.000 0.000 0.000 0.000 0.263 0.268 0.341 0.185 0.000 0.000 0.000 0.000 0.000 0.000 0.000 0.000 0.000 0.000 0.000 0.000 0.000 0.000 0.000 0.000 0.000 0.000 0.000 0.000 0.000 0.000 0.000 0.000
0.863 0.865 0.865 0.865 0.863 0.491 0.000 0.469 0.778 0.784 0.789 0.796 0.801 0.807 0.812 0.817 0.822 0.827 0.829 0.838 0.843 0.848 0.851 0.855 0.834 0.800 0.593 0.628 0.588 0.698 0.745 0.751 0.723 0.616 0.631 0.205 0.891 0.903 0.000 0.906 0.899 0.886 0.835 0.811 0.000 0.000 0.000 0.000 0.000 0.048 0.351 0.400 0.407 0.301 0.210 0.000 0.000 0.000 0.000 0.000 0.000 0.000 0.000 0.000 0.000 0.000 0.000 0.000 0.000 0.000 0.000 0.000 0.000 0.000 0.000 0.000 0.000
0.858 0.865 0.867 0.868 0.868 0.864 0.441 0.000 0.554 0.766 0.787 0.794 0.799 0.813 0.818 0.824 0.830 0.834 0.839 0.843 0.848 0.851 0.855 0.859 0.834 0.560 0.534 0.543 0.610 0.588 0.737 0.731 0.000 0.000 0.824 0.893 0.907 0.909 0.912 0.909 0.000 0.000 0.000 0.000 0.916 0.932 0.000 0.000 0.000 0.000 0.000 0.000 0.413 0.426 0.000 0.000 0.000 0.000 0.000 0.212 0.907 0.000 0.000 0.000 0.000 0.000 0.000 0.000 0.000 0.000 0.000 0.000 0.000 0.000 0.000 0.000 0.000
0.000 0.000 0.867 0.871 0.871 0.870 0.863 0.000 0.000 0.000 0.000 0.000 0.000 0.687 0.626 0.809 0.831 0.836 0.842 0.848 0.852 0.856 0.860 0.865 0.816 0.000 0.000 0.000 0.643 0.713 0.720 0.029 0.715 0.837 0.845 0.261 0.026 0.906 0.935 0.938 0.938 0.939 0.941 0.942 0.943 0.944 0.945 0.946 0.916 0.000 0.000 0.000 0.000 0.490 0.503 0.516 0.000 0.433 0.291 0.000 0.927 0.000 0.000 0.000 0.000 0.000 0.000 0.000 0.000 0.000 0.000 0.000 0.000 0.000 0.000 0.000 0.000
0.681 0.000 0.000 0.871 0.874 0.875 0.871 0.867 0.833 0.000 0.000 0.000 0.000 0.000 0.000 0.000 0.747 0.376 0.599 0.000 0.854 0.860 0.864 0.869 0.580 0.000 0.000 0.613 0.648 0.655 0.000 0.920 0.924 0.000 0.928 0.931 0.933 0.935 0.937 0.938 0.939 0.940 0.941 0.943 0.944 0.945 0.946 0.947 0.947 0.949 0.949 0.000 0.000 0.000 0.000 0.909 0.911 0.449 0.000 0.892 0.929 0.941 0.525 0.000 0.000 0.930 0.430 0.096 0.084 0.000 0.644 0.423 0.413 0.366 0.134 0.000 0.000
0.688 0.000 0.000 0.000 0.874 0.877 0.877 0.874 0.871 0.866 0.843 0.840 0.000 0.000 0.000 0.710 0.729 0.558 0.582 0.016 0.414 0.446 0.000 0.872 0.000 0.000 0.741 0.728 0.000 0.000 0.000 0.922 0.926 0.929 0.931 0.932 0.933 0.934 0.934 0.936 0.937 0.938 0.941 0.941 0.943 0.944 0.946 0.947 0.948 0.950 0.951 0.951 0.500 0.640 0.000 0.881 0.925 0.928 0.703 0.667 0.920 0.943 0.000 0.000 0.947 0.949 0.476 0.118 0.000 0.533 0.653 0.642 0.242 0.021 0.254 0.267 0.000
0.679 0.081 0.000 0.000 0.861 0.877 0.879 0.880 0.878 0.879 0.878 0.868 0.000 0.485 0.328 0.632 0.581 0.000 0.567 0.495 0.548 0.558 0.568 0.886 0.884 0.884 0.894 0.676 0.000 0.000 0.344 0.920 0.926 0.928 0.929 0.930 0.931 0.931 0.931 0.928 0.919 0.914 0.912 0.918 0.920 0.926 0.932 0.936 0.943 0.944 0.951 0.953 0.954 0.955 0.956 0.916 0.000 0.931 0.944 0.947 0.950 0.950 0.945 0.929 0.950 0.952 0.947 0.941 0.329 0.000 0.667 0.655 0.630 0.000 0.011 0.277 0.255
0.750 0.682 0.684 0.517 0.000 0.000 0.878 0.881 0.883 0.884 0.885 0.883 0.000 0.813 0.665 0.000 0.582 0.000 0.000 0.000 0.536 0.000 0.894 0.898 0.899 0.901 0.907 0.908 0.885 0.533 0.911 0.918 0.920 0.923 0.927 0.926 0.922 0.918 0.916 0.913 0.909 0.899 0.905 0.873 0.890 0.900 0.909 0.903 0.901 0.914 0.000 0.000 0.860 0.956 0.958 0.960 0.961 0.961 0.000 0.945 0.953 0.956 0.953 0.952 0.952 0.954 0.951 0.949 0.941 0.932 0.907 0.912 0.250 0.000 0.818 0.290 0.224
0.781 0.780 0.688 0.000 0.000 0.000 0.000 0.000 0.846 0.883 0.886 0.887 0.888 0.887 0.888 0.887 0.886 0.878 0.000 0.000 0.000 0.898 0.903 0.905 0.907 0.908 0.910 0.912 0.914 0.915 0.916 0.918 0.920 0.921 0.922 0.920 0.917 0.913 0.911 0.907 0.907 0.899 0.759 0.870 0.875 0.897 0.858 0.850 0.474 0.000 0.000 0.000 0.849 0.481 0.946 0.961 0.962 0.964 0.964 0.621 0.855 0.957 0.955 0.956 0.959 0.957 0.939 0.951 0.947 0.942 0.932 0.926 0.923 0.915 0.910 0.902 0.892
0.786 0.788 0.788 0.714 0.632 0.000 0.000 0.000 0.000 0.501 0.887 0.889 0.890 0.891 0.892 0.893 0.894 0.896 0.897 0.898 0.900 0.903 0.904 0.906 0.907 0.908 0.909 0.910 0.912 0.913 0.914 0.916 0.916 0.918 0.918 0.916 0.910 0.895 0.496 0.904 0.894 0.895 0.873 0.867 0.871 0.892 0.880 0.870 0.803 0.000 0.000 0.000 0.839 0.680 0.150 0.491 0.960 0.964 0.966 0.967 0.965 0.959 0.000 0.000 0.961 0.959 0.961 0.954 0.937 0.931 0.512 0.000 0.920 0.907 0.904 0.901 0.889
0.790 0.791 0.792 0.794 0.795 0.664 0.000 0.000 0.000 0.000 0.873 0.887 0.889 0.892 0.893 0.894 0.895 0.896 0.898 0.899 0.900 0.902 0.903 0.884 0.889 0.827 0.899 0.902 0.908 0.908 0.908 0.910 0.912 0.914 0.913 0.911 0.894 0.000 0.857 0.900 0.894 0.892 0.887 0.878 0.882 0.888 0.879 0.873 0.875 0.873 0.586 0.000 0.549 0.677 0.653 0.545 0.000 0.000 0.966 0.968 0.969 0.970 0.000 0.000 0.969 0.963 0.967 0.947 0.000 0.000 0.000 0.000 0.000 0.000 0.778 0.000 0.000
