LISFLOOD_FP/multi_tiles/Results/MULTIPLE_TILES_Monte_Carlo_LISFLOOD/version_1/4_LISFLOOD_FP/combined_output/combined_angle_0_x_0_y_0/out.mxe
ncols         192
nrows         192
xllcorner     1771145.000000
yllcorner     5471774.000000
cellsize      10.000000
NODATA_value  -9999.000000
[rows 112 to 139 of 192, columns 62 to 123 of 192]
12.007 12.009 12.014 12.017 12.028 12.044 12.049 12.051 12.074 12.103 12.118 -9999.000 11.991 -9999.000 11.968 11.968 11.969 11.971 11.976 11.978 11.980 11.981 11.983 11.985 11.987 -9999.000 11.227 11.806 11.865 11.865 11.868 -9999.000 11.870 11.870 -9999.000 -9999.000 -9999.000 11.926 11.926 11.937 11.944 -9999.000 -9999.000 -9999.000 12.511 12.511 12.511 12.511 12.512 12.512 12.512 12.512 12.512 12.513 12.514 12.514 12.515 12.517 12.517 12.517 -9999.000 -9999.000
-9999.000 -9999.000 12.016 12.019 12.031 12.046 12.051 12.052 12.084 12.139 12.165 12.002 11.991 11.991 11.979 11.978 11.977 11.981 11.983 11.984 11.985 11.986 11.988 11.990 11.992 11.997 -9999.000 11.684 -9999.000 -9999.000 11.870 -9999.000 11.871 11.870 -9999.000 -9999.000 -9999.000 11.931 11.935 11.946 11.953 -9999.000 12.019 12.019 -9999.000 -9999.000 -9999.000 -9999.000 12.512 12.512 12.512 12.512 12.513 12.514 12.515 12.515 12.516 12.517 12.518 12.518 -9999.000 -9999.000
-9999.000 -9999.000 12.016 12.018 12.033 12.049 12.051 12.053 12.131 12.196 12.221 -9999.000 -9999.000 11.994 11.991 11.985 11.986 11.989 11.989 11.989 11.990 11.992 11.993 11.995 11.997 12.000 12.005 -9999.000 11.888 11.880 11.872 11.872 11.871 11.871 -9999.000 -9999.000 11.934 11.935 11.939 11.948 11.962 -9999.000 12.019 12.019 -9999.000 -9999.000 -9999.000 -9999.000 12.512 12.512 12.512 12.513 12.514 12.515 12.516 12.517 12.518 12.518 12.519 12.519 -9999.000 -9999.000
-9999.000 -9999.000 12.016 -9999.000 -9999.000 -9999.000 12.421 12.105 12.269 12.276 12.287 -9999.000 -9999.000 12.047 12.003 11.990 11.990 11.992 11.992 11.994 11.995 11.996 11.998 11.999 12.001 12.004 12.007 12.002 11.952 -9999.000 11.872 11.872 11.873 -9999.000 -9999.000 -9999.000 -9999.000 -9999.000 11.938 -9999.000 12.004 12.016 12.019 12.019 -9999.000 -9999.000 -9999.000 -9999.000 -9999.000 12.512 12.512 12.513 12.515 12.516 12.517 12.518 12.518 12.519 12.519 12.519 -9999.000 -9999.000
-9999.000 -9999.000 -9999.000 -9999.000 -9999.000 -9999.000 12.452 12.402 12.391 12.337 12.350 12.420 -9999.000 12.130 12.044 -9999.000 11.994 11.999 11.999 12.000 12.000 12.001 12.002 12.004 12.006 12.008 12.010 12.013 -9999.000 -9999.000 -9999.000 -9999.000 11.877 -9999.000 -9999.000 -9999.000 -9999.000 11.327 11.919 11.987 12.018 12.021 12.022 -9999.000 -9999.000 12.510 12.510 12.511 12.511 12.512 12.512 -9999.000 12.517 12.518 12.518 12.519 12.519 12.520 12.520 12.520 -9999.000 -9999.000
-9999.000 -9999.000 -9999.000 -9999.000 -9999.000 -9999.000 12.455 12.457 12.451 12.408 12.404 12.422 -9999.000 12.258 12.143 -9999.000 -9999.000 12.027 12.008 12.005 12.005 12.005 12.006 12.008 12.009 12.012 12.014 12.017 12.021 -9999.000 -9999.000 -9999.000 11.878 11.825 10.451 -9999.000 -9999.000 -9999.000 -9999.000 -9999.000 12.025 12.026 12.025 -9999.000 12.509 12.509 12.510 12.510 12.511 12.512 12.513 12.517 12.519 12.519 12.520 12.520 12.521 12.521 12.521 12.521 -9999.000 -9999.000
-9999.000 -9999.000 -9999.000 -9999.000 -9999.000 -9999.000 -9999.000 12.461 12.464 12.464 12.449 12.426 12.406 12.283 -9999.000 -9999.000 -9999.000 12.098 12.094 12.006 12.007 12.008 12.010 12.011 12.013 12.015 12.018 12.021 12.024 12.028 -9999.000 -9999.000 11.879 -9999.000 -9999.000 -9999.000 -9999.000 -9999.000 -9999.000 -9999.000 12.029 12.034 12.028 -9999.000 -9999.000 12.505 12.509 12.510 12.511 12.512 12.514 12.519 12.521 12.522 12.522 12.522 12.522 12.522 12.522 12.522 12.521 -9999.000
-9999.000 -9999.000 -9999.000 -9999.000 -9999.000 -9999.000 -9999.000 12.414 12.470 12.475 12.474 -9999.000 12.395 12.313 12.332 -9999.000 -9999.000 12.179 12.179 -9999.000 12.011 12.012 12.013 12.014 12.016 12.019 12.021 12.024 12.028 12.033 12.038 12.040 -9999.000 -9999.000 -9999.000 -9999.000 -9999.000 -9999.000 -9999.000 -9999.000 -9999.000 12.062 -9999.000 12.324 12.406 12.471 12.503 12.509 12.511 12.512 -9999.000 12.524 12.526 12.527 12.526 12.524 12.524 12.523 12.523 12.523 12.522 -9999.000
-9999.000 -9999.000 -9999.000 -9999.000 -9999.000 -9999.000 -9999.000 -9999.000 12.479 12.494 12.494 -9999.000 -9999.000 12.337 12.347 12.346 12.342 12.304 12.210 -9999.000 12.014 12.014 12.016 12.018 12.020 12.022 12.024 12.028 12.032 12.037 12.043 12.051 12.056 -9999.000 -9999.000 -9999.000 -9999.000 -9999.000 -9999.000 -9999.000 -9999.000 12.092 12.171 12.233 -9999.000 -9999.000 12.508 12.509 12.511 12.513 12.518 12.524 12.531 12.532 12.529 12.526 12.525 12.524 12.523 12.523 12.503 -9999.000
-9999.000 -9999.000 -9999.000 -9999.000 -9999.000 -9999.000 -9999.000 -9999.000 12.511 12.514 12.513 -9999.000 -9999.000 12.348 12.356 12.351 12.346 12.348 -9999.000 -9999.000 12.015 12.017 12.019 12.020 12.023 12.025 12.028 12.031 12.036 12.041 12.047 12.055 12.063 12.073 12.080 12.085 -9999.000 -9999.000 -9999.000 -9999.000 12.110 12.098 -9999.000 -9999.000 12.508 12.508 12.508 12.509 12.510 12.512 -9999.000 12.552 12.543 12.543 12.538 12.528 12.525 12.524 12.524 12.523 -9999.000 -9999.000
-9999.000 -9999.000 -9999.000 -9999.000 -9999.000 -9999.000 -9999.000 -9999.000 12.542 12.532 12.530 -9999.000 -9999.000 12.372 12.372 12.361 -9999.000 12.371 -9999.000 -9999.000 -9999.000 12.020 12.022 12.023 12.025 12.028 12.030 12.034 12.039 12.044 12.051 12.059 12.068 12.078 12.090 12.103 12.116 12.126 12.133 12.138 12.136 -9999.000 -9999.000 -9999.000 -9999.000 -9999.000 12.507 12.508 12.510 12.515 12.544 12.569 12.571 12.590 12.666 -9999.000 -9999.000 -9999.000 -9999.000 -9999.000 -9999.000 -9999.000
-9999.000 -9999.000 -9999.000 -9999.000 -9999.000 12.576 -9999.000 12.563 12.556 12.547 12.545 -9999.000 -9999.000 12.391 12.394 -9999.000 -9999.000 12.422 12.439 -9999.000 -9999.000 12.022 12.024 12.026 12.028 12.030 12.033 12.037 12.042 12.048 12.055 12.063 12.072 12.082 12.094 12.106 12.118 12.129 12.138 12.150 12.162 12.178 12.200 12.241 12.324 12.386 12.447 12.467 12.483 12.520 12.555 12.596 12.604 12.659 12.798 -9999.000 -9999.000 -9999.000 -9999.000 -9999.000 -9999.000 -9999.000
-9999.000 -9999.000 -9999.000 -9999.000 12.576 12.576 -9999.000 12.570 12.568 12.562 12.560 12.571 -9999.000 -9999.000 12.419 12.436 12.443 12.445 12.448 -9999.000 -9999.000 -9999.000 12.027 12.028 12.030 12.032 12.036 12.040 12.045 12.051 12.059 12.067 12.077 12.087 12.098 12.110 12.121 12.133 12.143 12.155 12.168 12.185 12.212 12.258 12.330 12.373 12.388 12.405 12.439 12.486 12.567 12.618 -9999.000 12.887 12.959 12.978 12.978 12.978 -9999.000 -9999.000 -9999.000 -9999.000
-9999.000 -9999.000 -9999.000 -9999.000 12.576 12.576 12.575 12.573 12.571 12.569 12.569 12.573 -9999.000 -9999.000 12.437 12.445 12.449 12.451 12.456 12.462 -9999.000 -9999.000 12.029 12.030 12.032 12.034 12.038 12.042 12.048 12.054 12.062 12.071 12.081 12.091 12.102 12.114 12.126 12.138 12.150 12.161 12.173 12.192 12.225 12.285 12.346 12.368 12.381 12.397 12.427 12.455 -9999.000 12.947 13.018 12.953 12.995 12.995 -9999.000 -9999.000 -9999.000 -9999.000 -9999.000 -9999.000
-9999.000 -9999.000 -9999.000 -9999.000 12.577 12.576 12.576 12.574 12.574 12.573 12.573 12.574 -9999.000 -9999.000 12.442 12.448 12.451 12.456 12.462 12.467 12.483 -9999.000 12.030 12.032 12.034 12.036 12.039 12.044 12.050 12.057 12.066 12.076 12.085 12.096 12.107 12.119 12.132 12.145 12.158 12.168 12.178 12.200 12.231 12.312 12.354 12.370 12.376 12.390 12.449 12.833 13.044 13.090 13.097 -9999.000 13.017 13.012 13.012 13.012 13.012 -9999.000 -9999.000 -9999.000
12.579 12.579 12.579 12.578 12.578 12.577 12.576 12.575 12.575 12.575 12.575 12.576 12.576 -9999.000 12.447 12.451 12.454 12.461 12.470 12.480 12.491 12.502 -9999.000 12.033 12.035 12.037 12.040 12.045 12.053 12.060 12.070 12.081 12.090 12.101 12.112 12.126 12.140 12.154 12.169 12.175 12.182 12.206 12.263 12.348 12.366 12.373 12.374 -9999.000 -9999.000 13.064 13.094 13.096 13.101 13.115 13.101 -9999.000 -9999.000 -9999.000 -9999.000 13.331 13.335 -9999.000
12.579 12.579 12.579 12.579 12.579 12.578 12.578 12.576 12.576 12.577 12.578 12.578 12.580 12.581 -9999.000 -9999.000 -9999.000 12.471 12.480 12.492 12.502 12.511 -9999.000 -9999.000 -9999.000 -9999.000 -9999.000 -9999.000 12.058 12.063 12.074 12.088 12.095 12.105 12.115 12.135 12.150 12.167 12.191 12.184 -9999.000 -9999.000 -9999.000 12.381 12.379 12.376 13.023 13.068 13.072 13.074 13.082 13.065 13.127 13.150 13.166 13.190 13.218 13.247 13.276 13.312 13.342 13.369
12.579 12.579 12.579 12.580 12.579 12.579 12.579 -9999.000 -9999.000 12.579 12.580 12.580 12.581 12.582 12.582 12.583 -9999.000 -9999.000 12.493 12.505 12.513 12.521 12.529 12.535 -9999.000 -9999.000 -9999.000 -9999.000 -9999.000 -9999.000 -9999.000 12.105 12.111 12.113 -9999.000 12.151 12.160 12.187 12.276 12.201 -9999.000 -9999.000 12.513 12.418 12.398 -9999.000 13.059 13.060 -9999.000 13.089 13.096 13.109 13.124 13.145 13.165 13.190 13.217 13.246 13.278 13.311 13.343 13.374
12.577 -9999.000 -9999.000 12.580 12.580 12.580 12.580 12.581 12.582 12.581 12.581 12.581 12.582 12.582 12.583 12.583 -9999.000 -9999.000 -9999.000 12.515 12.521 12.527 12.535 12.545 12.555 12.564 12.569 -9999.000 -9999.000 -9999.000 12.122 12.119 12.118 12.119 12.101 12.160 12.164 -9999.000 12.533 -9999.000 -9999.000 12.716 12.591 -9999.000 -9999.000 -9999.000 13.057 13.061 13.068 13.080 13.091 13.105 13.120 13.140 13.161 13.187 13.215 13.245 13.278 13.312 13.345 13.379
12.579 -9999.000 -9999.000 12.581 12.581 12.581 12.581 12.582 12.582 12.582 12.582 12.582 12.582 12.583 12.583 12.583 12.558 -9999.000 -9999.000 12.520 12.525 12.532 12.540 12.550 12.559 12.569 12.574 -9999.000 12.605 12.556 12.123 12.125 -9999.000 12.125 12.144 12.161 12.177 12.605 12.720 12.759 12.777 12.784 12.733 -9999.000 -9999.000 13.000 13.044 13.058 13.065 13.074 13.086 13.099 13.115 13.133 13.153 13.176 13.204 13.236 13.274 13.308 13.345 13.382
12.583 -9999.000 12.582 12.582 12.582 12.582 12.582 12.582 12.582 12.582 12.582 12.583 12.583 12.583 12.584 12.584 12.585 12.585 12.585 -9999.000 -9999.000 12.539 12.544 12.555 12.565 12.577 12.583 -9999.000 12.611 12.611 -9999.000 12.447 -9999.000 -9999.000 -9999.000 12.161 -9999.000 12.752 12.754 12.769 12.786 12.805 12.818 12.833 12.901 12.970 12.998 13.028 13.050 13.066 13.076 13.090 13.107 13.128 13.150 13.168 13.193 13.222 13.259 13.297 13.327 13.366
12.583 12.583 -9999.000 12.582 12.582 12.582 12.582 12.582 12.582 12.583 12.583 12.583 12.583 12.584 12.584 12.585 12.585 12.586 -9999.000 -9999.000 -9999.000 -9999.000 -9999.000 12.570 12.576 12.589 12.597 12.608 12.615 12.623 12.630 12.637 12.644 -9999.000 -9999.000 -9999.000 12.745 12.751 12.759 12.773 12.791 12.812 12.831 12.858 12.889 12.938 12.978 12.998 13.028 13.047 13.061 13.078 13.099 13.126 13.152 13.167 13.181 13.216 13.248 13.282 13.308 13.335
12.583 12.583 12.583 12.582 12.582 12.583 12.583 12.583 12.583 12.583 12.583 12.583 12.584 12.584 12.585 12.585 12.586 12.587 12.588 12.588 -9999.000 -9999.000 -9999.000 -9999.000 12.586 12.599 12.604 12.610 12.616 12.624 12.633 12.644 12.658 12.679 12.698 12.717 12.735 12.746 12.758 12.773 12.793 12.817 12.839 12.865 12.892 12.926 12.963 12.987 13.011 13.031 13.046 13.063 13.083 13.139 13.157 13.167 13.182 13.207 13.236 13.270 13.300 13.319
12.583 12.583 12.583 12.583 12.583 12.583 12.583 12.583 12.583 12.583 12.584 12.584 12.584 12.585 12.585 12.586 12.586 12.587 12.589 12.590 12.591 -9999.000 -9999.000 -9999.000 -9999.000 12.605 12.608 12.612 12.617 12.624 12.634 12.646 12.662 12.682 12.698 12.716 12.732 12.741 12.754 12.766 12.799 12.834 12.855 12.877 12.897 12.925 12.956 12.979 13.000 13.019 13.032 13.048 -9999.000 13.156 13.157 13.164 13.181 13.203 13.229 13.262 13.292 13.315
12.583 -9999.000 12.583 12.583 12.583 12.583 12.583 12.583 12.583 12.584 12.584 12.584 12.584 12.585 12.586 12.586 12.587 12.588 12.589 12.590 12.592 12.594 12.595 -9999.000 12.554 12.607 12.609 12.611 12.613 12.615 -9999.000 12.671 12.673 12.694 12.697 12.732 12.742 12.742 12.745 -9999.000 -9999.000 -9999.000 12.882 12.891 12.908 12.930 12.955 12.973 12.991 13.008 13.020 -9999.000 13.065 -9999.000 13.150 13.158 13.176 13.200 13.224 13.256 13.286 13.314
12.583 12.583 12.583 12.583 12.583 12.583 12.583 12.584 12.584 12.584 12.584 12.584 12.585 12.585 12.586 12.587 12.587 12.589 12.590 12.591 12.593 12.596 12.599 12.602 12.604 12.608 12.610 12.612 12.612 -9999.000 -9999.000 -9999.000 -9999.000 -9999.000 -9999.000 12.753 12.753 -9999.000 -9999.000 -9999.000 12.840 -9999.000 12.886 12.896 12.911 12.930 12.954 12.973 12.988 13.005 13.021 13.040 13.065 13.093 13.126 13.149 13.170 13.196 13.221 13.251 13.284 13.313
12.583 12.583 12.583 12.584 12.583 12.584 12.584 12.584 12.584 12.584 12.584 12.585 12.585 12.586 12.586 12.587 12.588 12.589 12.590 12.592 12.594 12.597 12.600 12.603 12.606 12.609 12.612 12.613 12.613 -9999.000 -9999.000 -9999.000 -9999.000 -9999.000 -9999.000 12.759 12.764 12.782 12.803 12.824 12.841 12.860 12.881 12.897 12.912 12.934 12.957 12.971 12.986 13.002 13.021 13.041 13.063 13.087 13.113 13.139 13.166 13.193 13.219 13.250 13.284 13.316
-9999.000 12.584 12.584 12.584 12.584 12.584 12.584 12.584 12.584 12.584 12.584 12.585 12.585 12.586 12.586 12.587 12.588 12.590 12.591 12.593 12.595 12.597 12.600 12.603 12.607 12.610 12.614 12.618 12.624 12.629 -9999.000 -9999.000 -9999.000 -9999.000 12.753 12.759 12.768 12.785 12.803 12.822 12.840 12.859 12.878 12.897 12.917 12.937 12.954 12.969 12.983 13.000 13.020 13.040 13.060 13.083 13.107 13.131 13.162 13.191 13.217 13.249 13.286 13.321
