LISFLOOD_FP/multi_tiles/Results/MULTIPLE_TILES_Monte_Carlo_LISFLOOD/version_1/4_LISFLOOD_FP/combined_output/combined_angle_0_x_0_y_0/out.dem
ncols         192
nrows         192
xllcorner     1771145.000000
yllcorner     5471774.000000
cellsize      10.000000
NODATA_value  -9999.000000
[rows 84 to 111 of 192, columns 124 to 185 of 192]
13.141 16.400 15.925 13.037 13.044 13.428 15.345 13.719 12.814 15.665 13.193 14.187 13.328 15.293 14.367 12.697 12.714 14.123 13.693 14.592 13.436 18.014 16.976 14.658 18.947 20.784 16.064 14.098 16.796 18.833 16.305 21.968 16.195 14.712 14.588 16.545 14.868 19.397 19.551 16.420 17.927 15.398 16.018 16.366 10000000000.000 10000000000.000 10000000000.000 10000000000.000 10000000000.000 10000000000.000 10000000000.000 10000000000.000 10000000000.000 10000000000.000 10000000000.000 10000000000.000 10000000000.000 10000000000.000 10000000000.000 10000000000.000 10000000000.000 10000000000.000
13.334 14.259 13.196 16.990 16.042 14.946 14.794 13.574 15.349 13.427 13.342 13.400 15.922 15.984 13.449 13.946 12.962 15.786 15.976 14.519 15.414 13.911 14.045 15.253 15.853 13.916 13.878 15.943 17.912 18.207 22.261 21.835 18.513 14.383 15.428 18.313 17.123 21.665 17.359 18.324 18.618 16.909 16.844 16.889 10000000000.000 10000000000.000 10000000000.000 10000000000.000 10000000000.000 10000000000.000 10000000000.000 10000000000.000 10000000000.000 10000000000.000 10000000000.000 10000000000.000 10000000000.000 10000000000.000 10000000000.000 10000000000.000 10000000000.000 10000000000.000
13.179 16.326 15.020 15.139 15.415 13.040 16.617 16.290 13.196 16.232 13.782 13.255 13.203 13.840 13.558 15.030 13.047 13.532 15.944 14.564 13.192 14.703 13.930 16.263 15.883 18.907 15.037 17.080 17.349 18.842 22.653 19.409 17.938 14.693 17.278 17.146 15.234 22.968 18.106 17.558 20.751 18.228 15.478 20.650 10000000000.000 10000000000.000 10000000000.000 10000000000.000 10000000000.000 10000000000.000 10000000000.000 10000000000.000 10000000000.000 10000000000.000 10000000000.000 10000000000.000 10000000000.000 10000000000.000 10000000000.000 10000000000.000 10000000000.000 10000000000.000
14.034 14.828 13.670 16.381 14.661 15.234 16.167 13.722 13.936 13.318 14.259 13.269 15.969 17.582 13.528 12.994 13.143 15.701 14.489 14.846 13.499 14.859 15.537 15.391 15.480 14.132 13.942 16.892 15.564 16.905 16.393 17.075 15.640 18.607 16.588 17.895 19.443 18.084 15.302 15.339 17.798 18.365 15.487 18.883 10000000000.000 10000000000.000 10000000000.000 10000000000.000 10000000000.000 10000000000.000 10000000000.000 10000000000.000 10000000000.000 10000000000.000 10000000000.000 10000000000.000 10000000000.000 10000000000.000 10000000000.000 10000000000.000 10000000000.000 10000000000.000
15.857 14.428 12.857 12.986 13.436 15.916 13.026 12.794 15.142 14.617 13.108 13.502 15.682 13.225 13.161 13.057 13.170 14.175 14.226 14.589 15.323 15.903 13.657 13.360 13.511 13.975 16.494 14.993 14.894 16.215 17.620 14.853 15.327 16.146 16.487 15.021 15.642 17.330 18.561 15.401 17.809 15.439 15.850 16.391 10000000000.000 10000000000.000 10000000000.000 10000000000.000 10000000000.000 10000000000.000 10000000000.000 10000000000.000 10000000000.000 10000000000.000 10000000000.000 10000000000.000 10000000000.000 10000000000.000 10000000000.000 10000000000.000 10000000000.000 10000000000.000
15.780 16.180 13.225 15.137 14.641 18.303 14.658 12.798 14.672 13.812 13.226 12.742 12.938 13.121 13.113 13.188 16.683 16.297 14.089 15.490 17.261 16.256 16.857 14.380 13.404 14.435 17.736 14.540 15.095 21.866 23.437 20.202 15.863 17.474 15.910 15.636 17.356 16.993 18.988 19.598 18.242 16.860 18.165 15.766 10000000000.000 10000000000.000 10000000000.000 10000000000.000 10000000000.000 10000000000.000 10000000000.000 10000000000.000 10000000000.000 10000000000.000 10000000000.000 10000000000.000 10000000000.000 10000000000.000 10000000000.000 10000000000.000 10000000000.000 10000000000.000
12.612 14.322 13.317 13.286 13.645 19.117 16.659 12.832 13.898 15.336 13.367 13.201 13.202 13.191 13.201 13.480 15.852 17.620 16.127 14.237 15.694 13.814 16.481 15.285 14.261 15.652 15.851 16.453 15.406 21.962 23.425 14.728 16.270 19.042 16.211 18.323 16.038 17.136 15.732 17.731 18.260 18.448 18.499 15.873 10000000000.000 10000000000.000 10000000000.000 10000000000.000 10000000000.000 10000000000.000 10000000000.000 10000000000.000 10000000000.000 10000000000.000 10000000000.000 10000000000.000 10000000000.000 10000000000.000 10000000000.000 10000000000.000 10000000000.000 10000000000.000
12.994 13.603 12.965 13.407 12.657 17.697 14.644 15.604 13.821 15.039 13.429 19.628 15.563 13.509 13.396 13.363 15.218 16.041 14.292 15.193 13.896 13.470 17.182 14.735 15.535 16.124 14.137 15.096 17.636 21.606 23.226 15.760 18.010 17.996 16.828 15.491 16.080 18.495 15.449 15.826 18.875 15.427 15.590 16.661 10000000000.000 10000000000.000 10000000000.000 10000000000.000 10000000000.000 10000000000.000 10000000000.000 10000000000.000 10000000000.000 10000000000.000 10000000000.000 10000000000.000 10000000000.000 10000000000.000 10000000000.000 10000000000.000 10000000000.000 10000000000.000
16.659 14.821 12.911 16.564 16.281 13.958 13.774 16.165 13.643 15.780 13.660 18.891 17.341 16.810 13.657 13.900 18.254 13.430 15.170 13.994 16.493 14.662 14.432 14.489 16.050 16.116 18.888 16.262 18.202 15.353 15.114 15.226 17.221 14.946 17.522 15.389 15.415 16.028 15.708 15.791 17.757 15.315 16.830 15.939 10000000000.000 10000000000.000 10000000000.000 10000000000.000 10000000000.000 10000000000.000 10000000000.000 10000000000.000 10000000000.000 10000000000.000 10000000000.000 10000000000.000 10000000000.000 10000000000.000 10000000000.000 10000000000.000 10000000000.000 10000000000.000
14.135 14.695 14.308 13.161 13.735 19.357 20.806 15.278 16.161 15.307 13.210 13.929 15.487 13.516 13.548 14.261 18.619 15.397 15.850 16.310 16.537 15.551 17.690 14.842 16.475 16.749 16.811 15.840 17.339 15.475 18.605 16.018 17.283 18.074 15.606 16.972 17.437 19.508 15.723 18.506 16.387 15.540 18.963 17.708 10000000000.000 10000000000.000 10000000000.000 10000000000.000 10000000000.000 10000000000.000 10000000000.000 10000000000.000 10000000000.000 10000000000.000 10000000000.000 10000000000.000 10000000000.000 10000000000.000 10000000000.000 10000000000.000 10000000000.000 10000000000.000
14.281 13.627 15.515 13.131 13.159 13.724 15.499 18.424 13.367 13.539 13.157 13.207 13.255 13.338 14.674 13.938 18.474 13.769 16.326 16.134 14.282 16.851 14.544 14.488 17.877 15.034 21.152 17.625 15.342 15.008 15.808 17.650 15.442 18.974 16.086 18.117 17.921 17.551 16.130 19.274 18.296 15.776 15.822 16.158 10000000000.000 10000000000.000 10000000000.000 10000000000.000 10000000000.000 10000000000.000 10000000000.000 10000000000.000 10000000000.000 10000000000.000 10000000000.000 10000000000.000 10000000000.000 10000000000.000 10000000000.000 10000000000.000 10000000000.000 10000000000.000
13.320 13.313 13.353 13.259 13.163 13.230 13.416 13.469 13.369 13.391 13.237 13.284 13.367 13.394 13.564 13.567 13.627 13.669 15.679 14.542 14.569 16.138 14.388 14.371 18.068 14.633 18.680 15.217 18.652 14.731 14.778 15.324 17.987 22.714 19.713 17.384 17.971 17.996 17.645 19.702 18.993 17.905 17.273 16.241 10000000000.000 10000000000.000 10000000000.000 10000000000.000 10000000000.000 10000000000.000 10000000000.000 10000000000.000 10000000000.000 10000000000.000 10000000000.000 10000000000.000 10000000000.000 10000000000.000 10000000000.000 10000000000.000 10000000000.000 10000000000.000
14.689 13.580 13.512 13.557 13.186 13.398 17.700 17.658 18.273 14.032 13.258 15.413 13.319 13.484 13.637 13.428 13.823 13.654 13.661 14.277 14.749 25.568 15.339 14.031 14.346 14.594 14.706 14.688 14.737 14.792 15.114 14.866 15.116 15.338 15.722 22.405 16.505 19.163 20.861 19.922 18.615 18.806 17.124 17.776 10000000000.000 10000000000.000 10000000000.000 10000000000.000 10000000000.000 10000000000.000 10000000000.000 10000000000.000 10000000000.000 10000000000.000 10000000000.000 10000000000.000 10000000000.000 10000000000.000 10000000000.000 10000000000.000 10000000000.000 10000000000.000
20.564 16.804 13.977 15.450 13.279 13.794 14.346 14.140 16.344 15.370 13.502 13.638 13.411 13.377 13.487 13.443 18.080 18.503 16.646 19.349 23.056 26.615 19.836 14.238 20.735 20.682 17.848 17.403 15.374 17.144 22.426 15.616 15.523 17.129 15.109 15.585 15.708 16.334 18.036 22.730 16.910 19.199 16.128 15.988 10000000000.000 10000000000.000 10000000000.000 10000000000.000 10000000000.000 10000000000.000 10000000000.000 10000000000.000 10000000000.000 10000000000.000 10000000000.000 10000000000.000 10000000000.000 10000000000.000 10000000000.000 10000000000.000 10000000000.000 10000000000.000
17.802 16.027 15.139 20.129 14.976 15.648 16.887 14.500 16.548 16.855 15.338 13.414 13.259 13.327 13.182 13.479 14.808 17.017 24.375 19.734 25.264 27.614 26.277 16.680 25.304 24.519 24.032 20.227 18.328 17.947 18.442 14.965 16.249 18.296 17.848 18.708 15.140 15.690 15.953 20.121 22.985 22.582 16.812 16.970 10000000000.000 10000000000.000 10000000000.000 10000000000.000 10000000000.000 10000000000.000 10000000000.000 10000000000.000 10000000000.000 10000000000.000 10000000000.000 10000000000.000 10000000000.000 10000000000.000 10000000000.000 10000000000.000 10000000000.000 10000000000.000
13.410 13.929 15.936 16.241 13.662 14.935 14.596 14.895 13.748 17.793 16.983 13.418 13.256 13.258 13.303 13.523 13.461 13.806 15.199 23.659 27.160 24.744 23.256 14.441 20.388 21.577 21.481 17.659 17.424 14.414 20.799 17.848 15.046 19.015 18.634 16.546 16.057 15.493 15.745 16.395 17.000 16.613 16.897 18.286 10000000000.000 10000000000.000 10000000000.000 10000000000.000 10000000000.000 10000000000.000 10000000000.000 10000000000.000 10000000000.000 10000000000.000 10000000000.000 10000000000.000 10000000000.000 10000000000.000 10000000000.000 10000000000.000 10000000000.000 10000000000.000
13.883 13.795 13.141 13.388 13.753 19.912 18.549 14.913 14.253 15.459 16.878 13.400 13.311 13.312 13.408 14.045 13.841 13.898 15.250 23.692 27.814 21.967 15.811 14.359 21.701 21.227 14.571 15.263 15.105 17.793 19.845 17.272 15.089 15.424 18.392 17.784 16.815 15.869 16.004 15.671 16.139 18.985 22.553 20.976 10000000000.000 10000000000.000 10000000000.000 10000000000.000 10000000000.000 10000000000.000 10000000000.000 10000000000.000 10000000000.000 10000000000.000 10000000000.000 10000000000.000 10000000000.000 10000000000.000 10000000000.000 10000000000.000 10000000000.000 10000000000.000
12.664 16.233 14.558 14.113 13.698 21.931 22.108 20.648 20.712 22.176 23.495 14.117 14.294 14.353 13.788 13.451 13.369 13.392 13.702 15.116 23.484 22.094 14.210 14.795 16.689 20.566 19.610 16.681 14.472 14.831 14.805 15.920 15.121 15.186 15.847 18.238 15.812 15.723 16.674 16.482 15.791 16.323 17.087 24.989 10000000000.000 10000000000.000 10000000000.000 10000000000.000 10000000000.000 10000000000.000 10000000000.000 10000000000.000 10000000000.000 10000000000.000 10000000000.000 10000000000.000 10000000000.000 10000000000.000 10000000000.000 10000000000.000 10000000000.000 10000000000.000
13.032 14.564 18.497 13.590 13.514 20.533 23.159 23.085 22.425 23.192 22.907 18.801 19.321 19.530 16.762 13.516 13.292 13.288 13.386 16.377 25.632 26.272 15.359 16.954 15.351 18.770 22.584 17.816 14.712 14.519 14.585 14.984 14.865 15.148 15.260 15.531 19.613 18.229 18.535 15.780 15.668 16.157 18.084 20.902 10000000000.000 10000000000.000 10000000000.000 10000000000.000 10000000000.000 10000000000.000 10000000000.000 10000000000.000 10000000000.000 10000000000.000 10000000000.000 10000000000.000 10000000000.000 10000000000.000 10000000000.000 10000000000.000 10000000000.000 10000000000.000
13.621 13.665 15.847 13.599 13.006 13.988 14.763 14.374 15.660 22.342 20.576 16.382 16.110 18.216 16.562 13.466 13.390 13.303 13.377 17.957 26.558 27.851 22.645 20.414 22.522 24.774 23.973 19.606 14.590 14.445 14.736 15.168 14.901 15.171 15.016 17.183 17.176 16.414 16.561 15.793 15.746 17.989 25.342 22.107 10000000000.000 10000000000.000 10000000000.000 10000000000.000 10000000000.000 10000000000.000 10000000000.000 10000000000.000 10000000000.000 10000000000.000 10000000000.000 10000000000.000 10000000000.000 10000000000.000 10000000000.000 10000000000.000 10000000000.000 10000000000.000
13.549 18.585 16.752 14.846 12.848 13.062 13.506 13.488 14.078 17.755 15.790 22.795 21.908 17.109 16.055 13.792 13.729 13.590 13.620 15.132 25.485 27.753 27.271 21.198 20.576 27.914 29.076 16.660 14.258 15.355 14.404 14.587 15.608 17.739 15.447 16.532 17.988 17.836 16.422 15.751 16.585 18.083 22.440 22.785 10000000000.000 10000000000.000 10000000000.000 10000000000.000 10000000000.000 10000000000.000 10000000000.000 10000000000.000 10000000000.000 10000000000.000 10000000000.000 10000000000.000 10000000000.000 10000000000.000 10000000000.000 10000000000.000 10000000000.000 10000000000.000
17.705 13.941 17.108 13.119 12.846 13.503 13.955 13.953 13.732 13.949 13.825 20.180 21.675 15.505 19.932 21.758 21.522 18.747 21.946 23.594 25.676 27.490 27.850 26.636 24.082 27.755 17.376 22.380 14.176 14.239 14.981 14.674 14.648 16.364 17.755 17.771 16.903 15.633 15.530 15.631 16.152 19.644 18.200 26.101 10000000000.000 10000000000.000 10000000000.000 10000000000.000 10000000000.000 10000000000.000 10000000000.000 10000000000.000 10000000000.000 10000000000.000 10000000000.000 10000000000.000 10000000000.000 10000000000.000 10000000000.000 10000000000.000 10000000000.000 10000000000.000
13.209 13.947 16.797 13.327 12.824 13.936 15.400 15.299 13.327 14.125 13.904 14.225 17.665 16.376 22.325 24.494 23.302 23.559 25.069 25.131 24.968 27.234 29.025 25.274 27.752 22.763 15.471 14.621 14.734 15.886 16.621 16.719 15.331 17.934 17.259 17.076 17.830 17.260 15.550 17.461 18.281 19.404 16.901 16.503 10000000000.000 10000000000.000 10000000000.000 10000000000.000 10000000000.000 10000000000.000 10000000000.000 10000000000.000 10000000000.000 10000000000.000 10000000000.000 10000000000.000 10000000000.000 10000000000.000 10000000000.000 10000000000.000 10000000000.000 10000000000.000
13.601 16.009 16.676 17.655 12.917 14.445 13.635 15.971 13.759 14.411 18.362 15.155 15.013 14.708 17.235 23.355 17.587 16.018 26.121 26.840 26.351 26.161 27.869 31.837 30.475 23.172 16.412 14.222 14.205 15.224 14.230 15.260 16.351 17.651 17.787 17.945 19.732 19.002 15.556 17.917 17.327 17.024 17.796 18.393 10000000000.000 10000000000.000 10000000000.000 10000000000.000 10000000000.000 10000000000.000 10000000000.000 10000000000.000 10000000000.000 10000000000.000 10000000000.000 10000000000.000 10000000000.000 10000000000.000 10000000000.000 10000000000.000 10000000000.000 10000000000.000
17.363 15.331 15.999 14.143 12.710 13.341 16.482 15.731 13.978 18.316 16.796 14.558 16.223 15.522 22.518 23.947 19.685 22.276 26.686 26.994 27.749 27.581 28.485 31.494 28.995 21.690 14.378 14.322 14.866 14.879 14.699 15.648 14.934 15.248 15.538 16.619 17.355 15.523 16.417 16.452 18.180 16.862 21.356 16.822 10000000000.000 10000000000.000 10000000000.000 10000000000.000 10000000000.000 10000000000.000 10000000000.000 10000000000.000 10000000000.000 10000000000.000 10000000000.000 10000000000.000 10000000000.000 10000000000.000 10000000000.000 10000000000.000 10000000000.000 10000000000.000
13.371 13.542 14.470 13.686 12.873 14.062 13.465 14.484 16.491 16.297 16.833 14.643 15.356 17.030 20.828 17.089 15.847 20.224 26.067 28.312 29.906 27.237 26.627 26.148 25.640 15.921 14.399 14.239 14.322 14.230 14.640 14.968 17.211 17.832 17.021 18.063 17.720 15.384 17.586 17.479 16.699 16.231 16.863 19.318 10000000000.000 10000000000.000 10000000000.000 10000000000.000 10000000000.000 10000000000.000 10000000000.000 10000000000.000 10000000000.000 10000000000.000 10000000000.000 10000000000.000 10000000000.000 10000000000.000 10000000000.000 10000000000.000 10000000000.000 10000000000.000
13.726 15.557 16.072 13.980 12.958 15.493 14.058 16.366 14.106 17.169 17.503 14.047 13.628 13.610 14.940 15.990 19.965 16.044 17.905 23.223 30.213 29.220 24.830 22.354 24.170 16.362 14.579 14.402 15.101 14.233 14.526 14.619 15.869 17.558 15.575 15.887 15.358 15.528 16.501 19.552 16.755 17.117 16.774 16.941 10000000000.000 10000000000.000 10000000000.000 10000000000.000 10000000000.000 10000000000.000 10000000000.000 10000000000.000 10000000000.000 10000000000.000 10000000000.000 10000000000.000 10000000000.000 10000000000.000 10000000000.000 10000000000.000 10000000000.000 10000000000.000
14.811 15.912 17.205 13.834 12.967 17.052 13.916 14.325 15.571 15.138 17.465 14.216 13.530 13.568 14.597 15.111 16.247 16.802 19.715 25.881 18.951 24.702 17.710 15.384 16.671 18.181 18.951 16.728 14.623 14.495 14.658 14.991 16.252 15.171 17.996 18.109 15.215 15.963 19.414 19.013 18.909 18.209 21.830 18.799 10000000000.000 10000000000.000 10000000000.000 10000000000.000 10000000000.000 10000000000.000 10000000000.000 10000000000.000 10000000000.000 10000000000.000 10000000000.000 10000000000.000 10000000000.000 10000000000.000 10000000000.000 10000000000.000 10000000000.000 10000000000.000
