LISFLOOD_FP/Result/4_LISFLOOD_FP/combined_output/combined_angle_0_x_0_y_0/out-0005.elev
ncols         192
nrows         192
xllcorner     1771145.000000
yllcorner     5471774.000000
cellsize      10.000000
NODATA_value  -9999.000000
[rows 108 to 134 of 192, columns 60 to 119 of 192]
-9999.000 -9999.000 9.818 9.816 9.812 -9999.000 -9999.000 -9999.000 -9999.000 -9999.000 -9999.000 11.280 11.276 -9999.000 -9999.000 -9999.000 10.320 10.282 -9999.000 -9999.000 -9999.000 -9999.000 10.424 10.424 10.426 -9999.000 -9999.000 -9999.000 -9999.000 -9999.000 -9999.000 -9999.000 -9999.000 -9999.000 -9999.000 -9999.000 -9999.000 -9999.000 -9999.000 -9999.000 -9999.000 -9999.000 -9999.000 -9999.000 -9999.000 -9999.000 -9999.000 -9999.000 -9999.000 -9999.000 -9999.000 11.527 11.567 11.591 11.612 -9999.000 -9999.000 -9999.000 -9999.000 -9999.000
-9999.000 9.856 9.836 9.830 9.839 10.072 10.365 -9999.000 -9999.000 -9999.000 -9999.000 11.304 11.305 -9999.000 -9999.000 -9999.000 10.359 10.344 10.356 10.368 -9999.000 -9999.000 10.430 10.430 10.432 10.437 -9999.000 -9999.000 -9999.000 -9999.000 -9999.000 -9999.000 -9999.000 -9999.000 -9999.000 -9999.000 -9999.000 -9999.000 -9999.000 -9999.000 -9999.000 -9999.000 -9999.000 -9999.000 -9999.000 -9999.000 -9999.000 -9999.000 -9999.000 -9999.000 -9999.000 11.599 11.618 11.626 11.627 11.624 -9999.000 -9999.000 -9999.000 -9999.000
-9999.000 9.860 9.841 9.824 10.210 10.371 10.534 10.677 -9999.000 -9999.000 11.221 11.327 11.336 -9999.000 -9999.000 -9999.000 10.374 10.370 10.382 10.396 10.420 10.434 10.434 10.435 10.437 10.440 -9999.000 -9999.000 -9999.000 -9999.000 -9999.000 -9999.000 -9999.000 -9999.000 -9999.000 -9999.000 -9999.000 -9999.000 -9999.000 -9999.000 -9999.000 -9999.000 -9999.000 -9999.000 -9999.000 -9999.000 -9999.000 -9999.000 -9999.000 -9999.000 -9999.000 11.631 11.630 11.632 11.633 11.628 -9999.000 -9999.000 -9999.000 -9999.000
-9999.000 -9999.000 9.805 9.649 -9999.000 10.626 10.676 10.791 10.837 10.851 11.186 11.336 11.345 -9999.000 -9999.000 -9999.000 10.386 10.382 10.394 10.410 10.428 10.436 10.438 10.439 10.441 10.443 10.447 -9999.000 -9999.000 -9999.000 -9999.000 -9999.000 -9999.000 -9999.000 -9999.000 -9999.000 -9999.000 -9999.000 -9999.000 -9999.000 -9999.000 -9999.000 -9999.000 -9999.000 -9999.000 -9999.000 -9999.000 -9999.000 -9999.000 -9999.000 11.636 11.635 11.635 11.636 11.637 11.640 11.641 -9999.000 -9999.000 -9999.000
-9999.000 -9999.000 -9999.000 -9999.000 -9999.000 -9999.000 -9999.000 10.820 10.846 10.853 11.185 11.343 11.360 -9999.000 -9999.000 -9999.000 10.407 10.419 10.409 10.418 10.434 10.440 10.442 10.444 10.445 10.447 10.449 -9999.000 -9999.000 -9999.000 -9999.000 -9999.000 -9999.000 -9999.000 -9999.000 -9999.000 -9999.000 -9999.000 -9999.000 -9999.000 -9999.000 -9999.000 -9999.000 -9999.000 -9999.000 -9999.000 -9999.000 -9999.000 -9999.000 -9999.000 11.637 11.637 11.638 11.639 11.639 11.641 11.643 11.646 -9999.000 -9999.000
-9999.000 -9999.000 -9999.000 -9999.000 -9999.000 -9999.000 -9999.000 -9999.000 10.851 10.854 11.209 11.370 11.402 -9999.000 10.454 10.454 10.427 10.426 10.425 -9999.000 10.446 10.447 10.448 10.449 10.450 10.451 10.453 -9999.000 -9999.000 -9999.000 -9999.000 -9999.000 -9999.000 -9999.000 -9999.000 -9999.000 -9999.000 -9999.000 -9999.000 -9999.000 -9999.000 -9999.000 -9999.000 -9999.000 -9999.000 -9999.000 -9999.000 -9999.000 -9999.000 -9999.000 -9999.000 11.642 11.642 11.642 11.643 11.645 11.648 11.651 -9999.000 -9999.000
-9999.000 -9999.000 -9999.000 -9999.000 -9999.000 -9999.000 -9999.000 -9999.000 10.842 10.853 -9999.000 11.416 11.448 -9999.000 -9999.000 10.457 10.454 10.440 10.445 10.455 10.453 10.453 10.453 10.454 10.454 10.456 10.457 10.460 -9999.000 -9999.000 -9999.000 -9999.000 -9999.000 -9999.000 -9999.000 -9999.000 -9999.000 -9999.000 -9999.000 -9999.000 -9999.000 -9999.000 -9999.000 -9999.000 -9999.000 -9999.000 -9999.000 -9999.000 -9999.000 -9999.000 11.647 11.647 11.647 11.646 11.647 11.650 11.653 11.655 11.657 -9999.000
-9999.000 -9999.000 -9999.000 -9999.000 -9999.000 -9999.000 -9999.000 -9999.000 -9999.000 -9999.000 -9999.000 11.489 11.503 -9999.000 -9999.000 10.991 10.483 10.455 10.456 10.463 10.458 10.458 10.458 10.458 10.459 10.460 10.461 10.463 10.466 -9999.000 -9999.000 -9999.000 -9999.000 -9999.000 -9999.000 -9999.000 -9999.000 -9999.000 -9999.000 -9999.000 -9999.000 -9999.000 -9999.000 -9999.000 -9999.000 -9999.000 -9999.000 -9999.000 -9999.000 -9999.000 -9999.000 11.650 11.650 11.648 11.650 11.656 11.658 11.659 11.659 11.654
-9999.000 -9999.000 -9999.000 -9999.000 -9999.000 -9999.000 -9999.000 -9999.000 -9999.000 -9999.000 11.607 11.530 11.555 -9999.000 -9999.000 11.199 10.643 -9999.000 10.471 10.494 10.469 10.465 10.463 10.463 10.463 10.463 10.465 10.466 10.468 10.470 -9999.000 -9999.000 -9999.000 -9999.000 -9999.000 -9999.000 -9999.000 -9999.000 -9999.000 -9999.000 -9999.000 -9999.000 -9999.000 -9999.000 10.273 -9999.000 -9999.000 -9999.000 11.659 11.659 11.659 11.656 11.654 -9999.000 11.663 11.666 11.665 11.664 11.663 11.662
-9999.000 -9999.000 -9999.000 -9999.000 -9999.000 -9999.000 -9999.000 -9999.000 -9999.000 11.645 11.644 -9999.000 11.597 11.618 -9999.000 11.463 11.176 -9999.000 -9999.000 10.655 10.517 10.475 10.469 10.467 10.466 10.467 10.467 10.469 10.470 10.472 10.476 -9999.000 -9999.000 -9999.000 -9999.000 -9999.000 -9999.000 -9999.000 -9999.000 -9999.000 -9999.000 -9999.000 10.501 10.517 10.452 -9999.000 11.660 11.660 11.660 11.660 11.660 11.659 11.661 11.669 11.673 11.673 11.674 11.672 11.669 11.670
-9999.000 -9999.000 -9999.000 -9999.000 -9999.000 -9999.000 -9999.000 -9999.000 -9999.000 11.646 11.647 11.646 11.634 11.621 11.613 11.485 -9999.000 -9999.000 -9999.000 10.923 -9999.000 10.471 10.470 10.469 10.469 10.469 10.470 10.471 10.473 10.475 10.479 10.484 -9999.000 -9999.000 -9999.000 -9999.000 -9999.000 -9999.000 -9999.000 -9999.000 -9999.000 -9999.000 10.541 10.551 -9999.000 -9999.000 -9999.000 -9999.000 11.660 11.660 11.661 11.662 11.664 11.681 11.690 11.691 11.689 11.686 11.682 11.682
-9999.000 -9999.000 -9999.000 -9999.000 -9999.000 -9999.000 -9999.000 -9999.000 -9999.000 -9999.000 11.649 11.654 11.652 -9999.000 -9999.000 11.517 11.542 -9999.000 -9999.000 11.161 11.161 -9999.000 10.471 10.470 10.471 10.471 10.472 10.474 10.476 10.479 10.483 10.491 10.498 -9999.000 -9999.000 -9999.000 -9999.000 -9999.000 -9999.000 -9999.000 -9999.000 -9999.000 -9999.000 10.594 -9999.000 11.487 11.588 11.642 11.658 11.662 11.664 11.665 -9999.000 11.706 11.710 11.712 11.705 11.699 11.696 11.694
-9999.000 -9999.000 -9999.000 -9999.000 -9999.000 -9999.000 -9999.000 -9999.000 -9999.000 -9999.000 11.650 11.667 11.666 -9999.000 -9999.000 11.548 11.563 11.559 11.550 11.475 11.352 -9999.000 10.471 10.472 10.472 10.473 10.474 10.476 10.478 10.482 10.488 10.497 10.508 10.524 10.540 -9999.000 -9999.000 -9999.000 -9999.000 -9999.000 -9999.000 -9999.000 -9999.000 10.652 11.223 11.321 -9999.000 -9999.000 11.665 11.667 11.669 11.675 11.685 11.705 11.722 11.725 11.713 11.702 11.698 11.695
-9999.000 -9999.000 -9999.000 -9999.000 -9999.000 -9999.000 -9999.000 -9999.000 -9999.000 -9999.000 -9999.000 11.680 11.679 -9999.000 -9999.000 11.560 11.574 11.565 11.554 11.555 -9999.000 -9999.000 10.472 10.473 10.474 10.475 10.476 10.478 10.481 10.486 10.493 10.502 10.516 10.538 10.562 10.586 -9999.000 -9999.000 -9999.000 -9999.000 -9999.000 -9999.000 -9999.000 -9999.000 -9999.000 -9999.000 -9999.000 -9999.000 11.668 11.669 11.669 11.671 -9999.000 -9999.000 11.749 11.746 11.736 11.705 11.698 -9999.000
-9999.000 -9999.000 -9999.000 -9999.000 -9999.000 -9999.000 -9999.000 -9999.000 -9999.000 -9999.000 11.700 11.692 11.691 -9999.000 -9999.000 11.600 11.594 11.579 -9999.000 11.577 -9999.000 -9999.000 -9999.000 10.474 10.475 10.477 10.478 10.481 10.484 10.490 10.499 10.510 10.526 10.550 10.578 10.615 10.665 10.700 10.735 10.768 10.784 -9999.000 -9999.000 -9999.000 -9999.000 -9999.000 -9999.000 -9999.000 11.669 11.669 11.669 11.675 11.800 11.859 11.847 11.914 12.221 -9999.000 -9999.000 -9999.000
-9999.000 -9999.000 -9999.000 -9999.000 -9999.000 -9999.000 -9999.000 -9999.000 -9999.000 11.714 11.708 11.703 11.702 -9999.000 -9999.000 11.617 11.617 -9999.000 -9999.000 11.642 11.667 -9999.000 -9999.000 10.475 10.477 10.478 10.480 10.483 10.487 10.494 10.503 10.517 10.538 10.563 10.593 10.628 10.675 10.712 10.749 10.783 10.804 10.828 10.837 10.844 -9999.000 -9999.000 -9999.000 -9999.000 -9999.000 -9999.000 -9999.000 -9999.000 -9999.000 11.951 11.960 12.063 12.354 -9999.000 -9999.000 -9999.000
-9999.000 -9999.000 -9999.000 -9999.000 -9999.000 -9999.000 11.727 11.726 -9999.000 11.722 11.720 11.715 11.713 11.722 -9999.000 -9999.000 11.642 11.662 11.673 11.676 11.679 -9999.000 -9999.000 -9999.000 10.479 10.480 10.482 10.485 10.490 10.498 10.507 10.524 10.549 10.575 10.609 10.648 10.691 10.730 10.770 10.802 10.823 10.839 10.845 10.851 10.919 -9999.000 -9999.000 11.338 11.363 11.425 11.676 11.849 11.967 12.000 -9999.000 12.420 12.508 12.517 12.517 12.517
-9999.000 -9999.000 -9999.000 -9999.000 -9999.000 -9999.000 11.727 11.726 11.725 11.724 11.723 11.720 11.720 11.724 -9999.000 -9999.000 11.664 11.675 11.679 11.682 11.687 11.694 -9999.000 -9999.000 10.480 10.482 10.484 10.487 10.493 10.501 10.512 10.532 10.557 10.590 10.624 10.667 10.711 10.760 10.802 10.841 10.872 10.878 10.868 10.875 11.024 11.239 11.314 11.320 11.328 11.344 11.434 11.568 -9999.000 12.460 12.545 12.458 12.529 12.527 -9999.000 -9999.000
-9999.000 -9999.000 -9999.000 -9999.000 -9999.000 -9999.000 11.727 11.727 11.726 11.726 11.724 11.724 11.724 11.726 -9999.000 -9999.000 11.670 11.679 11.681 11.687 11.694 11.700 -9999.000 -9999.000 -9999.000 10.484 10.486 10.489 10.494 10.503 10.516 10.538 10.569 10.604 10.642 10.699 10.752 10.802 10.856 10.910 10.951 10.936 10.896 10.895 10.941 11.298 11.318 11.323 11.324 11.330 11.953 12.502 -9999.000 12.589 12.591 -9999.000 12.538 12.536 12.536 12.536
-9999.000 -9999.000 -9999.000 -9999.000 11.730 11.729 11.728 11.727 11.727 11.725 11.725 11.725 11.726 11.727 -9999.000 -9999.000 -9999.000 11.682 11.685 11.692 11.703 11.713 11.727 -9999.000 -9999.000 -9999.000 10.489 10.491 10.496 10.506 10.519 10.544 10.579 10.616 10.662 10.721 10.779 10.851 10.931 11.006 11.077 11.025 -9999.000 -9999.000 -9999.000 11.338 11.294 11.325 11.325 -9999.000 -9999.000 12.566 12.590 12.591 12.591 12.593 12.581 -9999.000 -9999.000 -9999.000
-9999.000 -9999.000 -9999.000 -9999.000 11.730 11.730 11.729 11.729 11.728 11.638 11.726 11.727 11.728 11.729 11.731 11.731 -9999.000 -9999.000 -9999.000 11.703 11.714 11.727 11.738 11.749 -9999.000 -9999.000 -9999.000 -9999.000 -9999.000 -9999.000 10.520 10.567 10.610 10.629 10.677 10.738 10.813 10.926 11.018 11.115 11.232 11.111 -9999.000 -9999.000 -9999.000 11.346 11.337 11.331 -9999.000 12.536 12.542 12.542 -9999.000 -9999.000 12.597 12.611 12.626 12.648 12.676 12.706
-9999.000 -9999.000 -9999.000 -9999.000 11.730 11.730 11.730 11.730 11.729 -9999.000 -9999.000 11.729 11.730 11.730 11.731 11.732 11.733 11.733 -9999.000 -9999.000 11.728 11.743 11.751 11.759 11.768 11.774 -9999.000 -9999.000 -9999.000 -9999.000 -9999.000 -9999.000 -9999.000 10.563 -9999.000 10.665 -9999.000 11.031 11.094 11.225 11.472 -9999.000 -9999.000 -9999.000 11.455 11.374 11.355 -9999.000 12.487 12.489 -9999.000 12.527 12.535 12.550 12.570 12.597 12.621 12.646 12.675 12.704
-9999.000 -9999.000 -9999.000 -9999.000 -9999.000 11.731 11.731 11.731 11.731 11.658 11.731 11.731 11.731 11.732 11.732 11.733 11.733 11.733 -9999.000 -9999.000 -9999.000 11.753 11.759 11.767 11.775 11.786 11.796 11.807 11.813 -9999.000 -9999.000 -9999.000 10.460 10.469 -9999.000 -9999.000 -9999.000 -9999.000 -9999.000 -9999.000 11.838 -9999.000 -9999.000 12.000 11.511 -9999.000 -9999.000 -9999.000 12.484 12.490 12.499 12.513 12.528 12.544 12.563 12.588 12.613 12.642 12.672 12.703
-9999.000 -9999.000 -9999.000 -9999.000 -9999.000 11.731 11.731 11.731 11.731 11.732 11.731 11.732 11.732 11.732 11.733 11.733 11.733 11.734 -9999.000 -9999.000 -9999.000 11.759 11.765 11.772 11.780 11.792 11.802 11.814 11.820 -9999.000 -9999.000 -9999.000 10.459 -9999.000 -9999.000 -9999.000 -9999.000 -9999.000 -9999.000 -9999.000 12.048 12.086 12.110 12.126 12.010 -9999.000 -9999.000 -9999.000 12.462 12.487 12.495 12.505 12.520 12.537 12.555 12.576 12.597 12.619 12.652 12.688
-9999.000 -9999.000 -9999.000 -9999.000 -9999.000 11.732 11.732 11.731 11.732 11.732 11.732 11.732 11.732 11.733 11.733 11.734 11.734 11.735 11.735 11.736 -9999.000 -9999.000 -9999.000 11.780 11.786 11.797 11.809 11.823 11.831 -9999.000 11.864 11.863 -9999.000 -9999.000 -9999.000 -9999.000 -9999.000 -9999.000 -9999.000 12.072 12.076 12.095 12.118 12.142 12.155 12.166 -9999.000 12.349 12.386 12.436 12.471 12.493 12.506 12.522 12.542 12.562 12.581 12.598 12.626 12.662
-9999.000 -9999.000 -9999.000 -9999.000 -9999.000 11.732 11.732 11.732 11.732 11.732 11.732 11.732 11.733 11.733 11.734 11.734 11.734 11.735 11.736 11.736 -9999.000 -9999.000 -9999.000 -9999.000 -9999.000 11.817 11.823 11.836 11.845 11.858 11.869 11.880 11.892 11.903 11.911 -9999.000 -9999.000 -9999.000 12.053 12.065 12.078 12.097 12.121 12.147 12.168 12.198 12.232 12.298 12.357 12.384 12.432 12.460 12.481 12.504 12.529 12.555 12.574 12.588 12.597 12.646
-9999.000 -9999.000 -9999.000 -9999.000 -9999.000 11.732 11.732 11.732 11.732 11.732 11.733 11.733 11.733 11.734 11.734 11.734 11.735 11.736 11.736 11.737 11.739 11.739 -9999.000 -9999.000 -9999.000 -9999.000 -9999.000 11.846 11.852 11.861 11.871 11.881 11.895 11.911 11.930 11.957 11.982 12.008 12.035 12.053 12.075 12.096 12.122 12.151 12.176 12.205 12.236 12.280 12.333 12.366 12.402 12.433 12.455 12.480 12.503 -9999.000 12.571 12.581 12.594 12.617
