LISFLOOD_FP/Result/4_LISFLOOD_FP/combined_output/combined_angle_0_x_0_y_0/out-0010.elev
ncols         192
nrows         192
xllcorner     1771145.000000
yllcorner     5471774.000000
cellsize      10.000000
NODATA_value  -9999.000000
[rows 108 to 134 of 192, columns 62 to 123 of 192]
11.884 11.883 11.882 11.883 11.887 -9999.000 -9999.000 -9999.000 11.858 11.879 11.874 -9999.000 11.630 -9999.000 11.595 11.578 11.579 -9999.000 -9999.000 11.638 11.641 11.642 11.645 -9999.000 -9999.000 -9999.000 -9999.000 -9999.000 -9999.000 11.111 11.110 -9999.000 -9999.000 -9999.000 -9999.000 -9999.000 -9999.000 -9999.000 11.242 -9999.000 -9999.000 -9999.000 12.333 -9999.000 -9999.000 12.351 12.350 -9999.000 -9999.000 12.349 12.349 12.349 12.350 12.350 12.350 12.349 -9999.000 -9999.000 -9999.000 -9999.000 -9999.000 -9999.000
11.884 11.884 11.884 11.887 11.891 11.895 -9999.000 -9999.000 11.898 11.918 11.920 -9999.000 11.630 11.630 11.626 11.620 11.629 11.641 -9999.000 -9999.000 11.654 11.655 11.657 11.665 -9999.000 -9999.000 -9999.000 -9999.000 11.113 11.113 11.161 11.242 11.260 11.295 11.325 11.332 11.336 11.339 11.325 -9999.000 -9999.000 10.496 12.291 -9999.000 12.351 12.351 12.350 12.350 12.351 12.351 12.351 12.351 12.351 12.351 12.351 12.351 -9999.000 -9999.000 -9999.000 -9999.000 -9999.000 -9999.000
11.884 11.885 11.886 11.890 11.896 11.907 11.914 11.881 11.927 11.954 11.965 -9999.000 -9999.000 11.630 11.638 11.637 11.644 11.652 11.662 11.665 11.664 11.664 11.666 11.669 -9999.000 -9999.000 -9999.000 11.064 11.113 11.114 -9999.000 -9999.000 -9999.000 -9999.000 -9999.000 11.335 11.338 11.345 11.350 -9999.000 -9999.000 -9999.000 -9999.000 -9999.000 12.351 -9999.000 -9999.000 12.351 -9999.000 12.352 12.352 12.352 12.352 12.352 12.353 12.354 -9999.000 -9999.000 -9999.000 -9999.000 -9999.000 -9999.000
11.885 11.885 11.888 11.893 11.901 11.916 11.924 11.928 11.943 11.972 11.980 -9999.000 -9999.000 -9999.000 11.647 11.646 11.653 11.659 11.666 11.669 11.669 11.671 11.673 11.675 11.679 -9999.000 -9999.000 11.008 -9999.000 11.117 -9999.000 -9999.000 -9999.000 -9999.000 -9999.000 -9999.000 -9999.000 11.376 11.365 -9999.000 -9999.000 -9999.000 -9999.000 -9999.000 12.352 12.352 12.352 -9999.000 12.353 12.353 12.353 12.353 12.353 12.354 12.355 12.355 12.356 12.357 12.357 12.342 -9999.000 -9999.000
11.885 11.886 11.891 11.893 11.905 11.922 11.926 11.928 11.954 11.987 12.001 -9999.000 11.689 -9999.000 11.661 11.661 11.662 11.664 11.671 11.673 11.675 11.676 11.678 11.680 11.682 -9999.000 -9999.000 -9999.000 11.120 11.120 11.126 -9999.000 11.142 11.142 -9999.000 -9999.000 -9999.000 11.405 11.400 11.441 -9999.000 -9999.000 -9999.000 -9999.000 12.352 12.352 12.352 12.352 12.353 12.353 12.353 12.353 12.354 12.354 12.355 12.356 12.357 12.358 12.358 12.358 -9999.000 -9999.000
-9999.000 -9999.000 11.892 11.895 11.907 11.924 11.928 11.929 11.964 12.022 12.049 11.834 11.691 11.691 11.675 11.673 11.672 11.678 11.679 11.680 11.681 11.682 11.683 11.685 11.687 11.693 -9999.000 -9999.000 -9999.000 -9999.000 11.133 -9999.000 11.142 11.142 -9999.000 -9999.000 -9999.000 11.417 11.436 11.476 11.492 -9999.000 11.623 -9999.000 -9999.000 -9999.000 -9999.000 -9999.000 12.353 12.353 12.354 12.354 12.354 12.355 12.356 12.357 12.357 12.359 12.360 12.360 -9999.000 -9999.000
-9999.000 -9999.000 11.892 11.893 11.908 11.926 11.928 11.929 12.001 12.078 12.103 -9999.000 -9999.000 11.694 11.691 11.682 11.682 11.685 11.685 11.685 11.686 11.687 11.689 11.690 11.692 11.696 11.697 -9999.000 11.220 11.181 11.137 11.138 11.140 11.138 -9999.000 -9999.000 -9999.000 11.432 11.452 11.481 11.511 -9999.000 11.623 -9999.000 -9999.000 -9999.000 -9999.000 -9999.000 12.354 12.354 12.354 12.354 12.355 12.356 12.357 12.358 12.359 12.360 12.360 12.361 -9999.000 -9999.000
-9999.000 -9999.000 11.892 -9999.000 -9999.000 -9999.000 -9999.000 11.954 12.162 12.157 12.168 -9999.000 -9999.000 11.784 11.706 11.688 11.687 11.689 11.689 11.690 11.691 11.692 11.694 11.695 11.697 11.700 11.702 11.694 11.572 -9999.000 11.137 11.138 -9999.000 -9999.000 -9999.000 -9999.000 -9999.000 -9999.000 11.393 -9999.000 11.595 11.617 11.624 11.612 -9999.000 -9999.000 -9999.000 -9999.000 -9999.000 12.354 12.354 12.354 12.356 12.358 12.359 12.359 12.360 12.361 12.361 12.361 -9999.000 -9999.000
-9999.000 -9999.000 -9999.000 -9999.000 -9999.000 -9999.000 12.336 12.295 12.276 12.215 12.230 12.297 -9999.000 11.903 11.763 -9999.000 11.691 11.698 11.696 11.696 11.696 11.697 11.698 11.699 11.701 11.703 11.705 11.708 -9999.000 -9999.000 -9999.000 -9999.000 -9999.000 -9999.000 -9999.000 -9999.000 -9999.000 -9999.000 -9999.000 -9999.000 11.621 11.627 11.630 -9999.000 -9999.000 12.351 12.352 12.352 12.353 12.353 12.354 -9999.000 12.359 12.360 12.360 12.361 12.361 12.362 12.362 12.362 -9999.000 -9999.000
-9999.000 -9999.000 -9999.000 -9999.000 -9999.000 -9999.000 12.337 12.337 12.331 12.284 12.282 12.300 -9999.000 12.075 11.917 -9999.000 -9999.000 11.738 11.708 11.702 11.701 11.701 11.702 11.703 11.705 11.707 11.709 11.712 11.716 -9999.000 -9999.000 -9999.000 -9999.000 -9999.000 -9999.000 -9999.000 -9999.000 -9999.000 -9999.000 -9999.000 11.635 11.637 11.634 -9999.000 12.351 12.351 12.351 12.352 12.353 12.354 12.355 12.359 12.360 12.361 12.362 12.362 12.362 12.363 12.363 12.364 -9999.000 -9999.000
-9999.000 -9999.000 -9999.000 -9999.000 -9999.000 -9999.000 -9999.000 12.339 12.342 12.341 12.326 12.303 12.278 12.103 -9999.000 -9999.000 -9999.000 11.843 11.870 11.703 11.703 11.704 11.705 11.706 11.708 11.710 11.713 11.716 11.719 11.723 -9999.000 -9999.000 -9999.000 -9999.000 -9999.000 -9999.000 -9999.000 -9999.000 -9999.000 -9999.000 11.642 11.650 11.638 -9999.000 -9999.000 12.347 12.351 12.352 12.353 12.353 12.356 12.361 12.363 12.364 12.365 12.364 12.364 12.364 12.364 12.364 -9999.000 -9999.000
-9999.000 -9999.000 -9999.000 -9999.000 -9999.000 -9999.000 -9999.000 -9999.000 12.346 12.351 12.349 -9999.000 12.254 12.138 12.160 -9999.000 -9999.000 11.958 11.959 -9999.000 11.707 11.707 11.708 11.710 11.711 11.713 11.716 11.719 11.723 11.728 11.733 -9999.000 -9999.000 -9999.000 -9999.000 -9999.000 -9999.000 -9999.000 -9999.000 -9999.000 -9999.000 11.691 -9999.000 12.118 12.225 12.304 12.344 12.351 12.352 12.353 -9999.000 12.366 12.368 12.369 12.368 12.367 12.366 12.365 12.365 12.365 12.362 -9999.000
-9999.000 -9999.000 -9999.000 -9999.000 -9999.000 -9999.000 -9999.000 -9999.000 12.353 12.368 12.368 -9999.000 -9999.000 12.166 12.179 12.177 12.172 12.124 11.998 -9999.000 11.709 11.710 11.711 11.713 11.714 11.717 11.719 11.723 11.727 11.732 11.738 11.747 11.753 -9999.000 -9999.000 -9999.000 -9999.000 -9999.000 -9999.000 -9999.000 -9999.000 11.735 11.885 11.984 -9999.000 -9999.000 12.350 12.351 12.353 12.355 12.360 12.366 12.373 12.375 12.372 12.368 12.367 12.366 12.365 12.365 -9999.000 -9999.000
-9999.000 -9999.000 -9999.000 -9999.000 -9999.000 -9999.000 -9999.000 -9999.000 12.383 12.387 12.385 -9999.000 -9999.000 12.178 12.189 12.182 12.176 12.179 -9999.000 -9999.000 11.710 11.712 11.714 11.715 11.717 11.720 11.722 11.726 11.731 11.736 11.743 11.751 11.760 11.771 11.779 11.783 -9999.000 -9999.000 -9999.000 -9999.000 11.768 11.743 -9999.000 -9999.000 12.349 12.350 12.350 12.351 12.352 12.354 -9999.000 12.402 12.387 12.386 12.381 12.371 12.367 12.367 12.366 -9999.000 -9999.000 -9999.000
-9999.000 -9999.000 -9999.000 -9999.000 -9999.000 -9999.000 -9999.000 -9999.000 12.413 12.403 12.401 -9999.000 -9999.000 12.209 12.208 12.194 -9999.000 12.204 -9999.000 -9999.000 -9999.000 11.715 11.716 11.718 11.720 11.722 11.725 11.729 11.734 11.740 11.747 11.756 11.765 11.777 11.792 11.808 11.822 11.834 11.842 11.847 11.834 -9999.000 -9999.000 -9999.000 -9999.000 -9999.000 12.350 12.351 12.352 12.357 12.390 12.419 12.420 12.442 12.545 -9999.000 -9999.000 -9999.000 -9999.000 -9999.000 -9999.000 -9999.000
-9999.000 -9999.000 -9999.000 -9999.000 -9999.000 12.443 -9999.000 12.432 12.425 12.416 12.415 -9999.000 -9999.000 12.230 12.232 -9999.000 -9999.000 12.263 12.283 -9999.000 -9999.000 11.717 11.719 11.721 11.723 11.725 11.728 11.732 11.737 11.744 11.751 11.760 11.771 11.782 11.797 11.811 11.825 11.838 11.849 11.864 11.878 11.896 11.919 11.974 12.122 12.204 12.277 12.296 12.314 12.370 12.405 12.450 12.458 12.520 12.685 -9999.000 -9999.000 -9999.000 -9999.000 -9999.000 -9999.000 -9999.000
-9999.000 -9999.000 -9999.000 -9999.000 12.443 12.443 -9999.000 12.438 12.436 12.431 12.428 12.439 -9999.000 -9999.000 12.260 12.279 12.288 12.291 12.294 -9999.000 -9999.000 -9999.000 11.722 11.723 11.725 11.727 11.731 11.735 11.740 11.747 11.756 11.765 11.776 11.788 11.801 11.815 11.829 11.843 11.856 11.870 11.885 11.905 11.939 12.004 12.108 12.160 12.175 12.191 12.234 12.304 12.413 12.470 -9999.000 12.773 12.851 12.868 12.868 12.868 -9999.000 -9999.000 -9999.000 -9999.000
-9999.000 -9999.000 -9999.000 -9999.000 12.444 12.443 12.443 12.441 12.439 12.437 12.437 12.440 -9999.000 -9999.000 12.281 12.290 12.294 12.297 12.302 12.309 -9999.000 -9999.000 11.724 11.725 11.727 11.729 11.733 11.737 11.743 11.751 11.759 11.770 11.780 11.793 11.806 11.820 11.835 11.850 11.864 11.878 11.892 11.915 11.959 12.046 12.129 12.153 12.167 12.182 12.216 12.249 -9999.000 12.829 12.907 12.837 12.885 12.884 -9999.000 -9999.000 -9999.000 -9999.000 -9999.000 -9999.000
-9999.000 -9999.000 -9999.000 -9999.000 12.444 12.444 12.443 12.442 12.441 12.441 12.441 12.442 -9999.000 -9999.000 12.287 12.294 12.297 12.302 12.309 12.315 12.332 -9999.000 11.725 11.727 11.728 11.731 11.734 11.739 11.746 11.754 11.763 11.774 11.785 11.799 11.812 11.827 11.843 11.859 11.876 11.887 11.899 11.927 11.967 12.085 12.138 12.156 12.162 12.174 12.269 12.736 12.919 12.975 12.981 -9999.000 12.904 12.900 12.900 12.900 12.900 -9999.000 -9999.000 -9999.000
12.431 12.446 12.446 12.446 12.445 12.444 12.444 12.442 12.442 12.442 12.443 12.443 12.382 -9999.000 12.291 12.297 12.301 12.308 12.318 12.329 12.342 12.354 -9999.000 11.728 11.730 11.731 11.735 11.740 11.749 11.757 11.767 11.780 11.791 11.804 11.817 11.835 11.854 11.873 11.893 11.898 11.905 11.937 12.025 12.133 12.153 12.160 12.161 -9999.000 -9999.000 12.948 12.979 12.981 12.985 12.995 12.981 -9999.000 -9999.000 -9999.000 -9999.000 13.204 13.207 -9999.000
12.446 12.446 12.446 12.446 12.446 12.445 12.445 12.443 12.443 12.444 12.445 12.445 12.447 12.448 -9999.000 -9999.000 -9999.000 12.319 12.330 12.342 12.354 12.364 -9999.000 -9999.000 -9999.000 -9999.000 -9999.000 -9999.000 11.754 11.761 11.772 11.787 11.795 11.809 11.822 11.848 11.869 11.894 11.930 11.912 -9999.000 -9999.000 -9999.000 12.172 12.168 12.163 -9999.000 12.945 12.951 12.952 12.940 -9999.000 13.005 13.026 13.041 13.065 13.092 13.120 13.148 13.184 13.214 13.240
12.446 12.446 12.446 12.446 12.446 12.446 12.446 -9999.000 -9999.000 12.446 12.446 12.447 12.448 12.448 12.449 12.449 -9999.000 -9999.000 12.343 12.358 12.366 12.375 12.384 12.391 -9999.000 -9999.000 -9999.000 -9999.000 -9999.000 -9999.000 -9999.000 11.806 11.815 11.817 -9999.000 11.870 11.884 11.926 12.057 11.940 -9999.000 -9999.000 12.321 12.214 12.191 -9999.000 12.932 12.933 -9999.000 12.963 12.970 12.982 12.998 13.019 13.040 13.064 13.091 13.119 13.150 13.183 13.215 13.245
-9999.000 -9999.000 -9999.000 12.447 12.447 12.447 12.447 12.448 12.448 12.448 12.448 12.448 12.448 12.449 12.449 12.450 -9999.000 -9999.000 -9999.000 12.368 12.375 12.382 12.390 12.402 12.412 12.423 12.428 -9999.000 -9999.000 -9999.000 11.823 11.821 11.822 11.823 -9999.000 11.883 11.888 -9999.000 12.371 -9999.000 -9999.000 12.569 12.405 -9999.000 -9999.000 -9999.000 12.930 12.934 12.941 12.953 12.965 12.978 12.994 13.014 13.035 13.061 13.089 13.117 13.150 13.184 13.217 13.251
-9999.000 -9999.000 -9999.000 12.448 12.448 12.448 12.448 12.449 12.449 12.449 12.449 12.449 12.449 12.449 12.450 12.450 -9999.000 -9999.000 -9999.000 12.374 12.380 12.388 12.396 12.407 12.418 12.428 12.433 -9999.000 12.476 12.438 11.825 11.827 -9999.000 11.830 11.858 11.883 11.903 12.458 12.583 12.624 12.642 12.650 12.584 -9999.000 -9999.000 12.861 12.916 12.931 12.938 12.947 12.959 12.973 12.989 13.007 13.026 13.048 13.076 13.108 13.146 13.181 13.217 13.254
12.450 -9999.000 12.448 12.448 12.448 12.449 12.449 12.449 12.449 12.449 12.449 12.449 12.450 12.450 12.450 12.451 12.452 12.452 12.452 -9999.000 -9999.000 12.395 12.401 12.412 12.424 12.437 12.444 -9999.000 12.478 12.478 -9999.000 12.287 -9999.000 -9999.000 -9999.000 11.883 -9999.000 12.617 12.619 12.634 12.652 12.671 12.684 12.697 12.768 12.838 12.866 12.899 12.922 12.938 12.949 12.962 12.980 13.000 13.021 13.038 13.062 13.092 13.129 13.167 13.198 13.238
12.450 -9999.000 -9999.000 12.449 12.449 12.449 12.449 12.449 12.449 12.449 12.449 12.450 12.450 12.450 12.451 12.451 12.452 12.452 -9999.000 -9999.000 -9999.000 -9999.000 -9999.000 12.430 12.436 12.450 12.459 12.471 12.479 12.486 12.494 12.501 12.508 -9999.000 -9999.000 -9999.000 12.609 12.616 12.624 12.638 12.657 12.677 12.697 12.723 12.754 12.804 12.846 12.867 12.898 12.917 12.933 12.950 12.971 12.997 13.021 13.036 13.049 13.084 13.116 13.150 13.177 13.203
12.450 12.450 12.450 12.449 12.449 12.449 12.449 12.449 12.449 12.450 12.450 12.450 12.450 12.451 12.451 12.452 12.452 12.453 12.454 12.455 -9999.000 -9999.000 -9999.000 -9999.000 12.447 12.461 12.466 12.473 12.480 12.487 12.497 12.508 12.522 12.543 12.562 12.581 12.599 12.610 12.623 12.638 12.658 12.682 12.704 12.730 12.757 12.792 12.830 12.855 12.880 12.900 12.916 12.933 12.953 13.012 13.025 13.035 13.049 13.073 13.102 13.137 13.168 13.186
