LISFLOOD_FP/Result/4_LISFLOOD_FP/combined_output/combined_angle_0_x_0_y_0/out-0009.elev
ncols         192
nrows         192
xllcorner     1771145.000000
yllcorner     5471774.000000
cellsize      10.000000
NODATA_value  -9999.000000
[rows 108 to 134 of 192, columns 62 to 123 of 192]
11.834 11.833 11.832 11.832 11.837 -9999.000 -9999.000 -9999.000 11.808 11.831 11.826 -9999.000 11.446 -9999.000 11.408 11.387 11.385 -9999.000 -9999.000 11.449 11.466 11.467 11.470 -9999.000 -9999.000 -9999.000 -9999.000 -9999.000 -9999.000 10.454 10.454 -9999.000 -9999.000 -9999.000 -9999.000 -9999.000 -9999.000 -9999.000 10.996 -9999.000 -9999.000 -9999.000 12.224 -9999.000 -9999.000 12.261 12.261 -9999.000 -9999.000 12.240 12.241 12.242 12.242 12.242 12.240 12.228 -9999.000 -9999.000 -9999.000 -9999.000 -9999.000 -9999.000
11.834 11.834 11.834 11.836 11.840 11.845 -9999.000 -9999.000 11.848 11.869 11.871 -9999.000 11.446 11.446 11.444 11.436 11.447 11.461 -9999.000 -9999.000 11.479 11.480 11.483 11.491 -9999.000 -9999.000 -9999.000 -9999.000 10.454 10.454 10.969 11.086 11.098 11.129 11.156 11.159 11.161 11.162 11.139 -9999.000 -9999.000 -9999.000 -9999.000 -9999.000 12.260 12.260 12.260 12.261 12.249 12.244 12.245 12.245 12.245 12.245 12.245 12.233 -9999.000 -9999.000 -9999.000 -9999.000 -9999.000 -9999.000
11.833 11.835 11.835 11.840 11.846 11.856 11.863 -9999.000 11.877 11.906 11.916 -9999.000 -9999.000 11.446 11.457 11.456 11.464 11.474 11.486 11.490 11.489 11.490 11.492 11.495 -9999.000 -9999.000 -9999.000 -9999.000 10.454 10.452 -9999.000 -9999.000 -9999.000 -9999.000 -9999.000 11.161 11.163 11.169 11.174 -9999.000 -9999.000 -9999.000 -9999.000 -9999.000 12.258 -9999.000 -9999.000 12.261 -9999.000 12.247 12.247 12.247 12.247 12.247 12.246 12.249 -9999.000 -9999.000 -9999.000 -9999.000 -9999.000 -9999.000
11.834 11.835 11.838 11.843 11.850 11.865 11.873 11.876 11.893 11.923 11.931 -9999.000 -9999.000 -9999.000 11.468 11.466 11.474 11.482 11.490 11.494 11.495 11.496 11.499 11.501 11.506 -9999.000 -9999.000 -9999.000 -9999.000 10.442 -9999.000 -9999.000 -9999.000 -9999.000 -9999.000 -9999.000 -9999.000 11.207 11.189 -9999.000 -9999.000 -9999.000 -9999.000 -9999.000 12.256 12.255 12.254 -9999.000 12.249 12.248 12.248 12.248 12.248 12.249 12.250 12.251 12.251 12.229 -9999.000 -9999.000 -9999.000 -9999.000
11.835 11.836 11.840 11.842 11.854 11.871 11.875 11.877 11.903 11.937 11.952 -9999.000 -9999.000 -9999.000 11.484 11.483 11.485 11.488 11.496 11.499 11.501 11.502 11.504 11.507 11.509 -9999.000 -9999.000 -9999.000 10.432 10.434 10.355 -9999.000 -9999.000 -9999.000 -9999.000 -9999.000 -9999.000 11.237 11.230 11.283 -9999.000 -9999.000 -9999.000 -9999.000 12.255 12.255 12.254 12.252 12.250 12.249 12.249 12.249 12.249 12.250 12.251 12.251 12.252 12.253 12.254 -9999.000 -9999.000 -9999.000
-9999.000 -9999.000 11.841 11.844 11.856 11.873 11.876 11.878 11.913 11.972 11.998 11.803 11.519 11.519 11.500 11.497 11.496 11.504 11.505 11.506 11.507 11.508 11.510 11.512 11.514 11.520 -9999.000 -9999.000 -9999.000 -9999.000 10.165 -9999.000 -9999.000 -9999.000 -9999.000 -9999.000 -9999.000 11.250 11.278 11.326 11.340 -9999.000 11.439 -9999.000 -9999.000 -9999.000 -9999.000 -9999.000 12.250 12.249 12.249 12.250 12.250 12.251 12.252 12.252 12.253 12.253 12.256 12.256 -9999.000 -9999.000
-9999.000 -9999.000 11.841 11.842 11.851 11.875 11.877 11.877 11.942 12.025 12.051 -9999.000 -9999.000 11.522 11.518 11.508 11.508 11.512 11.512 11.512 11.513 11.514 11.516 11.517 11.520 11.523 11.464 -9999.000 10.879 10.770 10.174 10.116 -9999.000 -9999.000 -9999.000 -9999.000 -9999.000 11.271 11.298 11.330 11.359 -9999.000 11.466 -9999.000 -9999.000 -9999.000 -9999.000 -9999.000 12.250 12.250 12.250 12.250 12.251 12.252 12.253 12.254 12.256 12.257 12.257 12.257 -9999.000 -9999.000
-9999.000 -9999.000 11.841 -9999.000 -9999.000 -9999.000 -9999.000 11.891 12.115 12.103 12.114 -9999.000 -9999.000 11.646 11.536 11.515 11.514 11.517 11.516 11.518 11.519 11.520 11.521 11.523 11.525 11.528 11.531 11.525 11.417 -9999.000 10.117 10.116 -9999.000 -9999.000 -9999.000 -9999.000 -9999.000 -9999.000 -9999.000 -9999.000 11.440 11.461 11.468 -9999.000 -9999.000 -9999.000 -9999.000 -9999.000 -9999.000 12.250 12.250 12.250 12.252 12.254 12.255 12.256 12.257 12.257 12.258 12.257 -9999.000 -9999.000
-9999.000 -9999.000 -9999.000 -9999.000 -9999.000 -9999.000 12.280 12.258 12.223 12.159 12.174 12.239 -9999.000 11.789 11.607 -9999.000 11.519 11.527 11.525 11.524 11.524 11.525 11.526 11.527 11.529 11.531 11.534 11.537 -9999.000 -9999.000 -9999.000 -9999.000 -9999.000 -9999.000 -9999.000 -9999.000 -9999.000 -9999.000 -9999.000 -9999.000 11.466 11.471 11.474 -9999.000 -9999.000 12.248 12.248 12.249 12.249 12.250 12.250 -9999.000 12.255 12.256 12.257 12.257 12.258 12.258 12.259 12.258 -9999.000 -9999.000
-9999.000 -9999.000 -9999.000 -9999.000 -9999.000 -9999.000 12.280 12.280 12.275 12.226 12.225 12.243 -9999.000 11.986 11.801 -9999.000 -9999.000 11.578 11.539 11.530 11.529 11.529 11.530 11.531 11.533 11.535 11.537 11.540 11.544 -9999.000 -9999.000 -9999.000 -9999.000 -9999.000 -9999.000 -9999.000 -9999.000 -9999.000 -9999.000 -9999.000 11.479 11.481 11.478 -9999.000 12.248 12.248 12.248 12.248 12.249 12.250 12.251 12.255 12.257 12.258 12.259 12.259 12.259 12.260 12.260 12.261 -9999.000 -9999.000
-9999.000 -9999.000 -9999.000 -9999.000 -9999.000 -9999.000 -9999.000 12.282 12.283 12.283 12.268 12.245 12.218 12.015 -9999.000 -9999.000 -9999.000 11.707 11.765 11.531 11.532 11.532 11.533 11.535 11.536 11.539 11.541 11.544 11.548 11.552 -9999.000 -9999.000 -9999.000 -9999.000 -9999.000 -9999.000 -9999.000 -9999.000 -9999.000 -9999.000 11.486 11.494 11.482 -9999.000 -9999.000 12.244 12.247 12.248 12.249 12.250 12.252 12.258 12.261 12.262 12.262 12.262 12.261 12.261 12.261 12.261 -9999.000 -9999.000
-9999.000 -9999.000 -9999.000 -9999.000 -9999.000 -9999.000 -9999.000 -9999.000 12.287 12.292 12.290 -9999.000 12.149 12.053 12.077 -9999.000 -9999.000 11.844 11.846 -9999.000 11.535 11.535 11.536 11.538 11.540 11.542 11.545 11.548 11.552 11.557 11.562 -9999.000 -9999.000 -9999.000 -9999.000 -9999.000 -9999.000 -9999.000 -9999.000 -9999.000 -9999.000 11.529 -9999.000 12.008 12.120 12.200 12.240 12.247 12.249 12.250 -9999.000 12.264 12.266 12.267 12.266 12.264 12.263 12.263 12.262 12.262 -9999.000 -9999.000
-9999.000 -9999.000 -9999.000 -9999.000 -9999.000 -9999.000 -9999.000 -9999.000 12.293 12.308 12.308 -9999.000 -9999.000 12.084 12.097 12.095 12.090 12.036 11.890 -9999.000 11.537 11.538 11.539 11.541 11.543 11.545 11.548 11.551 11.556 11.562 11.568 11.578 11.584 -9999.000 -9999.000 -9999.000 -9999.000 -9999.000 -9999.000 -9999.000 -9999.000 11.569 11.753 11.862 -9999.000 -9999.000 12.247 12.248 12.250 12.252 12.257 12.264 12.272 12.274 12.270 12.266 12.265 12.263 12.263 12.263 -9999.000 -9999.000
-9999.000 -9999.000 -9999.000 -9999.000 -9999.000 -9999.000 -9999.000 -9999.000 12.322 12.326 12.325 -9999.000 -9999.000 12.097 12.108 12.101 12.094 12.097 -9999.000 -9999.000 11.538 11.540 11.542 11.544 11.546 11.548 11.551 11.555 11.560 11.566 11.573 11.582 11.592 11.603 11.612 11.607 -9999.000 -9999.000 -9999.000 -9999.000 11.596 11.575 -9999.000 -9999.000 11.891 12.192 12.247 12.248 12.249 12.251 -9999.000 12.310 12.288 12.287 12.280 12.269 12.265 12.264 12.264 -9999.000 -9999.000 -9999.000
-9999.000 -9999.000 -9999.000 -9999.000 -9999.000 -9999.000 -9999.000 -9999.000 12.351 12.342 12.340 -9999.000 -9999.000 12.131 12.129 12.114 -9999.000 12.124 -9999.000 -9999.000 -9999.000 11.543 11.545 11.547 11.549 11.551 11.554 11.558 11.564 11.570 11.578 11.587 11.598 11.611 11.629 11.646 11.662 11.676 11.685 11.690 11.674 -9999.000 -9999.000 -9999.000 -9999.000 -9999.000 12.247 12.248 12.249 12.254 12.294 12.328 12.328 12.353 12.482 -9999.000 -9999.000 -9999.000 -9999.000 -9999.000 -9999.000 -9999.000
-9999.000 -9999.000 -9999.000 -9999.000 -9999.000 12.380 -9999.000 12.369 12.363 12.354 12.353 -9999.000 -9999.000 12.153 12.155 -9999.000 -9999.000 12.187 12.208 -9999.000 -9999.000 11.545 11.548 11.549 11.551 11.554 11.557 11.562 11.567 11.574 11.582 11.592 11.604 11.617 11.633 11.650 11.665 11.680 11.693 11.711 11.727 11.743 11.766 11.835 12.038 12.117 12.182 12.197 12.211 12.288 12.318 12.366 12.374 12.443 12.630 -9999.000 -9999.000 -9999.000 -9999.000 -9999.000 -9999.000 -9999.000
-9999.000 -9999.000 -9999.000 -9999.000 12.381 12.380 -9999.000 12.375 12.374 12.368 12.366 12.377 -9999.000 -9999.000 12.184 12.204 12.214 12.217 12.220 -9999.000 -9999.000 -9999.000 11.550 11.552 11.554 11.556 11.560 11.564 11.570 11.578 11.587 11.597 11.609 11.623 11.639 11.654 11.671 11.686 11.701 11.717 11.733 11.754 11.793 11.869 11.992 12.046 12.059 12.073 12.121 12.208 12.331 12.389 -9999.000 12.716 12.799 12.816 12.816 12.816 -9999.000 -9999.000 -9999.000 -9999.000
-9999.000 -9999.000 -9999.000 -9999.000 12.381 12.380 12.380 12.378 12.376 12.375 12.374 12.378 -9999.000 -9999.000 12.206 12.216 12.220 12.223 12.229 12.236 -9999.000 -9999.000 11.552 11.554 11.556 11.558 11.562 11.567 11.573 11.581 11.591 11.603 11.615 11.629 11.644 11.661 11.678 11.695 11.711 11.727 11.742 11.767 11.817 11.921 12.015 12.039 12.052 12.066 12.100 12.137 -9999.000 12.772 12.854 12.781 12.832 12.831 -9999.000 -9999.000 -9999.000 -9999.000 -9999.000 -9999.000
-9999.000 -9999.000 -9999.000 -9999.000 12.381 12.381 12.380 12.379 12.378 12.378 12.378 12.379 -9999.000 -9999.000 12.212 12.220 12.223 12.229 12.236 12.242 12.260 -9999.000 11.553 11.556 11.557 11.560 11.563 11.569 11.576 11.585 11.596 11.608 11.620 11.635 11.651 11.669 11.688 11.707 11.725 11.738 11.750 11.781 11.826 11.968 12.026 12.043 12.049 12.059 12.189 12.694 -9999.000 12.921 12.926 -9999.000 12.850 12.846 12.846 12.846 12.846 -9999.000 -9999.000 -9999.000
-9999.000 12.383 12.383 12.382 12.382 12.381 12.381 12.380 12.379 12.379 12.380 12.380 -9999.000 -9999.000 12.216 12.224 12.227 12.235 12.246 12.257 12.271 12.282 -9999.000 11.557 11.559 11.561 11.564 11.570 11.579 11.588 11.600 11.614 11.626 11.641 11.657 11.679 11.702 11.725 11.748 11.751 11.758 11.796 11.906 12.024 12.041 12.047 12.048 -9999.000 -9999.000 12.893 12.924 12.926 12.929 12.938 12.924 -9999.000 -9999.000 -9999.000 -9999.000 13.143 13.147 -9999.000
12.382 12.383 12.383 12.383 12.383 12.382 12.382 12.380 12.380 12.381 12.382 12.382 12.384 12.385 -9999.000 -9999.000 -9999.000 12.246 12.258 12.271 12.283 12.294 -9999.000 -9999.000 -9999.000 -9999.000 -9999.000 -9999.000 11.585 11.592 11.606 11.622 11.631 11.647 11.663 11.694 11.721 11.753 11.798 11.770 -9999.000 -9999.000 -9999.000 12.063 12.059 12.052 -9999.000 12.887 12.894 12.895 12.872 -9999.000 12.948 12.967 12.983 13.005 13.032 13.060 13.088 13.124 13.153 13.180
12.382 12.383 12.383 12.383 12.383 12.383 12.383 -9999.000 -9999.000 12.383 12.383 12.384 12.385 12.385 12.386 12.386 -9999.000 -9999.000 12.272 12.287 12.296 12.305 12.315 12.322 -9999.000 -9999.000 -9999.000 -9999.000 -9999.000 -9999.000 -9999.000 11.642 11.654 11.656 -9999.000 11.721 11.741 11.794 11.953 11.810 -9999.000 -9999.000 12.224 12.111 12.085 -9999.000 12.872 12.873 -9999.000 12.903 12.911 12.923 12.939 12.960 12.981 13.004 13.031 13.059 13.090 13.123 13.154 13.185
-9999.000 -9999.000 -9999.000 12.384 12.384 12.384 12.384 12.385 12.385 12.385 12.385 12.385 12.385 12.386 12.386 12.386 -9999.000 -9999.000 -9999.000 12.298 12.305 12.313 12.321 12.333 12.344 12.356 12.361 -9999.000 -9999.000 -9999.000 11.660 11.659 11.660 11.662 -9999.000 11.739 11.745 -9999.000 12.296 -9999.000 -9999.000 12.499 12.311 -9999.000 -9999.000 -9999.000 12.870 12.874 12.881 12.893 12.905 12.919 12.934 12.954 12.976 13.001 13.029 13.058 13.090 13.124 13.156 13.190
-9999.000 -9999.000 -9999.000 12.385 12.385 12.385 12.385 12.385 12.385 12.385 12.385 12.386 12.386 12.386 12.387 12.387 -9999.000 -9999.000 -9999.000 12.304 12.311 12.319 12.327 12.339 12.350 12.361 12.367 -9999.000 12.414 12.392 11.661 11.664 -9999.000 11.670 11.707 11.738 11.761 12.391 12.519 12.560 12.579 12.587 12.513 -9999.000 -9999.000 12.751 12.855 12.871 12.878 12.887 12.899 12.913 12.929 12.947 12.966 12.987 13.015 13.047 13.086 13.120 13.157 13.194
12.386 -9999.000 12.385 12.385 12.385 12.385 12.386 12.386 12.386 12.386 12.386 12.386 12.386 12.387 12.387 12.387 12.388 12.388 12.388 -9999.000 -9999.000 12.326 12.332 12.345 12.357 12.371 12.378 -9999.000 12.414 12.414 -9999.000 12.212 -9999.000 -9999.000 -9999.000 11.738 -9999.000 12.553 12.555 12.570 12.588 12.607 12.620 12.633 12.706 12.776 12.804 12.838 12.862 12.878 12.889 12.902 12.920 12.939 12.960 12.977 13.001 13.031 13.067 13.106 13.137 13.178
12.386 -9999.000 -9999.000 12.386 12.385 12.386 12.386 12.386 12.386 12.386 12.386 12.386 12.387 12.387 12.387 12.388 12.388 12.389 -9999.000 -9999.000 -9999.000 -9999.000 -9999.000 12.363 12.369 12.384 12.393 12.405 12.414 12.421 12.429 12.437 12.444 -9999.000 -9999.000 -9999.000 12.545 12.552 12.560 12.574 12.593 12.613 12.633 12.659 12.689 12.741 12.783 12.804 12.836 12.856 12.872 12.889 12.910 12.936 12.960 12.974 12.986 13.021 13.053 13.088 13.114 13.141
12.386 12.386 12.386 12.386 12.386 12.386 12.386 12.386 12.386 12.386 12.387 12.387 12.387 12.387 12.388 12.388 12.389 12.390 12.390 12.391 -9999.000 -9999.000 -9999.000 -9999.000 12.380 12.395 12.401 12.408 12.415 12.422 12.432 12.443 12.457 12.479 12.497 12.516 12.535 12.546 12.559 12.574 12.594 12.618 12.640 12.666 12.693 12.728 12.767 12.792 12.817 12.839 12.854 12.872 12.891 12.953 12.963 12.972 12.986 13.010 13.038 13.074 13.105 13.122
