LISFLOOD_FP/Result/4_LISFLOOD_FP/combined_output/combined_angle_0_x_0_y_0/out-0008.elev
ncols         192
nrows         192
xllcorner     1771145.000000
yllcorner     5471774.000000
cellsize      10.000000
NODATA_value  -9999.000000
[rows 108 to 134 of 192, columns 62 to 123 of 192]
11.783 11.782 11.782 11.782 11.786 -9999.000 -9999.000 -9999.000 11.758 11.783 11.778 -9999.000 10.641 -9999.000 11.229 11.204 11.195 -9999.000 -9999.000 11.172 11.298 11.299 11.302 -9999.000 -9999.000 -9999.000 -9999.000 -9999.000 -9999.000 -9999.000 -9999.000 -9999.000 -9999.000 -9999.000 -9999.000 -9999.000 -9999.000 -9999.000 10.832 -9999.000 -9999.000 -9999.000 12.091 -9999.000 -9999.000 11.326 -9999.000 -9999.000 -9999.000 12.111 12.112 12.113 12.113 12.113 -9999.000 -9999.000 -9999.000 -9999.000 -9999.000 -9999.000 -9999.000 -9999.000
11.783 11.783 11.784 11.786 11.789 11.793 -9999.000 -9999.000 11.798 11.821 11.823 -9999.000 10.642 11.084 11.268 11.258 11.271 11.287 -9999.000 -9999.000 11.311 11.312 11.314 11.323 -9999.000 -9999.000 -9999.000 -9999.000 -9999.000 -9999.000 -9999.000 -9999.000 10.444 10.896 10.979 10.984 10.986 10.989 10.969 -9999.000 -9999.000 -9999.000 -9999.000 -9999.000 11.481 11.402 11.400 11.397 -9999.000 12.116 12.117 12.117 12.117 12.118 12.117 -9999.000 -9999.000 -9999.000 -9999.000 -9999.000 -9999.000 -9999.000
11.781 11.786 11.784 11.789 11.795 11.805 11.811 -9999.000 11.826 11.856 11.866 -9999.000 -9999.000 11.157 11.282 11.280 11.290 11.302 11.316 11.321 11.320 11.321 11.323 11.327 -9999.000 -9999.000 -9999.000 -9999.000 -9999.000 -9999.000 -9999.000 -9999.000 -9999.000 -9999.000 -9999.000 10.985 10.989 10.995 10.999 -9999.000 -9999.000 -9999.000 -9999.000 -9999.000 11.937 -9999.000 -9999.000 11.392 -9999.000 12.119 12.119 12.120 12.120 12.120 -9999.000 12.125 -9999.000 -9999.000 -9999.000 -9999.000 -9999.000 -9999.000
11.784 11.784 11.787 11.792 11.799 11.814 11.821 11.824 11.842 11.873 11.880 -9999.000 -9999.000 -9999.000 11.294 11.292 11.301 11.311 11.320 11.325 11.326 11.328 11.330 11.333 11.338 -9999.000 -9999.000 -9999.000 -9999.000 -9999.000 -9999.000 -9999.000 -9999.000 -9999.000 -9999.000 -9999.000 -9999.000 11.039 11.012 -9999.000 -9999.000 -9999.000 -9999.000 -9999.000 12.044 12.045 12.045 -9999.000 12.120 12.120 12.121 12.121 12.122 12.123 12.125 12.126 12.127 -9999.000 -9999.000 -9999.000 -9999.000 -9999.000
11.784 11.785 11.789 11.791 11.802 11.819 11.823 11.825 11.852 11.886 11.900 -9999.000 -9999.000 -9999.000 11.312 11.311 11.313 11.317 11.326 11.330 11.332 11.334 11.336 11.338 11.341 -9999.000 -9999.000 -9999.000 -9999.000 -9999.000 -9999.000 -9999.000 -9999.000 -9999.000 -9999.000 -9999.000 -9999.000 11.060 11.050 11.113 -9999.000 -9999.000 -9999.000 -9999.000 12.045 12.045 12.046 12.086 12.119 12.121 12.122 12.122 12.123 12.124 12.126 12.127 12.128 -9999.000 12.105 -9999.000 -9999.000 -9999.000
-9999.000 -9999.000 11.790 11.792 11.804 11.821 11.824 11.825 11.861 11.919 11.945 11.784 11.352 11.352 11.329 11.327 11.326 11.336 11.337 11.338 11.339 11.340 11.342 11.344 11.346 11.353 -9999.000 -9999.000 -9999.000 -9999.000 -9999.000 -9999.000 -9999.000 -9999.000 -9999.000 -9999.000 -9999.000 11.070 11.110 11.161 11.173 -9999.000 -9999.000 -9999.000 -9999.000 -9999.000 -9999.000 -9999.000 12.123 12.123 12.124 12.124 12.125 12.126 12.127 12.128 12.129 -9999.000 12.132 12.109 -9999.000 -9999.000
-9999.000 -9999.000 11.790 11.790 -9999.000 11.823 11.825 11.825 11.885 11.970 11.995 -9999.000 -9999.000 11.354 11.351 11.339 11.339 11.344 11.343 11.344 11.345 11.346 11.348 11.350 11.352 11.356 -9999.000 -9999.000 9.728 -9999.000 -9999.000 -9999.000 -9999.000 -9999.000 -9999.000 -9999.000 -9999.000 11.096 11.132 11.165 11.189 -9999.000 11.250 -9999.000 -9999.000 -9999.000 -9999.000 -9999.000 12.125 12.125 12.125 12.125 12.126 12.128 12.130 12.131 12.133 12.134 12.134 12.133 -9999.000 -9999.000
-9999.000 -9999.000 11.790 -9999.000 -9999.000 -9999.000 -9999.000 11.830 12.068 12.044 12.056 -9999.000 -9999.000 11.519 11.371 11.347 11.346 11.349 11.348 11.350 11.351 11.352 11.353 11.355 11.357 11.360 11.364 11.362 11.290 -9999.000 -9999.000 -9999.000 -9999.000 -9999.000 -9999.000 -9999.000 -9999.000 -9999.000 -9999.000 -9999.000 11.262 11.281 11.288 -9999.000 -9999.000 -9999.000 -9999.000 -9999.000 -9999.000 12.126 12.126 12.126 12.128 12.130 12.132 12.133 12.134 12.135 12.135 12.134 -9999.000 -9999.000
-9999.000 -9999.000 -9999.000 -9999.000 -9999.000 -9999.000 12.216 -9999.000 12.164 12.098 12.114 12.170 -9999.000 11.684 11.454 -9999.000 11.352 11.362 11.358 11.357 11.357 11.357 11.358 11.360 11.362 11.364 11.367 11.370 -9999.000 -9999.000 -9999.000 -9999.000 -9999.000 -9999.000 -9999.000 -9999.000 -9999.000 -9999.000 -9999.000 -9999.000 11.287 11.292 11.295 -9999.000 -9999.000 12.126 12.126 12.127 12.127 12.127 12.127 -9999.000 12.133 12.134 12.134 12.135 12.136 12.136 12.137 12.115 -9999.000 -9999.000
-9999.000 -9999.000 -9999.000 -9999.000 -9999.000 -9999.000 12.216 12.216 12.212 12.161 12.163 12.180 -9999.000 11.902 11.693 -9999.000 -9999.000 11.425 11.375 11.363 11.362 11.362 11.362 11.364 11.366 11.368 11.370 11.373 11.377 -9999.000 -9999.000 -9999.000 -9999.000 -9999.000 -9999.000 -9999.000 -9999.000 -9999.000 -9999.000 -9999.000 11.300 11.301 11.298 -9999.000 12.126 12.126 12.126 12.127 12.127 12.128 12.129 12.134 12.136 12.136 12.137 12.137 12.138 12.138 12.139 12.140 -9999.000 -9999.000
-9999.000 -9999.000 -9999.000 -9999.000 -9999.000 -9999.000 -9999.000 12.218 12.219 12.219 12.204 12.183 12.156 11.932 -9999.000 -9999.000 -9999.000 11.577 11.670 11.364 11.364 11.365 11.366 11.367 11.369 11.371 11.374 11.377 11.381 11.385 -9999.000 -9999.000 -9999.000 -9999.000 -9999.000 -9999.000 -9999.000 -9999.000 -9999.000 -9999.000 11.306 11.313 11.301 -9999.000 -9999.000 12.124 12.126 12.127 12.127 12.128 12.130 12.137 12.141 12.142 12.142 12.141 12.141 12.141 12.141 12.141 -9999.000 -9999.000
-9999.000 -9999.000 -9999.000 -9999.000 -9999.000 -9999.000 -9999.000 -9999.000 12.222 12.227 12.225 -9999.000 -9999.000 11.970 11.996 -9999.000 -9999.000 11.736 11.738 -9999.000 11.368 11.368 11.369 11.371 11.372 11.375 11.377 11.381 11.385 11.390 11.396 -9999.000 -9999.000 -9999.000 -9999.000 -9999.000 -9999.000 -9999.000 -9999.000 -9999.000 -9999.000 11.343 -9999.000 11.888 12.003 12.081 12.120 12.126 12.128 12.129 -9999.000 12.146 12.148 12.149 12.147 12.145 12.144 12.143 12.142 12.142 -9999.000 -9999.000
-9999.000 -9999.000 -9999.000 -9999.000 -9999.000 -9999.000 -9999.000 -9999.000 12.227 12.242 12.242 -9999.000 -9999.000 12.003 12.018 12.015 12.009 11.951 11.787 -9999.000 11.370 11.371 11.372 11.374 11.376 11.378 11.381 11.384 11.389 11.395 11.402 11.412 11.419 -9999.000 -9999.000 -9999.000 -9999.000 -9999.000 -9999.000 -9999.000 -9999.000 11.378 11.612 11.731 -9999.000 -9999.000 12.127 12.129 12.130 12.132 12.138 12.146 12.155 12.157 12.152 12.147 12.145 12.143 12.143 12.142 -9999.000 -9999.000
-9999.000 -9999.000 -9999.000 -9999.000 -9999.000 -9999.000 -9999.000 -9999.000 12.254 12.259 12.258 -9999.000 -9999.000 12.016 12.029 12.021 12.014 12.016 -9999.000 -9999.000 11.371 11.373 11.375 11.377 11.379 11.381 11.384 11.388 11.393 11.399 11.407 11.417 11.427 11.439 11.449 -9999.000 -9999.000 -9999.000 -9999.000 -9999.000 11.398 11.382 -9999.000 -9999.000 -9999.000 -9999.000 12.129 12.129 12.130 12.132 -9999.000 12.198 12.174 12.172 12.164 12.151 12.146 12.145 12.143 -9999.000 -9999.000 -9999.000
-9999.000 -9999.000 -9999.000 -9999.000 -9999.000 -9999.000 -9999.000 -9999.000 12.283 12.274 12.272 -9999.000 -9999.000 12.055 12.050 12.035 -9999.000 12.044 -9999.000 -9999.000 -9999.000 11.376 11.378 11.379 11.381 11.384 11.387 11.391 11.397 11.404 11.412 11.422 11.434 11.449 11.468 11.487 11.505 11.521 11.530 11.536 11.509 -9999.000 -9999.000 -9999.000 -9999.000 -9999.000 12.129 12.129 12.130 12.136 12.186 12.227 12.225 12.256 12.420 -9999.000 -9999.000 -9999.000 -9999.000 -9999.000 -9999.000 -9999.000
-9999.000 -9999.000 -9999.000 -9999.000 -9999.000 12.310 -9999.000 12.300 12.294 12.286 12.284 -9999.000 -9999.000 12.075 12.077 -9999.000 -9999.000 12.110 12.132 -9999.000 -9999.000 11.378 11.380 11.382 11.384 11.387 11.390 11.395 11.400 11.408 11.417 11.428 11.440 11.455 11.473 11.491 11.509 11.526 11.540 11.561 11.577 11.593 11.615 11.688 11.970 12.033 12.081 12.087 12.074 -9999.000 12.218 12.275 12.283 12.360 12.572 -9999.000 -9999.000 -9999.000 -9999.000 -9999.000 -9999.000 -9999.000
-9999.000 -9999.000 -9999.000 -9999.000 12.311 12.311 -9999.000 12.306 12.304 12.299 12.297 12.307 -9999.000 -9999.000 12.107 12.128 12.138 12.141 12.145 -9999.000 -9999.000 -9999.000 11.383 11.385 11.386 11.389 11.393 11.398 11.404 11.412 11.422 11.433 11.446 11.462 11.479 11.497 11.515 11.533 11.549 11.567 11.583 11.605 11.648 11.735 11.881 11.933 11.942 11.954 12.009 12.117 12.248 12.305 -9999.000 12.657 12.744 12.760 12.760 12.760 -9999.000 -9999.000 -9999.000 -9999.000
-9999.000 -9999.000 -9999.000 -9999.000 12.311 12.310 12.310 12.308 12.307 12.305 12.304 12.308 -9999.000 -9999.000 12.130 12.141 12.145 12.148 12.153 12.161 -9999.000 -9999.000 11.385 11.387 11.389 11.391 11.395 11.400 11.407 11.416 11.426 11.439 11.452 11.468 11.485 11.504 11.523 11.543 11.561 11.578 11.593 11.619 11.677 11.800 11.903 11.926 11.938 11.949 11.983 12.023 -9999.000 12.711 12.798 12.721 12.776 12.775 -9999.000 -9999.000 -9999.000 -9999.000 -9999.000 -9999.000
-9999.000 -9999.000 -9999.000 -9999.000 12.311 12.311 12.310 12.309 12.308 12.308 12.308 12.309 -9999.000 -9999.000 12.136 12.144 12.148 12.154 12.161 12.168 12.185 -9999.000 11.386 11.389 11.390 11.393 11.397 11.402 11.410 11.419 11.431 11.445 11.458 11.475 11.494 11.514 11.536 11.558 11.579 11.591 11.602 11.637 11.686 11.854 11.914 11.931 11.935 11.943 12.122 12.653 -9999.000 12.862 12.867 -9999.000 12.793 12.789 12.789 12.789 12.789 -9999.000 -9999.000 -9999.000
-9999.000 12.294 12.313 12.312 12.312 12.311 12.311 12.310 12.309 12.309 12.310 12.310 -9999.000 -9999.000 12.137 12.148 12.152 12.160 12.171 12.182 12.197 12.200 -9999.000 11.390 11.392 11.394 11.398 11.404 11.413 11.423 11.436 11.451 11.464 11.482 11.501 11.526 11.553 11.581 11.608 11.609 11.614 11.659 11.797 11.917 11.931 11.935 11.935 -9999.000 -9999.000 12.834 12.865 12.866 12.869 12.877 12.862 -9999.000 -9999.000 -9999.000 -9999.000 13.078 13.082 -9999.000
-9999.000 12.313 12.313 12.313 12.313 12.312 12.312 12.310 12.310 12.311 12.312 12.312 12.314 12.314 -9999.000 -9999.000 -9999.000 12.172 12.183 12.197 12.209 12.221 -9999.000 -9999.000 -9999.000 -9999.000 -9999.000 -9999.000 11.419 11.428 11.442 11.459 11.469 11.487 11.508 11.545 11.578 11.618 11.675 11.633 -9999.000 -9999.000 -9999.000 11.957 11.950 11.942 -9999.000 12.824 12.833 12.834 -9999.000 -9999.000 12.885 12.904 12.919 12.941 12.968 12.996 13.023 13.059 13.088 13.114
-9999.000 12.313 12.313 12.313 12.313 12.313 12.313 -9999.000 -9999.000 12.313 12.313 12.314 12.314 12.315 12.316 12.316 -9999.000 -9999.000 12.198 12.214 12.223 12.232 12.242 12.249 -9999.000 -9999.000 -9999.000 -9999.000 -9999.000 -9999.000 -9999.000 11.479 11.487 11.497 -9999.000 11.579 11.604 11.672 11.858 11.692 -9999.000 -9999.000 12.123 12.006 11.979 -9999.000 12.806 12.808 -9999.000 12.839 12.846 12.858 12.874 12.896 12.917 12.940 12.966 12.995 13.025 13.058 13.089 13.119
-9999.000 -9999.000 -9999.000 12.314 12.314 12.314 12.314 12.315 12.315 12.315 12.314 12.315 12.315 12.316 12.316 12.316 -9999.000 -9999.000 -9999.000 12.225 12.232 12.240 12.249 12.261 12.272 12.284 12.289 -9999.000 -9999.000 -9999.000 11.498 11.496 11.499 11.502 -9999.000 11.601 11.605 -9999.000 12.221 -9999.000 -9999.000 12.425 12.211 -9999.000 -9999.000 -9999.000 12.805 12.809 12.816 12.828 12.840 12.854 12.870 12.890 12.911 12.937 12.965 12.993 13.025 13.059 13.091 13.125
-9999.000 -9999.000 -9999.000 12.315 12.315 12.315 12.315 12.315 12.315 12.315 12.315 12.315 12.316 12.316 12.316 12.316 -9999.000 -9999.000 -9999.000 12.231 12.238 12.246 12.254 12.267 12.278 12.289 12.295 -9999.000 12.344 -9999.000 11.499 11.501 -9999.000 11.510 11.557 11.596 11.621 12.324 12.450 12.491 12.510 12.519 12.437 -9999.000 -9999.000 12.710 12.789 12.806 12.813 12.822 12.834 12.848 12.864 12.882 12.901 12.922 12.950 12.982 13.021 13.056 13.092 13.129
-9999.000 -9999.000 12.315 12.315 12.315 12.315 12.315 12.315 12.315 12.316 12.316 12.316 12.316 12.316 12.317 12.317 12.318 12.318 12.318 -9999.000 -9999.000 12.254 12.260 12.272 12.285 12.299 12.307 -9999.000 12.344 12.345 -9999.000 12.136 -9999.000 -9999.000 -9999.000 11.596 -9999.000 12.485 12.487 12.502 12.520 12.539 12.551 12.563 12.639 12.708 12.737 12.771 12.796 12.813 12.823 12.837 12.854 12.874 12.894 12.910 12.934 12.964 13.000 13.040 13.071 13.113
12.314 -9999.000 -9999.000 12.315 12.316 12.315 12.316 12.316 12.316 12.316 12.316 12.316 12.316 12.317 12.317 12.318 12.318 12.318 -9999.000 -9999.000 -9999.000 -9999.000 -9999.000 12.292 12.298 12.313 12.322 12.335 12.343 12.351 12.359 12.367 12.374 -9999.000 -9999.000 -9999.000 12.476 12.483 12.491 12.506 12.524 12.545 12.564 12.590 12.620 12.672 12.715 12.736 12.769 12.790 12.806 12.824 12.845 12.870 12.892 12.906 12.918 12.954 12.985 13.021 13.047 13.074
12.314 12.316 12.316 12.316 12.315 12.316 12.316 12.316 12.316 12.316 12.316 12.317 12.317 12.317 12.318 12.318 12.319 12.319 12.320 12.321 -9999.000 -9999.000 -9999.000 -9999.000 12.307 12.324 12.330 12.337 12.344 12.352 12.362 12.373 12.388 12.409 12.427 12.446 12.465 12.477 12.490 12.506 12.525 12.549 12.571 12.597 12.624 12.658 12.699 12.723 12.750 12.772 12.788 12.806 12.824 12.886 12.895 12.904 12.917 12.940 12.969 13.005 13.037 13.053
