LISFLOOD_FP/Result/4_LISFLOOD_FP/combined_output/combined_angle_0_x_0_y_0/out-0011.elev
ncols         192
nrows         192
xllcorner     1771145.000000
yllcorner     5471774.000000
cellsize      10.000000
NODATA_value  -9999.000000
[rows 108 to 134 of 192, columns 62 to 123 of 192]
11.941 11.941 11.940 11.940 11.945 -9999.000 -9999.000 -9999.000 11.916 11.935 11.930 -9999.000 11.800 -9999.000 11.767 11.753 11.756 -9999.000 -9999.000 11.805 11.806 11.807 11.809 -9999.000 -9999.000 -9999.000 -9999.000 11.582 11.580 11.579 11.579 -9999.000 -9999.000 -9999.000 -9999.000 -9999.000 -9999.000 -9999.000 11.614 -9999.000 -9999.000 -9999.000 12.405 -9999.000 -9999.000 12.429 12.428 -9999.000 -9999.000 12.426 12.426 12.426 12.427 12.427 12.426 12.426 12.408 -9999.000 -9999.000 -9999.000 -9999.000 -9999.000
11.943 11.942 11.942 11.944 11.949 11.953 -9999.000 -9999.000 11.955 11.973 11.975 -9999.000 11.800 11.800 11.795 11.790 11.798 11.809 -9999.000 -9999.000 11.818 11.819 11.822 11.829 -9999.000 -9999.000 -9999.000 11.574 11.578 11.578 11.584 11.601 11.608 11.621 11.635 11.640 11.643 11.644 11.640 11.596 -9999.000 11.253 12.331 -9999.000 12.428 12.428 12.428 12.428 12.428 12.427 12.428 12.428 12.428 12.428 12.428 12.428 -9999.000 -9999.000 -9999.000 -9999.000 -9999.000 -9999.000
11.943 11.941 11.944 11.948 11.954 11.965 11.972 11.973 11.984 12.009 12.019 -9999.000 -9999.000 11.800 11.806 11.805 11.812 11.819 11.827 11.830 11.828 11.828 11.830 11.834 -9999.000 -9999.000 -9999.000 11.573 11.577 11.577 -9999.000 -9999.000 -9999.000 -9999.000 -9999.000 11.642 11.644 11.647 11.650 -9999.000 -9999.000 -9999.000 -9999.000 -9999.000 12.429 -9999.000 -9999.000 12.428 -9999.000 12.429 12.429 12.429 12.429 12.429 12.429 12.431 -9999.000 -9999.000 -9999.000 -9999.000 -9999.000 -9999.000
11.942 11.943 11.946 11.951 11.959 11.974 11.982 11.986 12.000 12.027 12.035 -9999.000 -9999.000 -9999.000 11.815 11.813 11.819 11.825 11.831 11.833 11.834 11.835 11.837 11.839 11.843 -9999.000 -9999.000 11.570 -9999.000 11.578 -9999.000 -9999.000 -9999.000 -9999.000 -9999.000 -9999.000 -9999.000 11.661 11.658 -9999.000 11.419 -9999.000 -9999.000 12.402 12.429 12.429 12.429 -9999.000 12.429 12.429 12.429 12.430 12.430 12.430 12.431 12.432 12.433 12.434 12.434 12.435 -9999.000 -9999.000
11.943 11.944 11.949 11.952 11.963 11.980 11.985 11.987 12.010 12.042 12.057 -9999.000 11.853 -9999.000 11.827 11.826 11.828 11.830 11.835 11.838 11.839 11.840 11.842 11.844 11.846 -9999.000 -9999.000 -9999.000 11.578 11.578 11.580 -9999.000 11.578 11.578 -9999.000 -9999.000 -9999.000 11.676 11.675 11.692 11.633 -9999.000 -9999.000 -9999.000 12.429 12.429 12.429 12.429 12.429 12.430 12.430 12.430 12.430 12.431 12.432 12.432 12.433 12.435 12.435 12.436 -9999.000 -9999.000
-9999.000 -9999.000 11.951 11.953 11.966 11.982 11.986 11.987 12.021 12.078 12.104 11.896 11.853 11.853 11.839 11.837 11.837 11.841 11.843 11.844 11.845 11.846 11.847 11.849 11.851 11.856 -9999.000 -9999.000 -9999.000 -9999.000 11.581 -9999.000 11.579 11.579 -9999.000 -9999.000 -9999.000 11.682 11.690 11.709 11.718 -9999.000 11.816 11.808 -9999.000 -9999.000 -9999.000 -9999.000 12.430 12.430 12.430 12.430 12.431 12.432 12.433 12.433 12.434 12.435 12.436 12.436 -9999.000 -9999.000
-9999.000 -9999.000 11.951 11.952 11.968 11.984 11.987 11.988 12.064 12.134 12.159 -9999.000 -9999.000 11.855 11.853 11.845 11.846 11.849 11.848 11.849 11.850 11.851 11.852 11.854 11.856 11.859 11.863 -9999.000 11.616 11.599 11.582 11.581 11.580 11.579 -9999.000 -9999.000 11.678 11.689 11.697 11.712 11.732 -9999.000 11.816 -9999.000 -9999.000 -9999.000 -9999.000 -9999.000 12.430 12.430 12.430 12.431 12.432 12.433 12.434 12.435 12.436 12.437 12.437 12.437 -9999.000 -9999.000
-9999.000 -9999.000 11.951 -9999.000 -9999.000 -9999.000 -9999.000 12.026 12.213 12.214 12.225 -9999.000 -9999.000 11.923 11.865 11.851 11.850 11.852 11.852 11.854 11.855 11.856 11.857 11.859 11.860 11.863 11.866 11.858 11.769 -9999.000 11.582 11.581 11.499 -9999.000 -9999.000 -9999.000 -9999.000 -9999.000 11.696 -9999.000 11.795 11.812 11.816 11.815 -9999.000 -9999.000 -9999.000 -9999.000 -9999.000 12.430 12.430 12.431 12.433 12.434 12.435 12.436 12.437 12.437 12.437 12.437 -9999.000 -9999.000
-9999.000 -9999.000 -9999.000 -9999.000 -9999.000 -9999.000 12.393 12.344 12.331 12.274 12.288 12.356 -9999.000 12.020 11.913 -9999.000 11.854 11.859 11.859 11.859 11.860 11.860 11.861 11.863 11.864 11.867 11.869 11.871 -9999.000 -9999.000 -9999.000 -9999.000 10.606 -9999.000 -9999.000 -9999.000 -9999.000 -9999.000 -9999.000 11.728 11.814 11.819 11.821 -9999.000 -9999.000 12.428 12.428 12.429 12.429 12.430 12.430 -9999.000 12.435 12.436 12.437 12.437 12.438 12.438 12.438 12.438 -9999.000 -9999.000
-9999.000 -9999.000 -9999.000 -9999.000 -9999.000 -9999.000 12.394 12.395 12.389 12.344 12.341 12.359 -9999.000 12.167 12.034 -9999.000 -9999.000 11.892 11.869 11.864 11.864 11.864 11.865 11.866 11.868 11.870 11.872 11.875 11.879 -9999.000 -9999.000 -9999.000 10.589 -9999.000 -9999.000 -9999.000 -9999.000 -9999.000 -9999.000 -9999.000 11.825 11.826 11.824 -9999.000 12.428 12.428 12.428 12.428 12.429 12.430 12.431 12.435 12.437 12.438 12.438 12.439 12.439 12.439 12.439 12.440 -9999.000 -9999.000
-9999.000 -9999.000 -9999.000 -9999.000 -9999.000 -9999.000 -9999.000 12.398 12.401 12.401 12.385 12.362 12.340 12.193 -9999.000 -9999.000 -9999.000 11.977 11.984 11.866 11.866 11.867 11.868 11.870 11.872 11.874 11.876 11.879 11.883 11.887 -9999.000 -9999.000 10.456 -9999.000 -9999.000 -9999.000 -9999.000 -9999.000 -9999.000 -9999.000 11.830 11.837 11.828 -9999.000 -9999.000 12.423 12.427 12.428 12.429 12.430 12.432 12.437 12.440 12.441 12.441 12.441 12.441 12.441 12.441 12.441 12.419 -9999.000
-9999.000 -9999.000 -9999.000 -9999.000 -9999.000 -9999.000 -9999.000 -9999.000 12.406 12.411 12.409 -9999.000 12.325 12.226 12.246 -9999.000 -9999.000 12.072 12.072 -9999.000 11.870 11.870 11.871 11.873 11.875 11.877 11.879 11.882 11.886 11.891 11.895 11.837 -9999.000 -9999.000 -9999.000 -9999.000 -9999.000 -9999.000 -9999.000 -9999.000 -9999.000 11.873 -9999.000 12.215 12.311 12.384 12.421 12.427 12.429 12.430 -9999.000 12.442 12.444 12.445 12.444 12.443 12.442 12.442 12.441 12.441 12.440 -9999.000
-9999.000 -9999.000 -9999.000 -9999.000 -9999.000 -9999.000 -9999.000 -9999.000 12.414 12.429 12.428 -9999.000 -9999.000 12.252 12.263 12.261 12.257 12.215 12.107 -9999.000 11.872 11.873 11.874 11.876 11.878 11.880 11.882 11.886 11.890 11.895 11.901 11.909 11.914 -9999.000 -9999.000 -9999.000 -9999.000 -9999.000 -9999.000 -9999.000 -9999.000 11.912 12.022 12.101 -9999.000 -9999.000 12.426 12.428 12.429 12.431 12.436 12.443 12.449 12.451 12.448 12.445 12.443 12.442 12.442 12.442 -9999.000 -9999.000
-9999.000 -9999.000 -9999.000 -9999.000 -9999.000 -9999.000 -9999.000 -9999.000 12.445 12.448 12.447 -9999.000 -9999.000 12.263 12.272 12.266 12.261 12.264 -9999.000 -9999.000 11.874 11.875 11.877 11.879 11.881 11.883 11.886 11.889 11.893 11.899 11.905 11.913 11.921 11.931 11.938 11.943 -9999.000 -9999.000 -9999.000 -9999.000 11.941 11.920 -9999.000 -9999.000 12.426 12.426 12.426 12.427 12.429 12.431 -9999.000 12.474 12.463 12.462 12.457 12.447 12.444 12.443 12.443 12.437 -9999.000 -9999.000
-9999.000 -9999.000 -9999.000 -9999.000 -9999.000 -9999.000 -9999.000 -9999.000 12.475 12.465 12.463 -9999.000 -9999.000 12.290 12.290 12.277 -9999.000 12.288 -9999.000 -9999.000 -9999.000 11.878 11.880 11.881 11.883 11.886 11.888 11.892 11.897 11.902 11.909 11.917 11.926 11.937 11.950 11.964 11.976 11.987 11.994 11.999 11.991 -9999.000 -9999.000 -9999.000 -9999.000 -9999.000 12.426 12.427 12.428 12.433 12.464 12.491 12.493 12.513 12.602 -9999.000 -9999.000 -9999.000 -9999.000 -9999.000 -9999.000 -9999.000
-9999.000 -9999.000 -9999.000 -9999.000 -9999.000 12.507 -9999.000 12.495 12.488 12.479 12.478 -9999.000 -9999.000 12.310 12.312 -9999.000 -9999.000 12.342 12.360 -9999.000 -9999.000 11.880 11.882 11.884 11.886 11.888 11.891 11.895 11.900 11.906 11.913 11.921 11.931 11.941 11.954 11.966 11.979 11.990 12.000 12.013 12.026 12.042 12.064 12.111 12.217 12.290 12.358 12.379 12.396 12.441 12.477 12.521 12.528 12.587 12.739 -9999.000 -9999.000 -9999.000 -9999.000 -9999.000 -9999.000 -9999.000
-9999.000 -9999.000 -9999.000 -9999.000 12.508 12.507 -9999.000 12.502 12.500 12.494 12.492 12.503 -9999.000 -9999.000 12.339 12.357 12.365 12.367 12.370 -9999.000 -9999.000 -9999.000 11.885 11.886 11.888 11.890 11.893 11.898 11.903 11.909 11.917 11.925 11.935 11.946 11.958 11.970 11.982 11.994 12.006 12.018 12.031 12.050 12.080 12.133 12.219 12.266 12.281 12.298 12.335 12.393 12.487 12.542 -9999.000 12.828 12.903 12.921 12.921 12.921 -9999.000 -9999.000 -9999.000 -9999.000
-9999.000 -9999.000 -9999.000 -9999.000 12.508 12.507 12.506 12.504 12.503 12.501 12.500 12.504 -9999.000 -9999.000 12.358 12.367 12.371 12.373 12.378 12.385 -9999.000 -9999.000 11.887 11.888 11.890 11.892 11.895 11.900 11.905 11.912 11.920 11.930 11.939 11.950 11.962 11.975 11.987 12.000 12.013 12.026 12.038 12.059 12.095 12.167 12.237 12.260 12.274 12.289 12.321 12.352 -9999.000 12.886 12.961 12.893 12.938 12.938 -9999.000 -9999.000 -9999.000 -9999.000 -9999.000 -9999.000
-9999.000 -9999.000 -9999.000 -9999.000 12.508 12.508 12.507 12.506 12.505 12.504 12.505 12.506 -9999.000 -9999.000 12.364 12.370 12.373 12.378 12.385 12.390 12.407 -9999.000 11.888 11.890 11.891 11.894 11.897 11.902 11.908 11.915 11.924 11.934 11.944 11.956 11.968 11.981 11.994 12.008 12.022 12.033 12.044 12.068 12.103 12.198 12.246 12.263 12.269 12.281 12.355 12.781 12.989 13.031 13.038 -9999.000 12.959 12.954 12.954 12.954 12.954 -9999.000 -9999.000 -9999.000
12.510 12.510 12.510 12.510 12.509 12.508 12.508 12.506 12.506 12.506 12.507 12.507 12.494 -9999.000 12.368 12.374 12.376 12.383 12.393 12.403 12.415 12.427 -9999.000 11.891 11.893 11.894 11.898 11.903 11.911 11.918 11.928 11.939 11.949 11.960 11.972 11.987 12.003 12.019 12.036 12.042 12.049 12.075 12.144 12.240 12.259 12.266 12.267 -9999.000 -9999.000 13.004 13.035 13.037 13.042 13.054 13.040 -9999.000 -9999.000 -9999.000 -9999.000 13.267 13.270 -9999.000
12.510 12.510 12.510 12.510 12.510 12.509 12.509 12.507 12.507 12.508 12.509 12.510 12.511 12.512 -9999.000 -9999.000 -9999.000 12.394 12.404 12.416 12.426 12.437 -9999.000 -9999.000 -9999.000 -9999.000 -9999.000 -9999.000 11.916 11.922 11.932 11.946 11.953 11.965 11.976 11.998 12.015 12.036 12.064 12.053 -9999.000 -9999.000 -9999.000 12.276 12.273 12.269 -9999.000 13.005 13.010 13.011 13.018 -9999.000 13.065 13.087 13.102 13.126 13.154 13.183 13.211 13.247 13.277 13.304
12.510 12.510 12.510 12.511 12.511 12.510 12.510 -9999.000 -9999.000 12.510 12.511 12.511 12.512 12.513 12.513 12.514 -9999.000 -9999.000 12.417 12.430 12.438 12.446 12.455 12.461 -9999.000 -9999.000 -9999.000 -9999.000 -9999.000 -9999.000 -9999.000 11.964 11.971 11.973 -9999.000 12.016 12.027 12.060 12.167 12.074 -9999.000 -9999.000 12.416 12.315 12.294 -9999.000 12.994 12.995 -9999.000 13.024 13.032 13.044 13.060 13.081 13.101 13.126 13.153 13.182 13.213 13.247 13.278 13.309
12.500 -9999.000 -9999.000 12.511 12.511 12.511 12.511 12.513 12.513 12.512 12.512 12.512 12.513 12.513 12.514 12.514 -9999.000 -9999.000 -9999.000 12.440 12.446 12.453 12.461 12.472 12.482 12.492 12.497 -9999.000 -9999.000 -9999.000 11.980 11.978 11.978 11.979 -9999.000 12.026 12.031 -9999.000 12.451 -9999.000 -9999.000 12.641 12.497 -9999.000 -9999.000 -9999.000 12.992 12.996 13.003 13.015 13.027 13.040 13.056 13.075 13.097 13.123 13.151 13.180 13.213 13.247 13.280 13.314
12.494 -9999.000 -9999.000 12.512 12.512 12.512 12.513 12.513 12.513 12.513 12.513 12.513 12.513 12.514 12.514 12.514 -9999.000 -9999.000 -9999.000 12.446 12.451 12.459 12.466 12.477 12.487 12.497 12.502 -9999.000 12.538 12.493 11.982 11.984 -9999.000 11.985 12.007 12.027 12.044 12.529 12.650 12.690 12.707 12.716 12.657 -9999.000 -9999.000 12.932 12.978 12.993 13.000 13.009 13.021 13.035 13.051 13.069 13.088 13.110 13.139 13.171 13.209 13.244 13.280 13.318
12.514 -9999.000 12.513 12.513 12.513 12.513 12.513 12.513 12.513 12.513 12.513 12.514 12.514 12.514 12.515 12.515 12.516 12.516 12.516 -9999.000 -9999.000 12.466 12.471 12.482 12.493 12.506 12.512 -9999.000 12.543 12.543 -9999.000 12.365 -9999.000 -9999.000 -9999.000 12.027 -9999.000 12.682 12.685 12.700 12.717 12.736 12.749 12.763 12.833 12.902 12.930 12.962 12.985 13.000 13.011 13.024 13.042 13.062 13.084 13.102 13.126 13.156 13.193 13.231 13.262 13.301
12.514 12.514 -9999.000 12.513 12.513 12.513 12.513 12.513 12.514 12.514 12.514 12.514 12.514 12.515 12.515 12.516 12.516 12.517 -9999.000 -9999.000 -9999.000 -9999.000 -9999.000 12.498 12.504 12.518 12.526 12.537 12.545 12.553 12.560 12.567 12.574 -9999.000 -9999.000 -9999.000 12.675 12.681 12.689 12.704 12.722 12.743 12.762 12.789 12.819 12.869 12.911 12.931 12.961 12.980 12.995 13.013 13.034 13.060 13.085 13.100 13.114 13.149 13.181 13.215 13.242 13.268
12.514 12.514 12.514 12.513 12.513 12.513 12.514 12.514 12.514 12.514 12.514 12.514 12.515 12.515 12.516 12.516 12.517 12.518 12.519 12.519 -9999.000 -9999.000 -9999.000 -9999.000 12.515 12.528 12.533 12.540 12.546 12.554 12.563 12.574 12.588 12.609 12.628 12.647 12.665 12.676 12.689 12.704 12.724 12.747 12.770 12.796 12.823 12.857 12.895 12.919 12.944 12.964 12.979 12.997 13.016 13.074 13.090 13.100 13.115 13.139 13.168 13.203 13.233 13.252
