LISFLOOD_FP/Result/4_LISFLOOD_FP/combined_output/combined_angle_0_x_0_y_0/out.inittm
ncols         192
nrows         192
xllcorner     1771145.000000
yllcorner     5471774.000000
cellsize      10.000000
NODATA_value  -9999.000000
[rows 84 to 111 of 192, columns 63 to 125 of 192]
0.479 0.488 0.498 0.459 0.460 0.565 -9999.000 0.419 0.455 -9999.000 0.238 0.231 0.230 0.346 -9999.000 -9999.000 0.777 0.688 0.717 0.731 0.788 -9999.000 -9999.000 0.999 -9999.000 0.974 0.945 0.937 -9999.000 -9999.000 -9999.000 -9999.000 -9999.000 -9999.000 -9999.000 -9999.000 -9999.000 -9999.000 -9999.000 -9999.000 -9999.000 -9999.000 -9999.000 -9999.000 -9999.000 -9999.000 -9999.000 -9999.000 -9999.000 -9999.000 -9999.000 -9999.000 -9999.000 -9999.000 -9999.000 -9999.000 -9999.000 -9999.000 -9999.000 -9999.000 -9999.000 -9999.000 -9999.000
0.482 0.486 0.477 0.468 0.458 0.925 -9999.000 0.886 0.640 0.305 0.239 0.230 0.228 0.231 -9999.000 0.806 0.667 0.677 0.726 0.732 0.740 0.805 0.982 0.989 -9999.000 -9999.000 0.995 0.935 0.932 -9999.000 -9999.000 -9999.000 -9999.000 -9999.000 -9999.000 -9999.000 -9999.000 -9999.000 -9999.000 -9999.000 -9999.000 -9999.000 -9999.000 -9999.000 -9999.000 -9999.000 -9999.000 -9999.000 -9999.000 -9999.000 -9999.000 -9999.000 -9999.000 -9999.000 -9999.000 -9999.000 -9999.000 -9999.000 -9999.000 -9999.000 -9999.000 -9999.000 -9999.000
0.508 0.474 0.466 0.460 0.452 0.458 -9999.000 -9999.000 -9999.000 0.670 0.246 0.229 0.227 0.226 0.831 0.800 0.656 0.665 0.703 0.729 0.759 -9999.000 0.993 -9999.000 -9999.000 -9999.000 0.981 0.932 0.930 0.932 -9999.000 -9999.000 -9999.000 -9999.000 -9999.000 -9999.000 -9999.000 -9999.000 -9999.000 -9999.000 -9999.000 -9999.000 -9999.000 -9999.000 -9999.000 -9999.000 -9999.000 -9999.000 -9999.000 -9999.000 -9999.000 -9999.000 -9999.000 -9999.000 -9999.000 -9999.000 -9999.000 -9999.000 -9999.000 -9999.000 -9999.000 -9999.000 -9999.000
0.485 0.479 0.474 0.462 0.451 0.444 0.467 -9999.000 -9999.000 -9999.000 0.511 0.229 0.226 0.224 0.266 0.633 0.643 0.652 0.664 0.696 0.782 -9999.000 -9999.000 -9999.000 -9999.000 -9999.000 0.988 -9999.000 0.918 -9999.000 0.915 -9999.000 0.944 -9999.000 -9999.000 -9999.000 -9999.000 -9999.000 -9999.000 -9999.000 -9999.000 -9999.000 -9999.000 -9999.000 -9999.000 -9999.000 -9999.000 -9999.000 -9999.000 -9999.000 -9999.000 -9999.000 -9999.000 -9999.000 -9999.000 -9999.000 -9999.000 -9999.000 -9999.000 -9999.000 -9999.000 -9999.000 -9999.000
0.477 0.470 0.464 0.530 0.457 0.443 0.450 -9999.000 -9999.000 -9999.000 -9999.000 0.242 0.225 0.222 0.225 0.944 0.843 0.740 0.681 0.706 0.760 -9999.000 -9999.000 -9999.000 -9999.000 -9999.000 -9999.000 -9999.000 0.915 0.889 0.899 0.943 0.933 -9999.000 -9999.000 -9999.000 -9999.000 -9999.000 -9999.000 -9999.000 -9999.000 0.985 -9999.000 0.991 0.996 -9999.000 -9999.000 -9999.000 -9999.000 -9999.000 -9999.000 -9999.000 -9999.000 -9999.000 -9999.000 -9999.000 -9999.000 -9999.000 -9999.000 -9999.000 -9999.000 -9999.000 -9999.000
0.763 0.463 0.461 0.452 0.437 0.440 0.440 0.471 -9999.000 -9999.000 -9999.000 0.822 0.393 0.221 0.219 0.548 0.845 0.763 0.717 0.714 0.737 0.850 -9999.000 -9999.000 -9999.000 -9999.000 -9999.000 -9999.000 -9999.000 0.885 0.879 0.888 0.925 -9999.000 -9999.000 -9999.000 -9999.000 -9999.000 -9999.000 -9999.000 0.802 0.808 0.842 0.846 -9999.000 -9999.000 -9999.000 -9999.000 -9999.000 -9999.000 -9999.000 -9999.000 -9999.000 -9999.000 -9999.000 -9999.000 -9999.000 -9999.000 -9999.000 -9999.000 -9999.000 -9999.000 -9999.000
-9999.000 0.776 0.479 0.450 0.435 0.459 0.437 0.434 0.917 -9999.000 -9999.000 -9999.000 -9999.000 0.221 0.217 0.228 -9999.000 0.793 0.752 0.728 0.758 -9999.000 -9999.000 -9999.000 -9999.000 -9999.000 -9999.000 -9999.000 0.998 0.875 0.870 0.864 -9999.000 -9999.000 -9999.000 -9999.000 -9999.000 -9999.000 -9999.000 0.809 0.786 -9999.000 0.847 0.851 -9999.000 -9999.000 -9999.000 -9999.000 -9999.000 -9999.000 -9999.000 -9999.000 -9999.000 -9999.000 -9999.000 -9999.000 -9999.000 -9999.000 -9999.000 -9999.000 -9999.000 -9999.000 -9999.000
-9999.000 -9999.000 -9999.000 0.433 0.432 0.641 0.450 0.432 0.433 -9999.000 -9999.000 -9999.000 0.614 0.224 0.215 0.222 -9999.000 0.818 0.768 0.754 0.776 -9999.000 -9999.000 -9999.000 -9999.000 -9999.000 0.999 0.990 0.996 -9999.000 0.920 0.858 0.853 0.863 0.843 -9999.000 -9999.000 -9999.000 -9999.000 -9999.000 0.781 -9999.000 0.981 0.856 0.949 -9999.000 -9999.000 0.859 0.883 0.945 -9999.000 -9999.000 -9999.000 -9999.000 -9999.000 -9999.000 -9999.000 -9999.000 -9999.000 -9999.000 -9999.000 -9999.000 -9999.000
-9999.000 -9999.000 -9999.000 0.546 0.420 -9999.000 0.506 0.430 0.420 0.416 -9999.000 -9999.000 -9999.000 0.225 0.214 0.220 -9999.000 0.802 0.783 0.781 0.781 0.869 -9999.000 -9999.000 -9999.000 -9999.000 -9999.000 0.968 -9999.000 -9999.000 0.912 0.853 0.849 0.712 0.736 0.695 -9999.000 -9999.000 -9999.000 -9999.000 0.774 0.704 -9999.000 -9999.000 -9999.000 -9999.000 0.889 0.837 -9999.000 0.941 -9999.000 -9999.000 -9999.000 -9999.000 -9999.000 -9999.000 -9999.000 -9999.000 -9999.000 -9999.000 -9999.000 -9999.000 -9999.000
-9999.000 -9999.000 -9999.000 0.988 0.418 0.750 0.957 -9999.000 0.604 0.414 -9999.000 -9999.000 -9999.000 -9999.000 0.213 0.212 -9999.000 0.843 0.793 0.796 0.821 -9999.000 -9999.000 -9999.000 -9999.000 0.994 0.944 0.962 -9999.000 0.925 0.916 -9999.000 0.799 0.707 0.691 0.684 0.721 -9999.000 -9999.000 0.617 0.658 0.698 -9999.000 -9999.000 -9999.000 -9999.000 -9999.000 0.834 0.816 0.934 0.814 -9999.000 -9999.000 -9999.000 -9999.000 -9999.000 -9999.000 -9999.000 -9999.000 -9999.000 -9999.000 -9999.000 -9999.000
-9999.000 -9999.000 -9999.000 0.949 0.415 -9999.000 -9999.000 -9999.000 0.594 0.411 0.378 -9999.000 -9999.000 -9999.000 0.212 0.211 -9999.000 0.834 0.802 0.814 0.842 -9999.000 -9999.000 -9999.000 0.987 -9999.000 0.940 0.936 0.935 0.932 -9999.000 0.994 0.757 0.751 0.861 0.678 0.674 -9999.000 0.747 0.610 0.600 0.595 -9999.000 -9999.000 -9999.000 -9999.000 -9999.000 -9999.000 0.805 0.795 0.808 0.801 0.795 -9999.000 -9999.000 -9999.000 -9999.000 -9999.000 -9999.000 -9999.000 -9999.000 -9999.000 -9999.000
-9999.000 -9999.000 -9999.000 0.411 0.413 -9999.000 -9999.000 -9999.000 0.466 0.376 0.358 0.398 -9999.000 -9999.000 0.210 0.207 0.880 0.854 0.963 -9999.000 -9999.000 -9999.000 -9999.000 -9999.000 0.955 0.946 0.943 0.943 -9999.000 -9999.000 -9999.000 -9999.000 0.999 -9999.000 -9999.000 0.716 0.664 0.681 0.757 -9999.000 -9999.000 0.580 0.611 -9999.000 -9999.000 -9999.000 -9999.000 -9999.000 -9999.000 0.791 0.745 -9999.000 0.768 0.818 -9999.000 -9999.000 -9999.000 -9999.000 -9999.000 -9999.000 -9999.000 -9999.000 -9999.000
-9999.000 -9999.000 -9999.000 0.406 0.458 -9999.000 -9999.000 -9999.000 0.412 0.357 0.352 0.406 0.877 -9999.000 0.211 0.205 0.242 -9999.000 -9999.000 -9999.000 -9999.000 0.991 0.988 0.969 0.958 0.963 0.954 -9999.000 -9999.000 -9999.000 -9999.000 -9999.000 0.994 0.922 0.917 0.910 0.661 -9999.000 -9999.000 0.590 0.566 0.553 0.546 0.573 0.564 0.559 0.565 0.569 0.575 0.609 0.628 0.642 0.684 0.791 0.795 -9999.000 -9999.000 -9999.000 -9999.000 -9999.000 -9999.000 -9999.000 -9999.000
-9999.000 -9999.000 0.536 0.401 0.436 -9999.000 0.522 0.491 0.401 0.352 0.349 -9999.000 -9999.000 0.646 0.211 0.204 0.251 -9999.000 -9999.000 -9999.000 0.288 -9999.000 -9999.000 -9999.000 0.984 -9999.000 -9999.000 -9999.000 -9999.000 -9999.000 -9999.000 -9999.000 -9999.000 -9999.000 -9999.000 0.829 0.653 0.650 0.739 -9999.000 -9999.000 0.548 0.541 -9999.000 -9999.000 0.539 -9999.000 -9999.000 0.711 0.696 0.699 0.718 -9999.000 0.838 -9999.000 -9999.000 -9999.000 -9999.000 -9999.000 -9999.000 -9999.000 -9999.000 -9999.000
-9999.000 0.490 0.417 0.392 0.424 0.421 0.410 0.407 0.392 0.349 0.347 -9999.000 -9999.000 0.319 0.209 0.202 0.348 -9999.000 -9999.000 0.286 0.248 0.839 0.848 0.857 0.914 0.917 -9999.000 -9999.000 -9999.000 -9999.000 -9999.000 -9999.000 -9999.000 0.872 -9999.000 -9999.000 0.705 0.642 -9999.000 -9999.000 0.668 0.659 0.498 0.576 0.706 0.500 0.500 -9999.000 0.736 0.733 0.741 0.740 0.833 -9999.000 -9999.000 -9999.000 -9999.000 -9999.000 -9999.000 -9999.000 -9999.000 -9999.000 -9999.000
0.449 0.425 0.423 0.390 0.386 0.421 0.404 0.402 0.381 0.347 0.345 -9999.000 -9999.000 -9999.000 0.207 0.201 0.209 0.284 0.251 0.246 0.242 0.270 -9999.000 -9999.000 -9999.000 0.921 0.927 -9999.000 0.993 0.997 -9999.000 0.965 0.859 0.852 -9999.000 -9999.000 0.810 0.640 0.759 0.779 -9999.000 0.494 0.476 0.499 0.480 0.472 0.493 0.513 -9999.000 0.782 0.772 -9999.000 0.683 -9999.000 -9999.000 -9999.000 -9999.000 -9999.000 -9999.000 -9999.000 -9999.000 -9999.000 -9999.000
0.571 0.436 0.433 0.416 0.377 0.398 0.410 0.461 0.434 0.346 0.342 0.530 -9999.000 -9999.000 0.204 0.199 0.292 0.288 0.288 0.245 0.236 0.257 -9999.000 0.900 0.894 0.900 0.928 0.942 0.966 -9999.000 0.962 0.957 0.898 0.850 0.850 0.966 0.916 0.629 0.752 -9999.000 -9999.000 0.433 0.447 0.441 -9999.000 0.445 -9999.000 -9999.000 -9999.000 -9999.000 -9999.000 -9999.000 0.667 0.961 0.990 -9999.000 -9999.000 -9999.000 -9999.000 -9999.000 -9999.000 -9999.000 -9999.000
-9999.000 0.436 0.476 0.431 0.374 0.372 0.366 0.402 0.422 0.342 0.340 -9999.000 -9999.000 0.351 0.201 0.198 -9999.000 -9999.000 -9999.000 0.269 0.233 0.246 -9999.000 -9999.000 0.891 -9999.000 0.919 -9999.000 -9999.000 -9999.000 -9999.000 -9999.000 -9999.000 0.804 0.800 0.788 0.694 0.625 0.754 -9999.000 -9999.000 0.423 0.418 0.410 0.435 0.421 0.414 0.462 -9999.000 -9999.000 -9999.000 -9999.000 0.629 0.714 0.993 -9999.000 -9999.000 -9999.000 -9999.000 -9999.000 -9999.000 -9999.000 -9999.000
-9999.000 0.434 0.484 0.471 0.408 0.366 0.364 0.347 0.342 0.337 0.338 -9999.000 -9999.000 -9999.000 0.199 0.196 -9999.000 -9999.000 -9999.000 0.285 0.229 0.244 0.777 0.782 0.888 0.891 0.894 -9999.000 0.997 -9999.000 -9999.000 -9999.000 -9999.000 0.825 -9999.000 -9999.000 0.620 0.623 -9999.000 0.874 -9999.000 0.429 -9999.000 0.381 0.389 0.394 0.388 0.446 -9999.000 -9999.000 -9999.000 -9999.000 0.600 0.663 0.873 -9999.000 -9999.000 -9999.000 -9999.000 -9999.000 -9999.000 -9999.000 -9999.000
-9999.000 0.432 0.478 0.510 0.454 0.364 0.362 0.402 0.362 0.330 0.331 0.437 -9999.000 0.812 0.213 0.196 -9999.000 -9999.000 -9999.000 0.341 0.226 0.245 -9999.000 -9999.000 0.891 0.894 0.908 0.986 0.994 -9999.000 -9999.000 0.848 -9999.000 0.936 0.869 0.883 0.601 0.605 0.694 0.870 0.875 -9999.000 0.413 0.375 0.379 0.387 0.380 0.536 -9999.000 -9999.000 -9999.000 -9999.000 0.578 0.588 0.729 -9999.000 -9999.000 -9999.000 -9999.000 -9999.000 -9999.000 -9999.000 -9999.000
-9999.000 0.428 0.436 0.486 0.950 0.405 0.355 0.380 0.353 0.322 -9999.000 -9999.000 0.267 -9999.000 0.194 0.193 -9999.000 -9999.000 -9999.000 0.261 0.223 0.463 -9999.000 -9999.000 0.894 -9999.000 0.912 0.960 0.985 -9999.000 0.878 0.844 -9999.000 0.826 0.865 0.897 0.573 0.653 -9999.000 0.699 -9999.000 0.466 0.400 0.363 0.358 0.359 0.360 0.402 -9999.000 -9999.000 -9999.000 0.559 0.570 0.578 0.658 0.794 -9999.000 -9999.000 -9999.000 -9999.000 -9999.000 -9999.000 -9999.000
-9999.000 0.422 0.436 0.493 -9999.000 0.543 0.353 0.330 0.385 0.321 -9999.000 -9999.000 0.264 0.687 0.188 0.191 0.642 -9999.000 0.290 0.224 0.221 0.601 -9999.000 -9999.000 -9999.000 -9999.000 -9999.000 -9999.000 -9999.000 -9999.000 -9999.000 0.834 0.852 0.632 0.628 0.621 0.560 0.578 0.698 0.692 0.655 0.541 -9999.000 0.357 0.352 0.346 0.341 0.336 0.330 0.338 0.528 0.400 -9999.000 -9999.000 0.568 0.726 -9999.000 -9999.000 -9999.000 -9999.000 -9999.000 -9999.000 -9999.000
0.450 0.418 0.439 -9999.000 -9999.000 -9999.000 0.704 0.328 0.324 0.314 -9999.000 -9999.000 0.240 0.759 0.187 0.990 -9999.000 -9999.000 0.816 0.224 0.212 0.286 -9999.000 -9999.000 -9999.000 -9999.000 -9999.000 -9999.000 -9999.000 0.788 0.666 0.826 0.632 0.627 0.622 0.574 0.556 0.808 0.833 -9999.000 -9999.000 0.545 -9999.000 0.503 0.358 0.450 0.338 0.331 0.323 0.317 0.363 0.387 0.402 0.463 0.522 0.721 -9999.000 -9999.000 -9999.000 -9999.000 -9999.000 -9999.000 -9999.000
0.435 0.413 0.441 0.769 -9999.000 -9999.000 -9999.000 0.370 0.300 0.313 -9999.000 -9999.000 0.226 0.220 0.186 0.210 -9999.000 -9999.000 -9999.000 0.211 0.207 0.230 -9999.000 -9999.000 -9999.000 -9999.000 -9999.000 -9999.000 0.766 0.666 0.662 0.659 0.655 0.819 0.964 0.859 0.551 0.547 0.843 -9999.000 0.624 0.576 0.624 -9999.000 -9999.000 -9999.000 -9999.000 0.504 0.317 0.312 0.318 0.377 0.499 0.525 0.632 -9999.000 -9999.000 -9999.000 -9999.000 -9999.000 -9999.000 -9999.000 -9999.000
0.408 0.403 0.421 0.497 -9999.000 -9999.000 -9999.000 0.431 0.298 0.300 -9999.000 0.598 -9999.000 0.218 0.184 0.501 -9999.000 -9999.000 0.636 0.205 0.204 0.216 -9999.000 -9999.000 -9999.000 -9999.000 0.858 0.854 0.675 0.670 -9999.000 -9999.000 -9999.000 -9999.000 -9999.000 -9999.000 -9999.000 0.545 -9999.000 -9999.000 -9999.000 0.578 -9999.000 -9999.000 0.667 0.674 -9999.000 -9999.000 0.312 0.296 0.360 0.342 0.477 0.680 0.727 0.874 -9999.000 -9999.000 -9999.000 -9999.000 -9999.000 -9999.000 -9999.000
0.381 0.380 0.378 0.380 0.507 -9999.000 -9999.000 0.437 0.297 0.328 -9999.000 0.589 0.580 0.179 0.180 0.188 0.359 -9999.000 -9999.000 0.200 0.201 0.207 0.277 -9999.000 -9999.000 -9999.000 0.875 0.691 0.680 0.688 0.675 0.608 0.604 0.570 0.560 0.578 0.526 0.538 0.875 -9999.000 0.806 0.797 -9999.000 0.608 0.612 0.624 0.634 0.723 0.321 0.280 0.305 0.322 0.376 0.547 0.726 -9999.000 -9999.000 -9999.000 -9999.000 -9999.000 -9999.000 -9999.000 -9999.000
0.393 0.392 0.376 0.371 0.368 0.440 0.777 0.411 0.295 0.292 -9999.000 -9999.000 0.535 0.175 0.180 0.198 0.201 0.256 0.211 0.194 0.198 0.203 0.213 -9999.000 -9999.000 0.922 0.821 0.722 0.687 0.958 -9999.000 -9999.000 -9999.000 -9999.000 0.547 0.543 0.512 0.499 -9999.000 -9999.000 -9999.000 -9999.000 -9999.000 0.605 -9999.000 -9999.000 0.648 -9999.000 0.279 0.261 0.288 0.300 0.384 0.679 0.603 -9999.000 -9999.000 0.998 -9999.000 -9999.000 -9999.000 -9999.000 -9999.000
0.415 0.427 0.396 0.390 0.360 0.344 0.357 0.351 0.295 0.290 -9999.000 -9999.000 -9999.000 0.172 0.177 0.182 0.202 0.197 0.190 0.191 0.194 0.200 0.205 0.248 -9999.000 -9999.000 0.830 -9999.000 0.712 -9999.000 -9999.000 -9999.000 -9999.000 -9999.000 -9999.000 -9999.000 0.612 0.496 -9999.000 0.863 0.959 -9999.000 0.888 0.507 0.494 0.563 -9999.000 0.315 0.256 0.255 0.262 0.284 0.315 0.343 0.420 0.599 0.747 0.764 0.814 -9999.000 -9999.000 -9999.000 -9999.000
