LISFLOOD_FP/Result/4_LISFLOOD_FP/combined_output/combined_angle_0_x_0_y_0/out.inittm
ncols         192
nrows         192
xllcorner     1771145.000000
yllcorner     5471774.000000
cellsize      10.000000
NODATA_value  -9999.000000
[rows 112 to 139 of 192, columns 63 to 125 of 192]
0.452 0.454 0.447 0.483 0.379 0.332 0.329 0.328 0.293 0.286 -9999.000 0.791 -9999.000 0.170 0.381 0.180 0.197 0.191 0.185 0.188 0.191 0.196 0.201 0.215 -9999.000 0.961 0.957 0.726 0.715 0.744 -9999.000 0.775 0.777 -9999.000 -9999.000 -9999.000 0.541 0.492 0.488 0.854 -9999.000 -9999.000 -9999.000 0.562 0.465 0.454 0.447 0.303 0.251 0.246 0.251 0.279 0.308 0.325 0.343 0.549 0.683 0.650 0.763 -9999.000 -9999.000 -9999.000 -9999.000
-9999.000 0.456 0.472 0.480 0.440 0.358 0.343 0.340 0.322 0.285 0.567 0.319 0.313 0.165 0.201 0.179 0.533 0.186 0.183 0.185 0.188 0.193 0.197 0.204 0.439 -9999.000 0.964 -9999.000 -9999.000 0.716 -9999.000 0.759 0.795 -9999.000 -9999.000 -9999.000 0.546 0.626 0.461 0.452 -9999.000 0.729 0.883 -9999.000 -9999.000 -9999.000 -9999.000 0.517 0.257 0.242 0.254 0.292 0.310 0.343 0.316 0.528 0.700 0.593 0.657 -9999.000 -9999.000 -9999.000 -9999.000
-9999.000 0.468 0.500 0.689 0.456 0.402 0.376 0.561 0.305 0.282 -9999.000 -9999.000 0.182 0.163 0.351 0.178 0.179 0.180 0.180 0.183 0.186 0.190 0.194 0.198 0.221 0.743 -9999.000 0.635 0.709 0.712 0.714 0.756 0.802 -9999.000 -9999.000 0.874 0.541 0.530 0.452 0.445 -9999.000 0.645 0.951 -9999.000 -9999.000 -9999.000 -9999.000 0.285 0.231 0.230 0.252 0.277 0.264 0.291 0.291 0.355 0.436 0.443 0.548 -9999.000 -9999.000 -9999.000 -9999.000
-9999.000 0.509 -9999.000 -9999.000 -9999.000 0.923 0.537 0.572 0.369 0.281 -9999.000 -9999.000 0.188 0.162 0.281 0.175 0.173 0.178 0.178 0.180 0.183 0.188 0.193 0.197 0.207 0.229 0.570 0.629 -9999.000 0.716 0.719 0.872 -9999.000 -9999.000 -9999.000 -9999.000 -9999.000 0.786 -9999.000 0.439 0.440 0.489 0.777 -9999.000 -9999.000 -9999.000 -9999.000 -9999.000 0.217 0.223 0.252 0.263 0.254 0.261 0.277 0.346 0.390 0.398 0.582 -9999.000 -9999.000 -9999.000 -9999.000
-9999.000 -9999.000 -9999.000 -9999.000 -9999.000 0.502 0.717 0.401 0.330 0.277 0.570 -9999.000 0.160 0.161 -9999.000 0.177 0.171 0.296 0.175 0.178 0.180 0.184 0.191 0.201 0.205 0.216 0.249 -9999.000 -9999.000 -9999.000 -9999.000 0.876 -9999.000 -9999.000 -9999.000 -9999.000 0.949 0.944 0.876 0.432 0.436 0.402 -9999.000 -9999.000 0.532 0.291 0.226 0.210 0.210 0.216 -9999.000 0.283 0.229 0.251 0.262 0.328 0.371 0.363 0.654 -9999.000 -9999.000 -9999.000 -9999.000
-9999.000 -9999.000 -9999.000 -9999.000 -9999.000 0.433 0.342 0.367 0.475 0.276 0.327 -9999.000 0.152 0.160 -9999.000 -9999.000 0.170 0.172 0.173 0.176 0.179 0.184 0.190 0.200 0.208 0.214 0.222 0.279 -9999.000 -9999.000 -9999.000 0.880 0.987 0.992 -9999.000 -9999.000 -9999.000 -9999.000 -9999.000 0.407 0.389 0.397 -9999.000 0.249 0.225 0.219 0.224 0.197 0.203 0.208 0.201 0.191 0.198 0.224 0.267 0.331 0.368 0.331 0.506 -9999.000 -9999.000 -9999.000 -9999.000
-9999.000 -9999.000 -9999.000 -9999.000 -9999.000 -9999.000 0.325 0.277 0.271 0.272 0.314 0.386 0.151 -9999.000 -9999.000 -9999.000 0.166 0.583 0.177 0.179 0.183 0.188 0.194 0.204 0.213 0.220 0.218 0.216 0.276 -9999.000 -9999.000 0.914 -9999.000 -9999.000 -9999.000 -9999.000 -9999.000 -9999.000 -9999.000 0.389 0.374 0.511 -9999.000 -9999.000 0.574 0.213 0.201 0.192 0.195 0.235 0.224 0.186 0.209 0.215 0.263 0.323 0.335 0.308 0.368 0.903 -9999.000 -9999.000 -9999.000
-9999.000 -9999.000 -9999.000 -9999.000 -9999.000 -9999.000 0.934 0.292 0.268 0.271 -9999.000 0.678 0.150 0.148 -9999.000 -9999.000 0.165 0.167 -9999.000 0.189 0.188 0.193 0.203 0.211 0.218 0.217 0.214 0.211 0.209 0.220 0.877 -9999.000 -9999.000 -9999.000 -9999.000 -9999.000 -9999.000 -9999.000 -9999.000 -9999.000 0.369 -9999.000 0.319 0.308 0.277 0.254 0.205 0.188 0.189 -9999.000 0.163 0.159 0.163 0.193 0.210 0.228 0.249 0.293 0.385 0.751 -9999.000 -9999.000 -9999.000
-9999.000 -9999.000 -9999.000 -9999.000 -9999.000 -9999.000 -9999.000 0.367 0.267 0.269 -9999.000 -9999.000 0.159 0.145 0.149 0.154 0.162 0.399 -9999.000 0.197 0.194 0.201 0.212 0.223 0.218 0.214 0.211 0.208 0.205 0.201 0.200 0.228 -9999.000 -9999.000 -9999.000 -9999.000 -9999.000 -9999.000 -9999.000 -9999.000 0.364 0.361 0.328 -9999.000 -9999.000 0.326 0.220 0.180 0.164 0.161 0.159 0.150 0.148 0.185 0.200 0.206 0.223 0.232 0.265 0.975 -9999.000 -9999.000 -9999.000
-9999.000 -9999.000 -9999.000 -9999.000 -9999.000 -9999.000 -9999.000 0.460 0.264 0.267 -9999.000 -9999.000 0.153 0.144 0.164 0.156 0.158 -9999.000 -9999.000 0.231 0.204 0.210 0.223 0.221 0.217 0.212 0.209 0.205 0.201 0.198 0.196 0.191 0.193 0.441 0.691 -9999.000 -9999.000 -9999.000 -9999.000 0.567 0.456 -9999.000 -9999.000 0.724 0.711 0.301 0.199 0.183 0.224 -9999.000 0.610 0.147 0.145 0.207 0.367 0.216 0.428 0.612 0.871 -9999.000 -9999.000 -9999.000 -9999.000
-9999.000 -9999.000 -9999.000 -9999.000 -9999.000 -9999.000 -9999.000 0.312 0.260 0.266 -9999.000 -9999.000 0.388 0.143 0.157 -9999.000 0.159 -9999.000 -9999.000 -9999.000 0.221 0.215 0.223 0.219 0.215 0.210 0.205 0.202 0.197 0.194 0.190 0.187 0.183 0.178 0.175 0.179 0.191 0.193 0.514 0.582 -9999.000 -9999.000 -9999.000 -9999.000 -9999.000 0.199 0.196 0.189 0.250 0.240 0.157 0.145 0.143 0.196 -9999.000 -9999.000 -9999.000 -9999.000 -9999.000 -9999.000 -9999.000 -9999.000 -9999.000
-9999.000 -9999.000 -9999.000 -9999.000 0.447 -9999.000 0.357 0.339 0.258 0.265 -9999.000 -9999.000 0.151 0.142 -9999.000 -9999.000 0.157 0.166 -9999.000 -9999.000 0.265 0.228 0.223 0.218 0.214 0.211 0.208 0.199 0.196 0.192 0.187 0.183 0.178 0.174 0.170 0.167 0.164 0.163 0.190 0.204 0.273 0.503 0.651 0.639 0.623 0.571 0.603 0.636 0.674 0.612 0.177 0.142 0.139 0.136 -9999.000 -9999.000 -9999.000 -9999.000 -9999.000 -9999.000 -9999.000 -9999.000 -9999.000
-9999.000 -9999.000 -9999.000 0.266 0.259 -9999.000 0.258 0.256 0.256 0.264 0.397 -9999.000 -9999.000 0.141 0.140 0.155 0.144 0.149 -9999.000 -9999.000 -9999.000 0.228 0.222 0.218 0.213 0.209 0.205 0.199 0.196 0.192 0.183 0.179 0.175 0.170 0.166 0.162 0.158 0.156 0.183 0.202 0.251 0.373 0.420 0.528 0.245 0.230 0.220 0.214 0.209 0.176 0.167 -9999.000 0.184 0.119 0.121 0.128 0.204 -9999.000 -9999.000 -9999.000 -9999.000 -9999.000 -9999.000
-9999.000 -9999.000 -9999.000 0.258 0.250 0.253 0.254 0.252 0.253 0.257 0.339 -9999.000 -9999.000 0.149 0.138 0.137 0.139 0.144 0.152 -9999.000 -9999.000 0.271 0.223 0.218 0.213 0.207 0.202 0.197 0.192 0.187 0.183 0.174 0.170 0.166 0.162 0.157 0.153 0.151 0.176 0.198 0.322 0.362 0.355 0.260 0.249 0.242 0.226 0.221 0.215 -9999.000 0.161 0.348 0.199 0.111 0.123 -9999.000 -9999.000 -9999.000 -9999.000 -9999.000 -9999.000 -9999.000 -9999.000
-9999.000 -9999.000 -9999.000 0.250 0.246 0.250 0.250 0.249 0.246 0.252 0.266 -9999.000 -9999.000 0.151 0.138 0.136 0.135 0.136 0.137 0.509 -9999.000 0.532 0.223 0.217 0.211 0.204 0.199 0.194 0.188 0.184 0.179 0.173 0.171 0.162 0.157 0.153 0.149 0.145 0.166 0.201 0.408 0.372 0.412 0.302 0.256 0.250 0.277 0.384 0.369 0.795 0.109 0.098 -9999.000 0.095 0.101 0.114 0.165 0.189 -9999.000 -9999.000 -9999.000 -9999.000 -9999.000
0.642 0.374 0.261 0.243 0.245 0.248 0.248 0.246 0.242 0.246 0.255 0.786 -9999.000 0.547 0.143 0.135 0.133 0.132 0.133 0.137 0.559 -9999.000 0.447 0.234 0.213 0.206 0.201 0.187 0.182 0.176 0.171 0.166 0.162 0.157 0.153 0.149 0.145 0.141 0.167 0.440 0.466 0.458 0.390 0.413 0.264 0.270 -9999.000 -9999.000 0.176 0.108 0.093 0.091 0.089 0.092 -9999.000 -9999.000 -9999.000 -9999.000 0.085 0.069 -9999.000 -9999.000 -9999.000
0.456 0.332 0.250 0.238 0.246 0.245 0.410 0.260 0.239 0.243 0.248 0.284 0.320 -9999.000 -9999.000 -9999.000 0.133 0.130 0.129 0.130 0.138 -9999.000 -9999.000 -9999.000 -9999.000 -9999.000 -9999.000 0.314 0.374 0.191 0.170 0.164 0.158 0.153 0.149 0.145 0.141 0.136 0.184 -9999.000 -9999.000 -9999.000 0.357 0.287 0.280 0.972 0.286 0.164 0.155 0.740 0.975 0.095 0.066 0.063 0.062 0.061 0.060 0.058 0.058 0.056 0.056 0.055 0.084
0.423 0.301 0.244 0.237 0.239 0.243 -9999.000 -9999.000 0.237 0.237 0.243 0.251 0.314 0.343 0.319 -9999.000 -9999.000 0.130 0.126 0.126 0.129 0.133 0.167 -9999.000 -9999.000 -9999.000 -9999.000 -9999.000 -9999.000 -9999.000 0.254 0.624 0.402 -9999.000 0.147 0.141 0.137 0.132 0.421 -9999.000 -9999.000 0.387 0.352 0.345 -9999.000 0.080 0.076 -9999.000 0.072 0.070 0.067 0.066 0.064 0.063 0.061 0.060 0.059 0.058 0.056 0.055 0.055 0.054 0.053
-9999.000 -9999.000 0.241 0.236 0.235 0.245 0.408 0.241 0.231 0.231 0.233 0.243 0.252 0.305 0.313 -9999.000 -9999.000 -9999.000 0.126 0.124 0.123 0.126 0.130 0.134 0.158 0.160 -9999.000 -9999.000 -9999.000 0.291 0.272 0.442 0.419 0.984 0.587 0.555 -9999.000 0.129 -9999.000 -9999.000 0.259 0.272 -9999.000 -9999.000 -9999.000 0.078 0.075 0.072 0.070 0.069 0.068 0.066 0.066 0.065 0.064 0.062 0.060 0.059 0.058 0.056 0.054 0.053 0.052
-9999.000 -9999.000 0.239 0.232 0.231 0.232 0.229 0.226 0.226 0.226 0.228 0.237 0.240 0.251 0.321 0.919 -9999.000 -9999.000 0.139 0.123 0.121 0.120 0.122 0.121 0.123 0.132 -9999.000 0.515 0.672 0.369 0.419 -9999.000 0.433 0.505 0.453 0.442 0.432 0.114 0.116 0.116 0.106 0.325 -9999.000 -9999.000 0.657 0.081 0.074 0.073 0.071 0.071 0.070 0.069 0.070 0.073 0.081 0.086 0.088 0.082 0.080 0.074 0.068 0.065 0.057
-9999.000 0.424 0.234 0.231 0.228 0.226 0.226 0.224 0.222 0.221 0.222 0.223 0.228 0.226 0.251 0.319 0.317 0.483 -9999.000 -9999.000 0.122 0.120 0.118 0.117 0.116 0.117 -9999.000 0.187 0.336 -9999.000 0.419 -9999.000 -9999.000 -9999.000 0.465 -9999.000 0.107 0.103 0.101 0.099 0.093 0.093 0.115 0.468 0.090 0.082 0.081 0.077 0.073 0.075 0.078 0.082 0.084 0.087 0.091 0.102 0.096 0.128 0.110 0.100 0.091 0.098 0.100
0.839 -9999.000 0.233 0.229 0.226 0.225 0.223 0.222 0.220 0.220 0.218 0.218 0.218 0.220 0.220 0.221 0.313 -9999.000 -9999.000 -9999.000 -9999.000 -9999.000 0.155 0.117 0.114 0.113 0.113 0.113 0.113 0.113 0.115 0.122 -9999.000 -9999.000 -9999.000 0.103 0.097 0.095 0.094 0.093 0.090 0.088 0.087 0.086 0.085 0.082 0.081 0.079 0.079 0.080 0.083 0.087 0.090 0.094 0.093 0.101 0.241 0.130 0.126 0.104 0.143 0.151 0.526
0.509 0.501 0.231 0.227 0.224 0.222 0.221 0.219 0.218 0.216 0.215 0.215 0.214 0.215 0.215 0.213 0.212 0.286 0.368 -9999.000 -9999.000 -9999.000 -9999.000 0.499 0.114 0.112 0.111 0.109 0.109 0.107 0.107 0.105 0.104 0.103 0.100 0.098 0.096 0.095 0.094 0.092 0.091 0.090 0.088 0.087 0.086 0.085 0.084 0.083 0.083 0.085 0.091 0.106 0.505 0.097 0.106 0.106 0.127 0.134 0.129 0.108 0.121 0.130 0.197
0.496 0.442 0.248 0.225 0.223 0.221 0.219 0.217 0.216 0.214 0.213 0.212 0.211 0.211 0.210 0.209 0.209 0.206 0.206 0.336 -9999.000 -9999.000 -9999.000 -9999.000 0.127 0.114 0.111 0.109 0.107 0.107 0.106 0.104 0.102 0.101 0.100 0.099 0.098 0.116 0.111 0.173 0.102 0.099 0.092 0.092 0.092 0.091 0.089 0.086 0.088 0.089 0.106 -9999.000 0.143 0.100 0.106 0.109 0.114 0.123 0.119 0.113 0.121 0.128 0.125
-9999.000 0.441 0.240 0.225 0.223 0.219 0.217 0.216 0.214 0.212 0.211 0.210 0.209 0.208 0.206 0.205 0.204 0.201 0.200 0.199 0.231 0.401 -9999.000 0.991 0.138 0.133 0.138 0.145 0.169 -9999.000 0.561 0.697 0.121 0.113 0.183 0.116 0.106 0.182 -9999.000 -9999.000 -9999.000 0.131 0.106 0.104 0.099 0.093 0.093 0.100 0.103 0.110 -9999.000 0.157 -9999.000 0.104 0.109 0.112 0.119 0.126 0.122 0.117 0.128 0.125 0.123
0.403 0.362 0.228 0.221 0.219 0.217 0.215 0.214 0.212 0.211 0.209 0.207 0.206 0.205 0.204 0.202 0.200 0.198 0.195 0.193 0.191 0.179 0.175 0.172 0.169 0.170 0.165 0.194 -9999.000 -9999.000 -9999.000 -9999.000 -9999.000 -9999.000 0.138 0.133 -9999.000 -9999.000 -9999.000 0.510 -9999.000 0.130 0.112 0.107 0.105 0.118 0.097 0.102 0.106 0.114 0.119 0.138 0.110 0.106 0.113 0.115 0.123 0.130 0.126 0.121 0.125 0.122 0.120
0.383 0.269 0.223 0.219 0.218 0.216 0.214 0.212 0.210 0.209 0.207 0.206 0.204 0.203 0.202 0.200 0.198 0.195 0.193 0.191 0.189 0.182 0.179 0.176 0.171 0.171 0.168 0.782 -9999.000 -9999.000 -9999.000 -9999.000 -9999.000 -9999.000 0.143 0.136 0.148 0.152 0.137 0.133 0.130 0.125 0.115 0.111 0.137 0.107 0.099 0.104 0.109 0.117 0.120 0.118 0.113 0.109 0.118 0.127 0.131 0.129 0.127 0.125 0.123 0.120 0.118
0.380 0.232 0.221 0.219 0.218 0.215 0.213 0.211 0.209 0.208 0.206 0.204 0.202 0.201 0.199 0.197 0.196 0.194 0.192 0.190 0.188 0.187 0.181 0.179 0.175 0.175 0.171 0.183 0.339 -9999.000 -9999.000 -9999.000 -9999.000 0.209 0.148 0.145 0.139 0.136 0.132 0.129 0.126 0.123 0.120 0.114 0.113 0.107 0.102 0.106 0.111 0.117 0.120 0.122 0.119 0.114 0.121 0.134 0.131 0.126 0.125 0.123 0.120 0.118 0.116
