BG_FLOOD/Result/3_dem_raster/combined_dem_raster/com_dem_raster/com_ascii/generated_dem_combined_angle_45_x_0_y_0.asc
ncols        192
nrows        192
xllcorner    1771145.000000000000
yllcorner    5471774.000000000000
cellsize     10.000000000000
NODATA_value  nan
[rows 80 to 99 of 192, columns 92 to 137 of 192]
11.86889675431311808 10.45825400536759453 12.314109769833228469 10.421391868566624694 12.273545465320813364 12.971502075160216805 10.312749364449675937 10.706839903331689001 10.736798148991866242 13.294513969570139977 14.936499424319537255 13.812639061609155888 12.575121055632029865 14.490470270410744646 11.765430792593543075 13.419303498847197531 13.192373251084932306 14.37388466330314607 11.936879603135229999 11.911446404215356054 16.331200469625731131 18.394936484137584642 13.542348642742291887 12.983772472807308063 17.840204126867956091 14.892754017632395147 19.536227004131056617 13.291042735113963502 13.01017185292537981 14.352592988192421686 13.633785513049408777 18.395482813816425249 13.855210989708050207 13.031162082712215877 12.85076209436871153 13.083525958521610377 13.560382147131660346 14.688355848191159581 13.990030574193356827 14.562428171041043257 13.832150732257030512 15.383301690140180895 17.173455698306646866 16.561510423757319188 15.299846933152119632 14.213990293431324474
14.710666458966930037 10.976906875210032055 12.149171023925758206 10.451512049475349286 12.082907210829267441 12.93151783713723546 10.444357284732804558 12.388397489878466118 12.445412927677290682 13.871300035165381459 12.530340949272838813 13.753254721729527787 12.473101263799769356 13.526713270313193149 11.862932407095131637 13.989889504058961478 11.896037202182426995 11.944184971093076086 11.479636928961124198 11.903037283443726579 15.006865117694141887 15.94571155106560667 15.613680401700195333 13.071321683555902737 13.162841146920316149 13.709923728480420735 17.562221951507225981 19.311249485432455231 16.598025178401954349 13.311458000268599378 15.083127138831830649 14.145254114263526191 17.578135823281755279 15.491485237782487872 13.164402436892403969 12.835272593752527825 12.757491554574134085 13.544174812707145961 13.694354477021821737 15.833538580529022965 13.815957361186043784 15.163629583771101039 19.986625034369726706 14.60871633321255203 16.732415393847137608 15.713112505740562952
11.674837066420607812 11.451889247642487391 13.976382965185289109 10.458069712312791921 10.500684991557102776 14.018449835039715978 11.326492033684013805 13.086543779572258117 14.237865902247778038 12.233077596807962806 12.467157848615611826 11.850861394951300198 12.812103925448159458 11.385021514115306829 13.109891716205972045 11.742394714738372485 13.584284650097263381 11.274061002178468627 11.979593831153477979 11.896685223221489025 15.297049499275523488 12.910963547137869867 16.403376899755464535 16.04031238291142003 15.076810516410843022 16.361717145578897004 14.05011022621265937 13.961276849579537185 17.389958053040739827 13.521079052290895461 18.813895074298134347 14.715524219286004737 14.058928069848175113 15.860205544994718352 14.860639276324947744 13.073599908988727591 12.850919399355474226 13.932124946969613788 14.180109172336077705 13.737667904889447001 16.402791591384495717 13.550677304010838142 14.146443305557118819 15.794989557080777232 13.735870957388979008 15.313357766729996712
11.751669751042321366 13.617918781643105319 11.569120064052377472 14.118569553091758095 12.67511782067654913 13.199724718670614365 11.29105396025055974 10.824463244032809683 12.250436367929690817 12.678166656082654029 13.524594115572011077 11.199570690665504813 11.996046108822726595 11.531387085526823455 11.472876856296482018 12.953390314732951438 11.07646338515423956 10.005267866418215306 11.271238500423953255 12.560811733179068739 16.55593933046268873 12.619258435532758611 12.619549587698223547 13.719657053063093244 13.591872961115836205 13.653296427066228702 15.455133699720420282 13.909811274515469393 13.523663076611592615 15.388252752442371118 16.800189046943639681 15.558091923137746804 15.07884753019987123 14.36697789143628512 16.851870660502349608 14.645372605957671652 15.553795491206665602 12.861678327334006511 13.127065251827735537 13.600248844449870589 15.915967514648746928 13.560878358780652064 16.783713996491332665 13.685122414016680281 14.009722763309788718 16.175412885373201988
10.886269803277187407 14.574503837599579015 11.68620232155730676 14.423811236585875051 11.70796021070500359 11.427711080018370993 11.962658187243958352 10.299026981952312809 10.752640858284109981 14.172016906586602403 17.064836059262990631 14.81248338095005046 13.203404420651803974 12.081324771844650812 12.877111626711757353 10.850486078895260178 9.953707416448139611 10.581202998718827857 11.35109375453557945 12.104187635182677596 12.404669334811824655 12.39730940717028318 12.407771584971015955 12.617813060891606369 14.416575362231546009 13.708414702188463252 13.400755005290543309 16.143393383521527085 16.590568759177475755 13.92805516552924594 13.5043165997298793 16.209185894792721427 14.027993937774047239 15.433709362337449278 13.179526791123894469 14.997280656630744389 14.988150197589410695 13.680486804777428844 12.933771217202352233 12.61791828891129974 13.135721473020730343 16.950027384944515774 14.148422802613856319 15.820795954676061257 14.544996358455522412 16.801290320759434849
10.661506633783172759 11.287971470700220777 10.982036517164985412 13.259262105149714372 14.011134183427607525 10.998270858224001856 11.559221119014193135 10.737792535290239471 10.672205740131856189 12.4000202889366129 18.188581348389654124 20.155962862806788394 12.492632610226541701 18.399957322311227159 11.032988267747544597 9.833435538510585161 10.759519870760165361 11.156467050704851118 12.81698457339775743 13.671557223834069461 11.939430347935303445 11.765864277072301647 12.085238019332223303 12.319866515973163956 12.555911978960621056 15.913439538121721739 15.601947386655886874 15.624527748459257737 14.882270866712243418 12.487394811164207908 13.011457388160170723 14.920563076037053563 13.062735294758246241 14.298359880920319398 15.852282967065464803 15.743632656777462486 16.973796576006751735 22.738853667990330365 15.151046054010018693 14.517567626277248394 12.424406618815941883 14.065703511100155154 15.957701606765267499 16.071305858673785139 12.861251549233124081 12.475194272895173242
10.799665279582319144 11.509042387791975415 11.263358798460272325 11.237539660019310261 11.503865811589999879 11.151312575375996516 15.038291381771484723 13.000373513770961509 13.981406275791467664 14.615929879534295566 12.808203611048524451 18.243596109545308082 20.865549573965076036 14.255945366605294211 11.228921373174902243 11.847396880728322088 11.301672091902778661 11.789618722642613236 11.736974403743216655 13.2181516518433817 14.83358548528640064 11.540795267982693062 11.519534544050532787 11.614974697278078963 11.916088960457656754 12.321924118970578377 12.422506850846570359 12.833745032841823885 12.406390830164143679 12.625997177059215204 12.314250714706515666 12.684404413396421774 15.801351799209665927 13.778146671606188889 15.361416559558636052 13.854617933113265948 15.312110154875217205 15.51911609361229516 14.348670327733254126 16.320243996809931986 12.597729962813767557 12.584847009622929903 13.345224081537448768 12.880117362018385307 12.18081703026047613 12.220708488774867817
12.870766433806238638 16.875464460144861789 12.355259676143154124 12.638847536792953363 12.243674366208614046 14.227741817381591716 10.956069581943550517 11.697838300084301366 13.912948714463267308 11.3704043356367972 13.263728757943102465 19.140203330702725282 13.435326865456310941 11.709668249660369455 15.108841687667700526 11.118407351201101463 13.867895312403286212 13.677929837969850624 11.744495829203929205 14.011911025951730991 13.265088837022783963 15.080366872391779864 11.42105348850434865 11.46882161741349293 11.727511395468246391 12.017793053235719114 11.940163721814794684 12.379542361064048706 13.522645125790329956 12.395177678203053162 12.459888457426128383 12.606182547238915959 13.60848021321469048 13.082484380442100047 13.866734619803322559 13.351189549262633349 15.159715808191009501 21.906874810581332014 16.40110665584434102 18.458972263027259686 14.413593975760415233 12.159587875696987069 12.075648377605629591 12.075769131034929771 11.947025557378028182 13.178124061675688949
10.476894667950755746 11.575049668431971028 10.733586220533565481 11.08625376894967296 12.791481875263043477 13.879866716584315256 11.442258205274299598 11.236679150372538061 11.213209278942345648 11.627546890713100325 12.107218321322250176 14.316613966712816719 11.835304035083442642 11.588901764513225956 11.379362817416225795 11.15871423261346429 13.081483552077415311 11.654136195087311023 14.100169900804697676 11.19805534626449095 12.564122734476347532 13.451488560554981433 11.986855637459854051 11.835466051137370158 15.597347110599599773 11.542879253257655847 11.849725718535388808 12.070389465947332752 13.47917096686611238 12.442888744485562924 12.59514317774448422 12.531794120188450847 12.519305356937769247 12.57381033535944681 14.187330950013809172 13.551229958489686922 12.988545733972406637 15.376274145787727221 14.604114487100739339 13.69467642819394726 14.448121581543825087 12.387224718098908127 12.489107318873681862 15.691636979423705611 13.687425676150111187 16.616919894290500537
10.665426858770246099 11.291245356010271905 10.961491343278328969 11.304024673677195878 12.078684591448695329 12.055091006212652616 11.408641100264256707 10.902205704301779932 10.79687200826077742 10.595824955644525645 10.941435711031024525 11.272589270265923389 13.998302882901370481 13.387759242434137619 11.337586387818221922 11.150777413237696223 14.130537989155067535 13.727123573067844475 13.035770149493641767 14.529884530411614207 12.301413622772903622 11.373211494305584424 13.671901379747291472 15.123026377633031814 11.566886864157700288 11.499805927076398149 11.749489775365457689 12.104718162932529779 12.411061478233911259 12.780717897762864155 13.336867738102098357 12.398193444237344707 12.252285169283922528 12.256781072479963512 12.666173562148166809 13.792928486781177 13.139041928991636254 17.177851851478898482 16.821827153245276776 11.822266491536653987 12.476863829888888091 20.742298016396965465 12.571096880596826395 15.03595192739592612 15.464722974858712945 14.505192520393244138
13.947698129279478607 11.348881031314112633 14.261450712623535253 11.577681922191381148 10.868778734744838133 13.046696302740103945 12.8422393751333761 11.285746771156784263 11.948938673967953505 12.137338862179142041 10.971407924387220234 11.234575905336136259 12.116059638561711864 11.348984928008189144 11.237100457745091475 11.506971015484081633 11.276408946323178029 10.967578957380759164 10.670457608909872604 15.276215207739051394 14.21308739802266885 14.259251825839989181 11.85594534728856253 11.241881957820352156 11.465861594969993575 11.582900352587280679 11.75735369593320101 12.057968976016370632 12.055742226849725185 12.191002323660903528 12.411684358064311695 12.193863989160188765 12.135105535699402424 12.093482306844899554 12.066471531913434134 12.230925626005840101 15.45935247477830643 17.185433632221048583 17.584565279043179231 12.277749363697402885 12.473115503440066476 16.593252325064273833 15.790858260371150479 15.416639035949460279 13.374842423668741986 15.275792175383097415
13.547493833812666253 11.356447807778740966 13.870870634144942812 11.532634672662624098 10.420302000119777475 10.971268055508147654 12.457844487762947949 10.969387968086426355 13.398649932160980214 10.995515935077632363 15.493910114983078685 12.018090807776138362 10.96518245882035103 12.106064124454491093 11.153904983950093666 14.147943869569301611 10.743395272080949354 10.580804053614585314 10.598622421276832739 10.956202446689314201 11.83475948292253932 11.030951642035933702 10.9804445560234889 11.23137471572631263 11.228973820220268465 11.476707423657504847 11.551666860061555298 11.724876613881081155 11.73171851750005068 12.827451950433433225 11.763716533091596261 11.905967886201466399 13.17131330273234191 11.926874835041658685 11.732881868310730766 11.854957476787239656 15.776359485893339141 24.443302366418876659 17.939354035258769926 12.391147875243557763 15.209219705585933724 14.881291227763233209 13.213202124193108133 12.773011007746514878 13.112500891169460715 12.924766579383664578
9.8326999506723105071 9.7729082472479404942 12.092450975535033564 9.6705406791374048936 9.7826164546380862674 9.8707963657839243865 9.7600518423092168518 10.174118851659157414 10.300786740655668794 12.579740328199356725 12.524176048261391969 13.567923028550552544 11.291307758569585573 11.505391945391293618 11.222534925735240918 10.897276121314428465 10.446978165456300758 10.498349851385631482 10.677627685250161704 10.665108717269136562 10.598228819910621823 10.83350732277561157 10.943356513769328942 11.315522498892658376 11.861699613374911522 11.458367066481487839 11.346790424814303222 11.319699652703217652 11.488243025142969245 11.449303951414284697 11.447533511517038463 11.521325067393838992 11.927595756258286386 11.687457594179045728 11.603542525351954851 11.61149049912652309 12.029627810900123563 15.419974222778561668 14.504507917437340581 15.412850937956743991 14.272387548421148651 14.867807045641848518 15.034350634875531583 16.362146669923351539 16.152247033336124105 15.344327807382015294
9.6938692912194461826 9.764744646955005436 9.6770758907612624 11.053864529081756984 10.03840526128091426 9.942472271258859351 9.7807557893434751151 10.037661191389647186 9.7720459251207181239 10.681697652164972467 10.98362154932912027 10.714255956854149332 11.160738214306658023 10.818182092878727119 10.982981950361754286 11.194670391346264182 10.409459107690478774 10.43240054471953826 10.340186173337791331 10.430558651017818761 10.640114003349854244 10.82708336280267325 11.159935733254471302 11.04452331979784141 10.929473862223952452 11.053917691055312744 11.101174824992378731 11.121317799196475562 11.264862652811990174 11.504866968093088175 12.418607148484744229 11.296840617966921627 11.337285244592958833 11.443353842108987095 11.512438973221911453 11.451132831465857365 11.537264818716336023 11.560961550801373221 11.912996650165304402 12.657994018053010166 18.813917193705208319 13.274815904113816956 14.706697136217817601 14.497318980584367409 19.019268152534269944 15.813840324481786226
10.273942673422201466 10.176453964691367204 10.12630336598180314 11.904864849724594578 11.405201111611763309 11.793070189314754259 12.183622654752408465 9.7755239324317475536 9.6808629829061985106 9.7576647330411905301 12.140624404376840317 10.698725712123673404 14.46611507212866421 13.722431030945168473 10.812188988343184093 11.080815065971275857 12.694870095255454956 10.27125507908832347 10.289844664176998279 10.608537656810899108 11.053320578768978777 11.412229628337890119 14.847779708835888712 17.73269434287767865 11.166877400727324599 10.771278815495353598 10.828650230735382465 10.768963905205904297 10.923057383961296551 11.167293022305573302 11.193170003552046055 11.343460766161021169 11.262233136035574077 11.32510660203350028 11.40940722499857074 11.56909066125082397 11.465277292856754343 11.546847744050822371 11.590986767723443052 11.947799622137660336 14.037605051106696763 18.25417818704580597 20.775422701783476498 16.04411405068990959 17.299749387389649513 13.454007721098721007
9.9331376873327794641 13.285730971623918251 10.291115785931902238 12.541530201086072083 11.149966048186902512 12.827205874987008372 11.265416847418771695 10.837581336011783861 10.769643752611996135 9.6652052186417272139 9.7076566372042059072 10.466081522262070891 13.063997685615547084 14.641314060578114464 11.039571991956586672 12.968790860939240162 12.864248735219119268 10.552632773677011357 10.559565413056828831 12.473975230424924732 16.842427066851318074 12.544071919025906681 13.520474372637119487 11.726387562832329081 13.461042826455546617 10.846573660739393219 11.16386930514128295 10.727970878603459326 10.792237703398187776 11.170693882197651803 12.102612518690143872 11.970226312820845038 11.282453361854312135 11.242118764882338411 11.35716926748738409 11.540386024432784495 11.544097593719396144 11.498717108665363895 11.449329803720249998 11.459936074257504046 14.901406222120096245 19.402774542621983755 21.371720514419106252 17.255081272969977846 15.759213074914979913 12.089399767852553325
10.152661340987950922 13.559197218326893619 10.499650205469842845 12.394997937530405352 11.00252566651925612 13.894790822083336934 10.686191760501966286 12.543315162419323983 12.031313006475805594 12.592586404197286143 9.8251691915988921266 9.5596279205455285677 12.10685825441243324 10.966971620631728257 11.200014423158910049 12.80134545730332718 10.584705451488021666 12.043023277610886979 11.674316663350294832 21.343193250318439169 14.350792748747467797 10.806343686609299226 10.625311696106425785 10.399976349911421281 17.678982313098334345 10.593711471466841445 10.70439030492960697 10.732091383253028027 10.815811197907272856 11.049721587808633672 11.158167874168137601 11.221964907712875359 11.1450046853215472 11.286923832671202916 11.21905551821978797 11.524329873591330653 11.363804252264767314 11.264138373436606955 11.283765821894370163 11.931136691423187557 14.553643710246744192 18.177430480563945281 18.522557601895197621 13.03278332576090115 12.034692677502748737 14.641180496228443531
9.9663093880562474425 10.378094456049739236 13.948424902589360741 10.415437798253313062 12.125166026291269716 11.74852054455631567 10.236557833224395608 12.302994934729555965 11.474943221071772115 11.794693188219662616 10.170189331610762551 9.8905616981617558992 10.841841397653535495 10.922021471933948789 10.30537132415072854 12.964121360959895313 11.822661772035878869 10.528906326040665675 10.71722028072711197 11.197727765006593614 14.826172047002600607 10.641227867725230993 10.229112978813896362 13.575119363003407713 12.997219789479911967 11.712624813419406422 10.828225438620902921 10.851984568468482806 10.673038566662745197 10.805371880222438108 11.38985289940281298 11.758948998617627879 11.245826469675639814 11.161238246221332204 11.36572556941384704 11.364982874045304939 11.199092075899816479 11.23997383425034613 11.691161486842531758 16.609534447555446945 18.635696047913544504 16.609576374714098534 12.281332913698541631 13.783500870043120301 12.392303287334147655 14.777352024206049208
12.155811728228155033 10.530605484889338896 10.749246069791473346 13.59077305807462821 14.031456225114707692 12.556415094389452136 10.31886245083087239 10.414112720801973921 10.920028796501565438 12.497975584720631304 11.336274773291730611 11.841046568419821838 9.5894935345952543315 11.878089906102328399 11.938144113686322001 10.123977647933058321 12.846105954706324326 11.868973042308443411 13.674069376469898174 11.800152252585201396 16.081187216205631074 11.375277830118882605 13.634596586201833901 10.749199002854984641 10.833635150973169203 15.176663014187079526 17.181733044789208265 10.938128768095170429 10.694955625850042225 10.689587486737266886 10.720682046029816448 10.822357225842621276 11.089689699110012455 11.28035272538288325 11.021481569557231239 11.242274185464856018 12.226080548104228285 11.52177706688778791 16.319287416956953507 19.423255830872729888 12.911797516337237823 13.101604272712178201 20.033264514740888984 22.690354728790932626 15.188183294264561596 17.076090167559105026
12.298378814177729268 9.7228155339538435697 12.172335199938414618 10.035176573108465448 11.020136725849091874 11.395616114271570396 10.674443627900064513 12.651431441772173159 11.059716444571774829 11.343077849872877039 12.53755395886748758 10.075503159407306342 9.3883838223829823022 9.5511912019170210897 9.6804135735620260306 10.075388204037253104 11.733214880521636303 11.099601221394392425 11.386939133793948287 11.621864957353860603 17.108308865607558147 14.863168858480126033 10.694453613422091109 10.703296495714948122 10.99436358594564922 14.044862437293481605 16.116741031272677986 11.196181965050714169 10.600093948282010459 10.739414697145912569 10.916763003795832532 11.317528493934148059 11.461184467868704928 11.060652135934777363 11.012802972564660564 10.899266924226694186 11.439180205900470355 11.787597744134899358 18.121678383571598658 12.278394499571584575 11.694395187769126565 16.034726029074860776 19.43313547530073393 23.418880337321660079 11.308499719002620409 9.7974037963226479064
