BG_FLOOD/Result/3_dem_raster/combined_dem_raster/com_dem_raster/com_ascii/generated_dem_combined_angle_90_x_0_y_0.asc
ncols        192
nrows        192
xllcorner    1771145.000000000000
yllcorner    5471774.000000000000
cellsize     10.000000000000
NODATA_value  nan
[rows 138 to 160 of 192, columns 104 to 155 of 192]
35.624678565290302856 33.2395452300385017 31.070040930641329879 28.328219726393811584 28.80391900044505249 30.127360316559190778 32.517415859420260915 35.45834825763868281 38.137221435153101368 40.602088082739285824 40.51860667872347932 37.602737135844122918 35.223210524757007533 31.521582098095844771 29.849344018159516878 29.055153889892949337 26.518806054871738809 23.522120801834152104 20.925762544799002995 18.304283291694325442 17.259547430341157792 15.757853050742465228 14.60850481418021829 13.720348232801304889 13.269509313288619268 12.822714461662473084 12.511317160610854415 12.614930172275558462 12.55566889745183623 12.630602365459122183 12.91464334827580096 12.87557015971341734 12.278709155094269079 11.857378812699208126 11.494447754823497121 11.242322359407854293 10.993327642784105791 10.909295914989854737 10.882387596745290992 10.820924002622660964 999 999 999 999 999 999 999 999 999 999 999 999
37.207867485393009588 35.621081972411090533 33.253049510258350097 30.921164264047757086 31.386963062276620917 34.120761982680278379 34.146169540926095465 36.507513198197123927 39.276994676766413761 40.97381498405179201 40.274078441415468887 37.242843618914292847 33.205930737422939103 29.703377016272341393 27.713059882670350476 26.965685089830444099 24.814134885597209035 22.717511411060257842 19.830128042879934469 18.23497636965658586 17.424284097377015001 16.619745808904195172 15.280000000000189431 14.301127042509040876 13.857838807519346602 13.544736253462840381 13.225246223634421483 13.012965898468136672 13.0471307611655849 13.596367377916878993 12.779610346899854534 12.720094402148774293 12.238781615324532126 11.677481311854203128 11.532678874762908094 11.45180264531657599 11.027373133409096084 11.068988484209516088 11.148663872061378655 11.009158318746548488 999 999 999 999 999 999 999 999 999 999 999 999
37.756406278092796924 36.526919726610515227 36.934154705359773629 35.785918897344053846 34.668085936269960712 35.857430035430844839 36.121324811111719555 37.320219852892790868 38.835621447176890797 40.446336063535881067 38.405930511339356315 35.763209491448435529 31.516120401465741452 29.164160285869073164 26.108918566480067369 24.889082157183821664 23.12299358616828826 21.357839036862326765 19.576438533716959967 18.457658352429159976 18.003384550996184288 17.369044187689418379 16.450833384564543138 15.448002423111713455 15.005612774842788326 14.44036389232481099 14.009999999999793729 13.887045031877118362 13.680171913438822884 13.333697076568233442 12.743126400035762913 12.598276037443396191 11.817041407940454434 11.60191267146943872 11.623216825207432379 11.566706092675440587 11.260408432338277152 11.282731325625285024 11.375889591506970433 11.692102133705809308 999 999 999 999 999 999 999 999 999 999 999 999
36.407234497153396546 36.879331523360917799 37.040814670396251529 37.034258563966204747 36.705941005906240093 36.164226047136473596 36.973379225808272963 37.135940481408091784 38.530293951564864585 39.658711046583370319 37.204590919987133191 34.444945959843806804 31.91641343092603833 28.773175032787804639 23.837564187649515901 22.598487868179372384 21.396298563501083834 19.403520178000977836 18.931596631963710564 18.870860112913010909 18.545147431502346791 18.166502646252187247 17.419147722657029931 16.633641734947516966 16.046560846632651476 15.421451546328183824 14.927980407443111943 14.63127243501807051 14.454294785334575124 13.617760005082486074 12.946740082323309196 12.151347971066531528 11.653588382786596256 11.643402851315629576 11.682463863580020202 11.65689902904091646 11.526546364697386693 11.593376909673953179 12.143550936547276464 12.557919817336848922 999 999 999 999 999 999 999 999 999 999 999 999
33.469365111887483977 34.822226044416829893 35.646591668269351771 35.858492300214557247 35.251849429402078329 35.289173789663188074 34.303556957783051473 36.377996191775736179 36.788045705826618814 37.556214178159045503 34.643521997852502636 31.068613073898539767 31.219682254492060025 28.008710921598819255 22.140791133210829145 20.688550891971871692 19.890356536821617084 19.308542432383866583 19.382390393318171817 19.603479989158660857 19.852825789983096882 19.59456367178516345 18.777250894228583178 17.228678558284645561 16.907102696612817283 16.675086437488459978 16.014651831138500881 15.187701475465376078 14.772642722030623119 13.944499683014830893 13.081413639238858693 12.19278266142564604 11.875550197079901338 11.722579115364572644 11.755764793419960057 11.860425804142581185 11.722550554927259725 11.858047529303595624 12.541245783942828851 12.973817219862125327 999 999 999 999 999 999 999 999 999 999 999 999
29.718318460122223001 31.470377763986963515 32.305778573943136678 32.660404007649425751 31.952172644716572592 31.178490673078194106 31.928070416074309179 34.24438103939608169 32.634365538762168057 27.814993691594171565 26.20358595182088024 25.615761247131640488 24.045735076602049674 22.590351073806804294 21.615615889590770848 19.881896603774752208 19.445163509479090891 19.303200138556281473 19.938657863992396813 20.459175256624437367 20.16806271657540961 18.47586175231551664 18.075631582033718558 17.749957376827101285 18.454164705566210358 18.674067114852672233 17.49359114026657025 15.646294569033319277 14.881004717886394673 13.864427322878713156 13.053506851499170338 12.414785697821317356 12.122015280870257925 11.959334043535598369 11.965482225482103829 11.955030059055081537 11.939915061975971966 12.119339803029431479 12.777948557130525131 13.143698849051222766 999 999 999 999 999 999 999 999 999 999 999 999
27.332489694040546624 28.13223288800282873 28.71868524473947204 30.883185516500827106 27.805977562685711746 28.453734359350519867 32.183821244199670275 29.118879019102777761 24.642400913524340922 21.711286097192807887 19.640054355556596732 19.468428853534490486 19.306089511676109538 18.760873209378420512 18.889108596901941439 20.209397115062088801 19.770207194150618335 19.201189881326889974 21.09665127903195625 18.901800607161163725 18.536803915289343792 18.351804912156779892 18.623114528252909139 18.770236060708953119 21.567246642971149129 19.782065956575664245 18.34743159794544809 16.066148930072756684 14.430312851532750784 13.76908508211634441 13.134975820392948975 12.661282678862095352 12.417265794826240821 12.259289138458568047 12.198373001128768323 12.24554638145754204 12.172748384987361447 12.308145861284916833 12.780387160541774705 13.10413938707994852 999 999 999 999 999 999 999 999 999 999 999 999
25.919963799948490646 26.668866098801039755 26.362976809886554008 25.608373417231099722 26.35638953178220234 28.863709673579062809 29.708581636800914794 23.110042481467097275 19.247085399442180886 18.072769509394206011 18.16250346461632148 18.222727004151206387 18.220348502921059008 18.336648063405110776 18.410134698304879919 19.738238913421259468 20.720244123254850876 18.852185584769895144 18.679792916010544701 18.629842764644529041 19.049540424338275102 19.846175872676262486 21.092690643783448934 21.216662956493365755 19.373486946727208391 17.323777067118527384 15.804653364951851913 14.874316563153259452 14.348461959523206133 13.769331844867476633 13.316603172256558096 12.969177761237963509 12.655196095291186609 12.492654747065659038 12.358468092003215943 12.404214651104158662 12.359979974912473466 12.402241800522595838 12.679499456692392201 13.023201102229077009 999 999 999 999 999 999 999 999 999 999 999 999
24.793945431616521091 24.277529378705612118 22.729567407256435985 23.363219957979961094 26.362825621008070698 28.257458148463818759 26.577339259508772074 20.296083569357175946 17.527025986188501605 17.452787678888537215 17.714253104737629485 18.025673485244780636 18.135163286073954225 18.213081225274887487 18.364784203127580753 18.531389948598118167 18.611555026218969289 18.660721756749296674 18.85837004447948928 20.379991539846091797 20.31137760324608621 18.498825992696740883 18.132789538421736353 17.672553375076386573 17.168434464343235391 16.590139193068996093 16.064069184573956051 15.477610757098593908 14.934750881598546357 14.465888624110069927 14.061405287047559654 13.763220107607361697 13.406505400256246929 13.169124182459738037 12.893813667043463767 12.685798739543365343 12.628425177219824604 12.679051472517416599 12.676968987258383947 12.888800648813562688 999 999 999 999 999 999 999 999 999 999 999 999
22.682506232859978468 21.541726254297426379 20.541062528390668263 21.212603711249244043 24.582067263556258041 24.850118473761277471 22.585185475677011624 17.503096016670014023 17.437258441494201122 17.406336970624462168 17.55018475873436401 17.85618956650342426 18.066442221593366213 18.210609832679292452 18.402316437443108299 18.465400614564451587 18.565219482908172921 18.829280911275482424 18.794504839529658113 18.952981797223923621 18.341551355099316112 18.215201334905398056 17.99137162569361692 17.682343314269097334 17.306027172869011821 16.863925903974685383 16.346284172880132246 15.859954041847901252 15.254058190712489917 14.780585625109257109 14.392227208372796454 14.055416048075775493 13.82825936984630566 13.475676708735210951 13.378290664405652066 13.108212439471362387 12.959330376613246827 12.943732434099375794 13.025985710684121699 13.13644873312613548 999 999 999 999 999 999 999 999 999 999 999 999
18.166150611739915632 20.740596641335912409 17.932692018228344466 19.833711689387506283 22.882981548685066286 24.728837063292811393 24.457979619680333627 17.818918103376216067 17.039592269562106708 17.347106433873239695 17.446286151033206124 17.696551539393873043 17.931246809318434288 18.1949897543433039 18.289916075430785014 18.483971790214702935 18.662983556283172959 18.788589001593720695 18.78001554196213263 18.643925072684574218 18.47990933588366147 18.374906675028189085 18.494617047646521257 18.643189577842981919 18.438535133903901198 18.347713237356568783 18.00562930223933833 17.130845548775251785 16.640193413700330893 15.313157319606339968 14.569170215589620554 14.116141060165460885 13.902876059097104999 13.697994718220197541 13.520745223696598813 13.399155765600024637 13.235619018745708786 13.186828281811969532 13.33589132598461191 13.24452319465741823 999 999 999 999 999 999 999 999 999 999 999 999
15.573587040189513786 18.607564920047874324 21.260773199668388855 22.677902420863908617 24.649528381270787492 25.75964915159197588 25.019662242206393898 18.970015227726868545 16.975868189284994969 17.072422841034342156 17.383795176461390497 17.623753403981474719 17.822677870701582492 18.094315913196751922 18.326948960397604793 18.647041614670655463 18.831751003942212463 18.93102742942256711 19.373743629275089972 19.199165503650924336 19.273312774842519701 19.113618725565189038 19.38476524275597157 19.322833269802156764 19.162961332056095642 19.011888643510509667 18.946609161499029739 18.766386436581086627 18.298770199986932994 17.39539436238520409 16.569351772379640408 15.920088723636322214 15.580086872179700563 15.241589788764640545 15.590864808055240331 15.671553462632656917 15.441492644538547196 15.402960836448613691 15.227481632762025043 14.711869444512904792 999 999 999 999 999 999 999 999 999 999 999 999
15.990823525671249428 17.406990036767631125 20.950879847808071332 24.083583128024070419 25.769626715956110985 25.300410197586046479 23.098080629943609665 19.074303392403720636 16.841911976568550102 17.898802986428140827 17.728369510420826316 17.394732558942820333 17.567057692871976826 17.948702786767768202 18.264667588538276988 18.5800035842472262 18.863729697749057834 19.038759989093403391 19.118196905840608935 19.360383121100802839 19.562044126140651912 19.554514632457593137 19.768844676438380503 19.318775881437549202 19.734994830776482644 19.718922245348867506 19.194698743522433659 19.046569105870151617 18.813987951976592683 18.451460788997383844 18.12680731102832965 17.592525649485324379 17.331539163786985114 17.31589269150147814 17.6424364431499896 17.77537247071840909 17.681113029340771448 17.539524625198961161 17.233883976711194208 16.600446855309879624 999 999 999 999 999 999 999 999 999 999 999 999
16.048981376354717554 19.307239645546712126 22.292892718253991546 24.526885083694811129 24.766388481685122969 22.874555008874708051 20.270246263049060076 17.152199517402245021 16.544933266862365429 16.806946585551965967 17.106517699629439022 17.354313425655497838 17.582336315920798597 17.850221853866557353 18.027595269555281021 18.546572092442470847 18.718484262378307648 18.992730260050240787 19.20406795148173984 19.409168954778245109 19.621927020628852745 19.592824258194969644 19.583750905031781286 19.392973904876605218 22.063006848694364237 23.071668033879330295 21.782206288629531343 21.445996568643426627 18.754810164488720403 18.697056710859577322 18.344698450033718018 18.075561286688852647 18.033289151971771958 17.892821622085108402 18.213050237325077774 18.240075692103197014 18.621202807120070588 18.660937841221599598 18.440094704313658269 17.743770465148692494 999 999 999 999 999 999 999 999 999 999 999 999
17.622598482337931358 20.106343713212122992 22.327813750352394351 22.508785618380986904 21.66446233695561574 17.011811881531723856 15.68441473618348958 15.778445754932009848 16.2073193067912662 16.573190698657665365 17.776920854811709916 19.102389668307662163 17.557180838051863248 17.588792747481306833 17.789012255799345752 18.280185553025333434 18.637775407073824852 19.256612428641854962 19.447994092317934189 19.702601747013314792 19.810396969812092749 19.663787733915196299 19.467915150445989525 19.361175006023611189 19.640168578762715157 19.741763599881554825 20.355474858792476311 19.078371434200189327 18.769293828967335003 18.549276506773566098 18.291074482085001307 18.102945589739672272 18.090392166376545902 18.14561754939353122 18.19829668157589353 18.342750789769404207 18.607470727038865732 18.684635339505707208 18.564896291355008628 18.498581475796310514 999 999 999 999 999 999 999 999 999 999 999 999
18.414379958654130576 19.115969940794741433 19.994523614573356696 18.666013669610244108 15.908108247324017626 15.070395201119401563 19.536196769332843104 16.379438017791851934 16.349169093857053525 16.283632918396875766 18.204170836973631253 18.465142074321967414 17.661070496580428824 17.254848197597894455 17.755087021175420148 18.634389215675930984 19.3256755714120807 19.984464889107961483 20.240596326675731831 20.234012458222323971 19.771841944461826301 19.609825803482316076 19.504925125394141361 19.750698324519998295 19.328160716346122427 18.842185984924046949 18.955972249939243568 18.743901412827632669 18.766531215824102219 18.570967717384839091 18.272978503273073159 18.169503219077409284 18.164873513646597303 18.134154950142800544 18.217840919219263185 18.376427286164314978 18.379795130134084502 18.380431282873178844 18.403891954967392053 18.455527329699897621 999 999 999 999 999 999 999 999 999 999 999 999
16.842348857858048916 16.754744394607769209 15.544432414489582683 13.66790596008979719 14.625280773473928519 18.097663498582992503 20.385904742046133009 17.216995330340445491 15.653651357581777503 15.7973338249704085 18.488866096616064283 19.108436822862245208 16.855950893047225492 17.357800961717043009 18.096482487844717468 19.426228914931751746 20.65214840937366958 21.452384492193328214 21.557219344240206027 20.580198175763353419 19.796399225422959489 19.623089552874091623 19.397164416485260574 19.089998854322608679 18.900671816341976239 18.523549338805523234 18.621326484436213633 18.678992102960371824 18.706504201322943004 18.677797648522105334 18.30119982207533269 17.87951197027016903 17.991283237451561661 18.068477473877184281 18.170431055298148948 18.202880863418524626 18.261510797654519678 18.271317953580247462 18.266837290405831595 18.35717371370634865 999 999 999 999 999 999 999 999 999 999 999 999
13.678853298737870148 12.102503406065853397 12.525397952343181984 13.505001700262191378 14.793014229991417352 15.241698159212896613 14.954365113299742163 12.048584460495224135 13.117434266276612576 14.225678033946262957 15.359547636892182609 16.316176937363174204 16.775378541825464396 17.465176043797551841 18.847140292026995922 20.768704720180405587 22.381263871127007548 22.705957360086276964 22.090555326090075994 20.277389149847799388 19.766474682046336397 19.565293951311865328 19.219012231502489385 18.745461029597382918 18.6371753647159899 18.540311851975850743 18.678108915632378739 18.850064999305654823 18.94146276411450458 19.269824399399006154 19.081740130932885791 18.749153601709792838 18.280759210202319309 18.194558130719837408 17.887129615297595819 18.046461461502261159 18.154722412313521573 18.301560683180078115 18.338814238725593242 18.415182959856704059 999 999 999 999 999 999 999 999 999 999 999 999
12.732460620618965663 11.864396081323462795 10.754202465369743891 11.116246529791869335 11.370713479987383465 10.215750295243894996 9.8558753729134771504 10.561447136667107216 12.171693956868322672 14.355886920500779524 15.478713605798837705 16.070289557629472199 16.630307200725784611 17.968554054446332913 20.425848612581599895 21.620985874203931587 22.733083158672311441 22.998458673262025087 23.091334147058713455 21.807437992159620421 20.20991743832923504 19.209470400775330745 18.45418079461754246 18.024520727859172808 18.149072588600343892 18.582833439737310499 18.797496467522748276 19.067915085996464342 19.871761975645853227 20.594114940846417028 20.976365062204468614 20.867447475560105374 20.29362211264447069 19.531657296902594112 18.68312835345513534 18.537290808303946932 18.217675185697387974 18.088540218217474376 18.315471070837844536 18.273897457108663644 999 999 999 999 999 999 999 999 999 999 999 999
7.0615211553840211423 7.1197897487818249118 8.7909308250670950002 7.3538253667720887563 7.054459159678006408 7.9251726760812593042 8.794992176858917432 9.8846522714991778003 12.341303071515385525 15.304713299702635609 15.818004760439924539 16.360515184506898123 16.453308019793851713 18.734660015888589868 20.507594773205614302 21.747508910423626105 22.997742592938351436 23.723053930975627424 27.491409175303676449 23.196614579652617749 21.646646866126609154 18.864382275701817804 17.263904988185107214 19.837448589731341286 17.614815864092943087 18.542978595674775022 19.447683294168616186 20.122447967788602341 20.621467542332609924 21.031521091422035852 21.209628258610184304 21.315498976212275295 21.463611255863149552 21.336121313037832437 20.574052619051272472 19.480978276703403651 18.702995321975134146 18.53534238158438896 18.60049489073367468 18.409653310389760605 999 999 999 999 999 999 999 999 999 999 999 999
7.2863687030084927088 6.252341238826886638 6.1710570830925792762 6.3800425391698478705 6.5532950394177724718 7.2313687399477259987 8.0953512192281067428 9.3609106390495444572 13.732432272393729988 15.737559197886600515 16.004896244629250646 21.396273858717282934 17.003896567330578193 18.649881007267506305 20.272867186684443652 21.760058940416175943 23.140402283706276165 26.630943337014244321 24.735115080697458012 22.735865702672349187 20.240781440538654579 17.211232431294217093 20.126783112977861379 21.53875116845151183 17.361460805655525519 18.819507615739947681 20.094929836652248412 20.671868360252396712 20.886937931235745936 21.308466678099833302 21.345819847758622956 21.395373748889181087 25.446902435378948582 25.174747820429846712 24.366215629689527589 21.237333383161860922 20.035237219187681745 19.413634966206757326 19.419072271696041554 19.000814429731789801 999 999 999 999 999 999 999 999 999 999 999 999
8.1599928928613980617 7.1608954225609142696 6.5204472748108814883 6.3701696507268890102 6.5063956169988470535 7.0645882326866535905 7.5917571537955579331 8.6827241930925982416 14.393485107326064565 15.878358191714518455 15.977665495512285432 20.54654503733060622 16.686650995929330321 18.671376410092840104 19.863639926518203538 21.428780828741331277 22.293166004497471988 23.165221480681012167 21.747088015998848221 19.409641618470949709 17.267592504487414118 16.9053761130740412 18.53891273673868767 19.370236102954716984 16.703002064278297922 18.281946377955396343 20.006174625010157087 20.475991710237902765 20.688653837212619635 21.41154747421083826 21.414117008341630566 21.481497853379465823 22.07851065313624872 25.4531282264200307 22.324980836396019157 21.728090323814306828 21.131452939749181041 20.539162593859661143 23.323889468204523467 21.971563722033096155 999 999 999 999 999 999 999 999 999 999 999 999
6.7904548254207224289 10.050221635859520219 7.5339841250187236099 7.6825685327259067847 8.2257884001221288628 7.5372834205306737942 7.6423072345319473797 9.5417111920894601695 12.563422197110924117 15.640958715191798589 15.791518041716052778 16.180357143042332524 16.649367420721883803 18.61141521788445985 19.678416180681526981 20.455052091331445752 20.684271623085383141 20.092529701673296216 18.298702588653011247 16.168632462217452428 16.328871118813097496 17.452267314904375439 15.237459107534272462 14.719118287141903068 15.978053255911685682 17.591828829937455225 19.514919200516185782 20.32844704822215931 20.719694334752251308 21.024872431411353091 21.263435019594187025 21.516523135836898462 21.662760104232731351 24.611536371433718529 22.694495354563006373 21.717442106613546571 21.515638319831072778 21.267600679596888824 21.665787415071665833 20.103940548403400612 999 999 999 999 999 999 999 999 999 999 999 999
