BG_FLOOD/Result/3_dem_raster/combined_dem_raster/com_dem_raster/com_ascii/generated_dem_combined_angle_45_x_0_y_0.asc
ncols        192
nrows        192
xllcorner    1771145.000000000000
yllcorner    5471774.000000000000
cellsize     10.000000000000
NODATA_value  nan
[rows 20 to 39 of 192, columns 92 to 137 of 192]
999 999 999 999 999 999 999 999 999 999 999 999 12.018718419579782264 12.257545365942512205 14.440135445690783556 15.497375057817018629 11.92980335702361927 11.693769759161099842 12.666527359446655865 12.583991316529330007 12.6065985961436553 11.792249593246788564 11.967435601094932096 11.579818783322380682 11.749414216307934922 11.84639485223372013 11.77194814310610127 11.844541670674123779 11.952764924545579817 11.97831061351618942 999 999 999 999 999 999 999 999 999 999 999 999 999 999 999 999
999 999 999 999 999 999 999 999 999 999 999 17.469242531493929249 17.357435184542278961 12.347215513668858833 11.767591440774417322 11.633364034553071775 11.487858364493053642 11.502609437574541573 12.047201235709739109 15.194228150324956772 11.739263882017604956 11.763141130830527814 11.879171515939274784 11.830887096156022409 11.798110942622491493 11.730268225838456075 11.780315529320532164 11.880747770375178263 12.000568528636677001 12.065570872878520703 12.870509452966151898 999 999 999 999 999 999 999 999 999 999 999 999 999 999 999
999 999 999 999 999 999 999 999 999 999 14.104549141465613005 14.218728817858597324 12.628574795109969386 11.927375611954722956 11.660963040557261294 11.49576035103425653 11.420977484500479449 11.302305061254807939 11.471283241686977661 11.889801740921670969 11.756871251726940031 12.518010389990523734 12.900432126662165544 12.313536702017490398 11.838094465786291209 11.932198379081532025 12.157713907737962344 13.242743852049814635 12.622221711856976611 15.773046660717788825 12.46577974634347008 12.692883745550338048 999 999 999 999 999 999 999 999 999 999 999 999 999 999
999 999 999 999 999 999 999 999 999 11.568556726123077283 11.70269133822981189 11.725232850851863731 11.63861870932224285 11.61532888143727682 11.574319392186446009 11.500372033168950736 11.516789359108466684 11.530790632514262839 14.784517974751723912 11.644600999033229982 11.523145592385303004 11.719463314458781866 11.846173186242751285 13.444270661833348512 12.1450434388549251 16.977678307027751714 12.622174229762359587 18.607609246197274189 12.841869618684498278 12.61412739266601335 12.732365623448842484 12.433877063318520939 12.46300711410991191 999 999 999 999 999 999 999 999 999 999 999 999 999
999 999 999 999 999 999 999 999 11.382717249880174748 11.564850550735490842 14.867044184726166733 11.671677372851283039 12.00661294344843455 12.1954973268527187 11.591909602638919452 14.873162019897016251 11.402303647990203572 11.286189208324406863 11.096158770789894987 11.268303144760038137 11.414616045186368964 11.548124709755594353 11.588060297701744616 18.445710686500635944 12.457946369536369247 12.880400390945229816 12.314556829543272798 12.721756516483257116 12.725596421945530423 16.869869792884294668 15.352967067050698802 12.446203098006526133 12.674675046454884964 13.307199924801057733 999 999 999 999 999 999 999 999 999 999 999 999
999 999 999 999 999 999 999 11.295010327378030013 11.330798730338143443 11.465758562535485865 14.209062884818321137 11.575777867928875864 11.601185809650234049 11.526494984584571668 11.218998136510881736 11.127786449785551426 11.152184532953837603 11.212696473978468248 11.317496474885281543 13.044261505491673958 12.185228493041968534 15.823206448711173877 12.139474993853022866 12.179116146510427399 12.109951968371714059 12.495748973549021699 13.898964890620330692 12.764655277869580985 12.412043965393335654 12.707362571630980597 14.684816318185086814 14.202885694241858872 12.521844665188659462 12.075273919604887496 12.468656784952267813 999 999 999 999 999 999 999 999 999 999 999
999 999 999 999 999 999 11.279108485188327649 11.291522552629340126 11.293871680142299141 11.371008601680163252 12.368217291582409345 11.406335779016290033 11.35607010242814674 11.333003386436137916 11.212886399046913866 11.5100681594542813 11.678890983784061319 16.173535918147770474 14.856324719888830188 12.364543017213616594 12.375314704664244658 12.335134688270816383 13.234553240881259839 11.984520032059133854 12.09287710489947365 12.178179773698776245 13.256301041056504531 16.683006378904817524 13.76485244133541741 13.338676435778827667 15.572659422863662115 15.153315660581565538 15.573605048770835069 17.111860023135442077 16.410685372320273245 17.138501307195095791 999 999 999 999 999 999 999 999 999 999
999 999 999 999 999 11.184777027214691358 11.466119920077534999 11.409986448804515291 11.27595828462143146 11.309631138507935333 11.633556790150121785 11.466173887045821189 11.282935492601314564 11.865943068830398843 16.313646506247174273 13.281322375494791999 17.355430365937298376 11.708812417990332122 12.126033545502210131 12.542687057468423717 17.858172257152890694 19.412102869485437395 21.506309306318453167 12.577539497692214354 16.148857595894110517 19.960741335425069565 17.563240499068673017 14.217048558209560483 12.968927504582227428 12.964465421119832911 18.247833863654360442 18.410605192140177877 15.022751823691125495 15.391844042867997899 13.81400630851658029 15.805845465432051711 15.499095798386685274 999 999 999 999 999 999 999 999 999
999 999 999 999 11.00452815749985902 11.088724246683737462 11.247118250865725031 11.375442922939882351 11.388075052841703183 11.668490670945473653 12.03491145143705765 13.196278377911063728 11.234432597649462338 11.706320196321152949 15.074869758802195818 11.77517846031201465 11.651697413111380186 12.429381798440688911 20.291147605580516 21.275083516416984253 22.414853943130893299 15.216740050689770314 17.909750315921687758 12.825161820273880409 14.922720191953958491 14.269753227788237737 12.748055765044764343 13.232266546828485687 13.931801761838373821 20.157244059485318388 19.785759478151359048 13.672169902407260267 14.215645118675890757 13.564792883598027373 15.111275182832020647 15.25930704529018378 15.474764270718321058 13.881107068203766275 999 999 999 999 999 999 999 999
999 999 999 10.989153314031705477 11.060468499995000258 11.292141885135762891 11.745247390184704983 14.436382213368856853 11.696121819904121253 16.855713454500516946 11.685867350742162429 11.333425938093069973 11.1947146706872811 11.353151070805804324 14.527298221306926607 11.727337692856039553 17.496920480992773861 16.7896563673578747 15.3950777658147544 16.064337535101739007 15.195602725380020104 17.358290325978213531 11.911610642435844554 12.567678269436040495 20.424705304019138197 14.190674564244179834 13.490675663488945091 21.166377977424609469 26.777148516872390616 22.493626294128350906 15.838117674838416704 13.676064192380060547 16.39122195589046882 13.482726862261447565 14.221690811752859318 13.297307537370077313 14.125339953869787024 13.522630845734923355 17.656774825089851078 999 999 999 999 999 999 999
999 999 12.330196776074195952 13.223918128977455666 11.324400516847530795 14.247249471977324831 10.956550333811485132 12.379869831069269637 11.434103938548494384 11.397457396329503609 11.674480032554559017 11.871304270490192323 10.981472652295192205 10.934635544513579219 11.090005167143855758 12.90319818854798406 16.328281553834322892 15.104975486413698249 11.905024663964020704 11.677842268007061932 12.41184659399787904 11.68890266227822039 11.764290569473619286 12.594475729603679781 15.056760676181278669 16.23042912297880136 16.746421958351614734 20.021178161128940332 25.806192656660755347 16.846720687799940919 21.914410954545193277 18.977519012439032053 13.916735567628496284 17.264727135680487891 13.98291452976927296 13.005587674800146658 13.097492849605838927 13.246810058971510315 13.459081124418226239 17.636542871508165575 999 999 999 999 999 999
999 13.064391384928880413 11.203269887656075454 10.867720162882465118 10.918257648213582911 11.126247628177420523 11.426755523544853688 11.546336101262562934 13.634430265778668456 15.904449043542024711 13.603992103635489386 12.995755441733594537 10.893522716056596167 10.371993308857717864 10.059921509638391157 13.529130198595161971 17.10536046444376268 11.447905125887157141 11.282288484140000406 11.533950605352440988 11.510739326873300925 12.281007155009707077 13.30491865818238395 23.500754792975271812 21.867178007874557011 16.419302541606324297 18.189805523977344848 22.626425768295920449 16.871921986156561246 16.3258512152094859 17.914657231568195783 18.748727147066457377 19.153133179221416782 19.32557183559886127 15.094501796669531402 14.126841218608108264 14.484849949213735698 14.418256169151279167 19.133375531559934757 23.116352022033240132 23.182022412979033987 999 999 999 999 999
10.784655883970311052 11.297200716443335011 11.911133325623520562 12.919341292058359016 11.614743169909806042 16.99846482741214615 12.577937242731563217 14.022114310189079944 10.587164074216518728 10.909746698790957709 10.90038399017072912 12.602739144656089465 10.679239468773195298 9.9420937281921819562 9.7126058171115783324 10.758459092755217057 10.851721390836047476 11.143010049142601403 11.305998857514167 12.016214791535581696 11.858539057289441132 13.611789351909859391 19.797055550674265589 22.480286137492036858 23.360132223838917298 15.504433521949724906 24.257654920538310961 18.116635282321020384 16.64997368844051806 14.851655043527404843 15.552254059471982472 15.219598428378612098 16.358814599785411303 21.710666520327301043 13.730630452581356948 17.319757164437255881 14.281559726325552262 17.849825888951183828 15.951606577896940919 14.139744341101602387 15.824398961473287173 15.535178577346425044 999 999 999 999
11.550258418341881494 13.480188272805810001 11.519697115416619226 10.797549321566703995 12.082879153644292103 10.969446811325036961 10.709515057765385038 11.092332630066239929 10.9040880681676704 11.076223095404923669 10.575842266898618504 11.003819199747859159 10.411289445310456969 9.6499080251939766129 9.8850656437532862242 10.624640646755072027 11.423578322105898408 11.919842351384581036 11.371446180378519841 11.848360663362042189 12.762709784324892226 15.553527524896978207 21.086995784430001777 15.965187534995923357 18.43742855258676272 22.562339851724939166 28.236971288492426879 19.728091046949177922 16.572595235955841275 14.766827225172306726 14.468599718279737232 17.806139212081504297 18.134902085286888962 18.956191189362218807 20.066629186025927822 21.170067188821523274 15.181271267597908903 16.123742676205289115 15.138178561000998457 14.715717311806240986 15.475963740531200941 20.012940867977295767 16.191643510483643809 999 999 999
10.082577480594940411 10.158735227232227771 10.292987029718419834 10.730203587833598178 13.307837470491092446 10.431619414759349951 10.301124355799043286 10.409802194595721758 10.594246579179104728 13.261956582867096444 10.428222485329161628 10.551489269943752802 10.145006019533459707 9.6177449560588890165 10.69678709565861574 13.559081671470433861 12.170445050037413282 12.202922844890043308 11.986310788644226832 12.685601711614715725 13.55219056548843426 16.400407920139130624 17.602533623515924432 21.347268263135241284 17.740919389459012478 23.731162098038883101 23.359669096882999639 17.274639045390639325 26.855853924560161516 15.480601146935272894 14.528577793194919821 15.281448661970296499 15.445668627520552363 17.496153991552674256 16.581938715322067424 18.60414404350379769 15.212533375860132878 19.157190410491509169 20.336733493246004656 16.220153839808983065 17.727093134017497533 15.593039883322266093 15.3529236071198536 14.454962370372227198 999 999
10.035432509631245779 10.144979680614552464 14.142637206167931296 10.359483568540715837 10.279291821026655285 10.323278237573376259 10.306583513992208623 10.311927379547029204 10.340784345844523884 10.702631689713280494 10.220854023413570744 10.395576592721099018 10.251623373540903472 11.155120060627806922 15.700507455006436075 12.292455887040572904 12.218712900615447126 13.637635342529467408 12.71656592846780498 12.117105379207933069 13.595686805088949001 17.835756888398282882 21.782198140056717506 20.558933164139340022 14.477865772481271378 21.429381649953903377 14.980044682434842329 15.588780110530329637 21.030417942616651317 15.961750266637688256 14.841974832357255565 14.933975731024350608 16.631258116923230972 17.084600923851386511 17.925658289073968632 16.923427734765851937 17.606885520276343016 18.828216990217985227 20.966386183407163202 17.860792256907711106 16.250158912041268167 16.14163324763868701 18.998438230171455388 16.521010653316380967 22.755853708209020425 999
9.9399042460384059439 10.303274795329881997 16.545633428365665196 10.548781278698514896 10.262875581720804163 10.311517856132560667 10.191416743578445292 10.259880018166498417 10.545937375036672279 10.800032360754444838 10.561012642125655603 10.529037798606575294 17.013429290268334171 13.274330518192996919 12.337027096343556209 12.074741639498023815 12.345888743306066004 14.141741293165116744 12.641735547949206619 12.576071512309953349 13.022840184738216252 13.546408514169069548 14.973412840788871137 21.267673034679717148 21.520330572384818169 15.191723214934549802 14.236470101901346652 14.994648098942413128 14.807143737538247308 16.033708215347459713 15.744589369828506875 14.712741265897030019 16.226562848417831475 16.248813114650232592 15.3240034702617276 15.816453492058355934 16.008502787344479401 17.096754297374499032 20.894386553652509519 17.865707408975669779 15.462700768918457683 16.18937912805513335 18.909985660026261911 19.253099944729083148 19.853069335281013252 16.175811367453523104
10.091201376353978958 10.244700398776428685 18.639009784414785287 10.553269617955455928 10.168636018611719507 10.15472073009804177 10.216153772509178665 10.121448693031663169 10.319927384510956259 10.65902620026176173 11.510291518890094054 14.058687601773396381 12.651613673914846814 11.919128219605932273 11.983262501109026132 12.166247733790498842 12.279201339855545072 12.54319899774984215 13.171470999988697415 12.698810536460566567 13.004275797479071031 13.227045901056399657 13.708195536970544381 15.672758449642978817 18.052295476436629684 18.936116141508957611 14.520842253538427613 21.573775656311337201 14.915426353641670687 14.348170904647437496 15.573777571647308804 15.848989767456211908 14.769650528248371657 17.17041134537408098 16.822886566733156855 14.53581866296034697 15.114537390111962623 15.085594705250883862 16.052978505335779857 15.525850330681718603 16.802925194889674287 18.275230517502652816 18.20035409451622499 17.852079663695988643 16.141314845058705174 17.654216590355325422
9.9937951463444161249 9.9838948214347649213 16.411554117269584907 10.514177210330341694 10.050175472932998844 10.148621252658509562 10.134769013868517362 10.130387321700455416 10.189908059965045339 10.583766994221447177 10.586102178574032351 10.505675950416389242 11.625305788085777081 12.035906614518875557 12.046969848217035093 12.062720744782215121 12.224086519935802642 12.41313259279260528 12.743556439373834976 14.60084189849749059 13.03009568646044336 13.483595432367479816 20.12623209264452484 18.089591133509230758 14.123005245583319933 14.563961469202229893 17.819957996070066031 16.962756114878580149 14.523033310433870469 14.265616588932967801 14.442729491242472406 15.034242622784638854 15.139042864553065471 15.7537557253738143 15.221612085199216935 18.745973377513529101 14.547517424766187588 14.836693766941557726 15.265536268862529568 16.125086210742335169 16.011846597062298514 18.863379694631291272 17.231373334993655533 15.586626666809275221 15.285628904071586476 15.554369697208215939
10.90762576187389854 10.018048326239663126 16.65494759146608672 10.630870739072381781 10.134198263253844985 10.157349235873848414 10.157543813324643622 10.104339328033765 10.141984592836717383 10.367636856983823535 10.815821935147782895 10.196890883675488126 14.588754527318917198 15.982112178047573892 14.6815897067144423 12.152906541604764357 12.26483626627715573 12.409540774212677761 12.615772054453600504 14.728894935847549164 13.722160212361462328 13.301633853511850347 19.212503254549577747 16.987017241326082484 16.640708496054461563 14.350644534565526911 19.59642569685469482 15.110939199539533462 14.140294709520663474 14.492274961818177204 15.293032064379906032 19.57742154400323642 17.230421593521558776 14.770761714839679257 15.532558284525494585 22.556067337851231969 15.313723562275542989 14.7998649913530258 16.152346294339110955 14.969909175979507765 15.839389561435607945 16.299404938462668468 15.65481578524795836 16.849375622782101658 15.686930823986429573 15.979101219467260364
