BG_FLOOD/Result/3_dem_raster/combined_dem_raster/com_dem_raster/com_ascii/generated_dem_combined_angle_90_x_0_y_0.asc
ncols        192
nrows        192
xllcorner    1771145.000000000000
yllcorner    5471774.000000000000
cellsize     10.000000000000
NODATA_value  nan
[rows 115 to 137 of 192, columns 104 to 155 of 192]
13.616319650894022075 11.218666957117367389 11.37873987327184544 9.1260426073497633581 9.2629446665855645904 7.1643499089252813405 6.5370004695566104047 6.4742161438587233491 6.6178149319781516269 6.5411900766427830689 6.9236937342025006714 7.2274549312702882631 8.7044255840073461172 10.246999047585658715 13.297436144964327909 8.2641305223271341873 6.6120560018396989932 6.8256646724224507849 7.1975756721066987964 7.1774037719724157469 7.3128589209251320113 9.3428140461929771732 9.469617916953904313 11.937206772776249863 22.495702490761953385 10.929590316632141977 10.317278417115353761 9.3643956259129996766 9.1932747063929447506 9.1165559904870629993 9.0334988346252860225 8.9075842423230575662 8.8536167617611916114 8.7910474530135918059 8.5616771040292380945 8.6346548103346254521 8.5522295633212976895 8.4990838417942455862 8.5304717223353758726 8.5792377568362248041 999 999 999 999 999 999 999 999 999 999 999 999
9.2724748424674245939 9.3143318150701190916 8.7034863395605253089 8.6537320205813337282 13.930394091755854191 10.929644027901710857 10.756955133086762544 13.76635351244204486 12.29082093059354186 10.051705468557704748 7.9063732498455205899 10.679092983692417107 10.220461821946058123 7.2719973567370335132 7.6378607835796783476 8.1508439244116939193 10.002450114464954467 9.3658380825516704959 11.521491351613422083 9.1043773156278451353 17.347741486961666624 22.973576292422926315 23.588405161286420508 23.015032139646226739 10.570931703177389949 10.465675452354055608 9.2668103992865251683 9.1844484885429249488 9.096029901997223277 8.9048157525917979171 8.8092872336395640076 8.7530222968478117451 8.7652830715295593222 8.5880971075837972961 8.4954905716203619193 8.5704365462987972535 8.4630522234942482385 8.5358321764000191223 8.4254560087576759742 8.4616569010440105814 999 999 999 999 999 999 999 999 999 999 999 999
12.768450851389580691 16.266701290491823784 19.502659855858592408 17.632118707085815856 9.4774828614646668967 9.8256930289321342542 17.252184628456401327 18.342356659013621112 11.572386694983864075 8.6182116352455402364 15.585623605082391308 24.874770070081456907 23.670612448626922486 20.225013573229876584 11.338873706669083674 12.112655060448087596 18.472609810234164485 23.20551850374880587 24.581685419357970801 21.22621777567812984 22.020262026948618228 19.508864028413260172 15.666109252219701631 12.36343701730826794 9.9242792624217894826 9.0526484180098893972 9.0026923563625498304 9.0303037689552176914 8.8193909047932503853 8.7505506033452515879 8.6712640385844945712 8.607051857775335435 8.5357413113794731174 8.4327423509431351789 8.470353259163704962 8.4618403120471299417 8.4426827524335052999 8.4249641425562575847 8.3709113454355712491 8.1804489555224240149 999 999 999 999 999 999 999 999 999 999 999 999
17.299847840672075705 20.073469851312431445 20.342253209539958192 18.018557701369676494 13.231458529179384698 20.296590047266054313 12.970271238159147842 18.038571275457407239 20.469447979742046329 11.768508540978253052 17.206266593676939891 16.892774223209936935 12.034841291422457843 10.555938063595341703 10.357736368241331704 13.621473339707945271 20.022076914722461538 16.025704457236336964 14.659481562813276412 12.792958540031891701 11.532514723870439965 10.856872916189162837 9.4333952025445810818 9.1349764374737318917 8.8989056655148939257 8.8863993371325147308 8.7983748872349671899 8.7716428441713532038 8.6225576509981465279 8.5570961115345536285 8.5020719113893346019 8.4964936911045807477 8.429082323135540733 8.3376009854419699252 8.4170791160923403851 8.4336709300366372588 8.3763958258399657808 8.3427457685255657083 8.5198785815798547816 8.3991789092614244083 999 999 999 999 999 999 999 999 999 999 999 999
9.5096959037740678156 10.144009613224072908 9.3246852298142997029 9.7886513338860137168 7.4122731946871063258 10.54072841713646369 9.0256323803324178812 8.8781846479696859831 8.3814030976405522466 9.0047119819147827258 8.9365304878489268958 8.9289046512892333851 8.2828886614609160688 8.7231935980159587274 8.4740676400359529197 8.8313357977799640253 8.8620997004301464983 8.8383255937880065289 8.8927810234922990418 8.9792973325326901346 9.1653151387489781854 8.8921061963027803188 8.7841812528414866534 8.6403944954065039497 8.7409553505987354072 8.6715463898402642684 8.6175748119237010059 8.534874919668869353 8.426937440202150853 8.4665740790693746476 8.3939299991131122169 8.3887154353771560267 8.3822925623209521007 8.3650265709814686232 8.3356241794854106786 8.3627394660697262907 8.2159333808920642639 8.2043234360950787476 8.440528225436237264 8.3198625504993035662 999 999 999 999 999 999 999 999 999 999 999 999
10.51308181163401656 11.009130767010987029 10.431073076664230115 9.1517345748095682012 9.227174037317166011 9.3308959347668878337 9.2460459848544616079 9.4765958134631329557 9.3524489031058219979 10.385616232697595152 10.031271993229170292 11.135282269929060561 10.586526533947086648 11.856959093690159435 8.7996084470102839958 8.5894808418786077198 8.8045477141931947074 8.5315070405929152031 8.0927410080943662507 8.4266217822510931512 8.4827742206107767942 8.5595460967926193518 8.377523693527409776 8.3766245190446699809 8.5174451658044905145 8.6059721093704482087 8.4729196297835969176 8.3158737629890389087 8.2374668966043671503 8.2756791645490928033 8.2806225666793586981 8.3156314135914577435 8.2746793898951942481 8.306699417795739393 8.3214779078902303411 8.2009553174487557214 8.1717429949949735857 7.903294890648425941 8.3128541264061830418 8.2404786351023364688 999 999 999 999 999 999 999 999 999 999 999 999
10.926054009312874626 8.8421386786336206853 10.247293520663193434 10.938522430576368194 11.245634700336946565 11.291753752767307972 11.21692014025966877 10.841072851842373126 10.55302900004032729 10.769782799360486436 11.804117341748426639 12.023252803148151813 11.493795077468769605 11.173728761652776953 9.1538214628998098021 9.9643513812251924833 11.160606573535144292 11.861213651943566916 10.351618899733143309 10.860866324856468523 8.3399545468745142074 8.2518196178564746646 8.2526818460131341482 8.3300790895315550699 9.1488153106575538231 14.540094088317259136 8.8212727374542065917 8.1805783252446548914 8.2432673552602189204 8.1900763476274853758 8.127907343248253369 8.1699556101662551555 8.2060488950680134934 8.2310484056067618752 8.2295395384549010487 8.0895925204257466135 8.3123524348716166799 8.1980326164113979104 8.2205172865295441653 8.20305012765268593 999 999 999 999 999 999 999 999 999 999 999 999
9.647914579584709216 10.588511496277106971 11.60736520711113684 12.681626310609056318 12.881729242481494424 12.807631230424004087 11.853157744040311528 9.7967308690304975016 8.6070626580155469298 8.8077258247359111465 10.020525690043903921 11.658165300599995007 12.23958392459946154 10.902334608460128251 10.604805909507421191 12.37085937538696534 12.866987550896091363 13.415461409500236911 13.231745331260393428 11.096555183818212598 8.8448422897514475949 8.3541572520576625749 7.8385170814682645357 8.2581307904480034665 11.613716558247284993 14.778066667538121592 11.609019994557145949 8.2379751218066594731 8.174184298001069493 8.1134915521859394261 8.0885991952576841157 8.1338881899559254407 8.0992586907338104396 8.1057463876794919599 8.0586438275317799906 8.1270101561869179108 8.249929244443132248 8.169010018707469456 8.1594248691094275472 8.1411889298176465246 999 999 999 999 999 999 999 999 999 999 999 999
10.37896058741277372 11.299887903960110336 12.475226136468663185 12.830649962504384831 12.976533331385093462 12.467479226548396909 10.95875456682974658 8.5427032014641426372 8.180095749167231034 9.1325800159675250001 10.686707065358993063 12.369887686806480431 11.967680438988168135 11.694222750732816252 13.714715712043023643 14.730964365757582613 14.824033782913044632 14.620202235653550815 13.704722797215087127 12.877223866860560975 14.767705401111747676 8.5347628619965885122 8.3636748647696563808 8.3253047378945677082 8.1745736482199973238 8.5848448091588895892 9.0221457602212193905 8.2924201731652420477 7.9032997560609157262 7.9627855139603118673 7.8739641110088642861 7.9320232564633803563 8.0529978554783472333 8.0504021605302575892 8.0537829597834953432 7.681986832340286675 8.0752354217232245048 8.0948256970095950891 8.0653197391120308168 7.8794345971809383045 999 999 999 999 999 999 999 999 999 999 999 999
11.802279774012973235 12.08076866809249772 12.823350417496493847 12.67138075425324395 13.017189171139099457 11.541944640558533308 9.5707216137309423232 9.231195847061053783 10.140069210981279113 10.99427703059964756 11.268954837111344602 12.448508386639616674 14.054614351342088696 14.041033262556851469 14.827520288794381997 15.271440612437045203 15.474685099728388238 14.835231768883403447 13.850549584962246641 11.84359512746407006 8.9748442587288064232 8.2789521494408422342 8.0616746163403245617 8.1386873940531092586 8.8431006470196713565 8.5324423832917677402 8.244323354985196417 7.950217403420110962 7.8205742904595805243 7.6586942027256910137 7.5834836488431429657 8.0320504574858730962 8.2978978716072369082 7.9225468975987913822 7.9398517125729872745 7.9391609669790064174 7.8389437595672015746 7.9346331565930610097 7.9041271760164795168 7.8259570135397922286 999 999 999 999 999 999 999 999 999 999 999 999
11.367201684931412586 11.416447292658780555 12.004634478426094546 11.827700272930718128 11.499875148662169977 9.9452815333778783469 9.4536363413289006274 10.399491299700123648 11.455746753709499686 11.463357901879408729 11.808724644262815318 13.262248993335134628 13.66826592182710165 13.826906469852273673 14.497409652978193506 15.290837384391517517 15.751751967635186702 18.492801362087085693 21.391786153244773061 17.854631834635885212 9.3311076288773371346 9.0455316401813696814 8.833400195836588864 8.3875328902705508227 7.945603710805006159 7.9875724350893051451 8.2298591998374632794 7.9312680417036443004 8.0202230092253739002 7.9739717843717423662 7.8941074960347847878 8.0038944120824186967 7.971992031940401624 7.7972575767915763834 7.7155447762125746181 7.715210660445901425 7.7079682263298643363 7.7365562144853301518 7.621577910696118785 7.6869941365939400413 999 999 999 999 999 999 999 999 999 999 999 999
10.550883812153314167 10.596343340814954104 10.689647182388441138 10.834590465108991708 10.086023161226629341 9.1828685981133943983 9.6482392932015592635 10.389610224586190768 10.991933698005320608 11.330811835031408208 11.541563928525679472 12.103067223483403581 12.889227802612417406 13.894155896181587195 14.706336965969683206 15.585817942061012786 16.080879903634667016 20.171043978411670849 21.287036708810518348 22.689091587105355785 21.336487141162862713 18.783359626352769567 18.39822550242444521 9.3614196942680383273 9.1477861960788988682 8.6519140395281386446 8.5988848816943868059 8.7034369568933627193 8.1106277754011824044 8.2749814697558417009 8.1752607774912924299 9.1786674541650583592 9.0118747479893137609 8.4450881813116573937 7.8353867354696564718 7.632170156360451152 7.5586828480006262865 7.5902228944112870579 7.6128041652476046153 7.597692199463822682 999 999 999 999 999 999 999 999 999 999 999 999
10.132140602657143447 9.7942548057978839893 9.6467693783805028573 9.5405990562338107708 8.8610470402050225402 8.1627314607700185434 10.0249131292114253 10.648624007810717274 11.094788112049569051 10.358041535720913018 10.800049017278876562 11.572184081977981762 13.967917594088076427 18.874220243617386927 15.323519273780050298 15.934198569821905522 22.021621856915839288 22.711576695074736421 23.073152633753085894 23.029007682971883497 20.148978792797173298 15.214161294863732365 15.845506521606349537 11.316289192172682476 10.754994363328640006 10.211996064682340446 14.221119997364151999 20.374506380143014184 11.70091149062131386 15.451217041262379936 12.051988019651137307 11.805397941954673513 11.83461452084854848 11.174850392607696747 9.6705732160553914412 8.6292208644074115398 7.8801172078441155122 7.6536151924943816027 7.5563266231726462507 7.6429091832595030809 999 999 999 999 999 999 999 999 999 999 999 999
15.227547377200087553 12.36722393025376121 11.031093364439565008 10.590553248123006469 9.159241302671862428 6.7397549615239107368 7.6614890202716967593 9.5811711166138628926 11.081910966790902151 14.109149148896472425 16.792057845537467387 19.956211174335422243 23.520980212623971539 24.025498095909242124 17.470877880193523168 21.542248263563514854 22.976468090047767134 16.569835207799169297 16.7442683268764263 15.182126453496922025 13.474667486545405026 12.883283904769246675 12.590734544313237464 12.272796193939852216 11.89599841439699901 11.724965310213807612 13.683039661192941239 13.217968982984471538 13.173290020726588168 12.438368065132399565 12.016942030409643039 12.03605541322209227 13.474811039649313926 11.592700059632969456 11.412485516526178486 11.369053176824305496 9.3818573929011197521 8.3415825157633598508 7.4234236987082464765 7.8522550412522411634 999 999 999 999 999 999 999 999 999 999 999 999
19.677174440008364797 17.581234618461454744 16.690142402492455176 14.244401951452134725 8.1984023562473620217 6.2500866505946550689 7.9249292496871195368 9.3385276471554270472 10.598596768381280953 19.076751073006537496 22.863995178624840321 24.153372521972880094 24.570588138055747152 25.060676534145169825 24.09057325045273501 24.533753915515539745 21.705005361353837401 22.612610352115869006 21.956141470968141505 14.184101826650611144 13.246960315437204869 12.858035465016836696 12.600616154389744139 12.41640993863320297 12.305595669050251928 12.302323496553682958 12.456698135464465693 12.486182132448295334 12.299082896290997269 12.105617158709231163 12.252732326583595679 11.992901993559724971 11.97125719271385158 11.616592584394338061 11.32751536033581452 13.20559318814155958 10.901159469425827808 9.9325874026610705414 8.8454012119707297046 8.4336113521017814776 999 999 999 999 999 999 999 999 999 999 999 999
22.213303822446523128 20.256088592255679259 17.485680272714059669 15.57077360996244586 12.470173973963714076 8.1339654530079545935 9.2054376049277220062 15.111228527339410022 20.031856672660651952 22.910097292311114359 25.08922908016356601 24.890992508162973706 27.710515569667172997 27.687021549274781762 26.779711927042409769 25.39212014136518647 21.483473063030405825 24.173586115927655271 18.886405532673578023 12.59174364168090321 13.004376029498647682 13.030238817756290004 12.904837150920009492 12.704601195621366472 12.696061463896796795 12.599319218820618005 12.513259911811438485 12.626372864190930301 12.211419206728567843 11.969715648712856648 11.973792353494927099 12.041523206050033679 12.068431623570997857 11.748369799968422456 11.165666291009802791 10.930806200543804252 10.808710018270536679 10.364430187102930958 9.6768756493714089828 9.3514644523052563585 999 999 999 999 999 999 999 999 999 999 999 999
24.389473820651559777 22.11912647935543319 18.987526072083742434 16.771116862185031948 18.392458434996346028 19.912571866684295685 21.614334541337850482 23.159139024020070963 24.593617962201808069 27.019925334867444633 26.907427699491357487 28.170004587989932787 28.792686585412511135 28.508180483832365582 26.318676906501362822 24.83053232128525778 13.261594956545959434 20.100788025761747946 16.392666626819664799 12.501968281656623105 13.231657536324004099 13.406302296052370338 13.228406439155147467 12.998037158026127358 12.789811051761953209 12.652020080929574419 12.383164886039928376 12.770327949657227506 12.352418620791327797 12.294848789205962802 12.268316226185472573 12.17287751450003519 12.208725689225222055 12.08360809837158989 11.425201589275099323 11.007102317419114712 10.745085297600692087 10.536098059407457583 9.9643009561866584534 9.5832939436380257803 999 999 999 999 999 999 999 999 999 999 999 999
26.792477630797879584 24.115528040712717939 20.897524504196940853 19.667464938306945754 23.659781644537385858 23.308680327840171742 25.229135134910823268 24.320397242008773731 26.585795535606390416 28.459999999997542375 27.973946317742985457 29.271172225271616441 29.385888437752029745 29.209265179028051307 27.948286556991881469 24.462005620504978509 24.724310762829464494 26.066834158252753184 14.257565872028685305 12.960047241065245416 14.028691763290161987 14.134955928664327374 13.941221286528149292 13.425956926101175526 13.06349525649059018 12.611660188008842809 12.57244104408570351 12.832623916550586429 12.495000253597487117 12.5989770672679402 12.492081207605270521 12.221755357183967661 12.189071415907683615 12.261008919722570454 11.821558462860547678 11.459376195274927568 10.738512384013009893 10.679660387113507625 10.324091273707171723 9.9171273230463476978 999 999 999 999 999 999 999 999 999 999 999 999
27.943762806364890849 26.24287845960494181 23.951393093010786117 21.955677263166293756 24.033117111365452701 25.498283626298622551 26.289445857197801359 24.676534013843173909 22.794421450112068328 26.555012436575356816 27.033577250013291149 28.25088234569383161 30.279462264961718887 30.397541982900182944 28.964289855290534348 27.662196249561276318 21.464643527593182171 19.152711909577089244 13.791381720148484291 14.526050858405099575 15.074544487452314456 14.980196597274348491 13.996295810872553034 13.052037780336279482 12.502248907890729512 12.741481163259031462 12.833319552492222115 12.384377425798835048 12.581768829906406992 12.496394333737869786 12.581424139013428487 12.512476620987678544 12.107422362296775376 12.631387100940010271 12.141839158440571822 11.458921720095492702 11.058675646824868366 10.755679161724506443 10.570279398938104976 10.260287793657330013 999 999 999 999 999 999 999 999 999 999 999 999
29.973066293215605782 26.480449687049109286 25.145161780287185849 23.868087771649065587 23.894303916986775249 27.028973701184227707 25.269878670354785299 24.679067632169026325 27.606287335408342898 29.53686579960385572 29.897352305145101781 31.274178455958583811 32.389880971244579655 32.618236638611037392 30.3361528604105537 28.135120933542481225 29.286529221714907578 12.714274508981942446 16.020958033272076904 16.57894508508582021 16.152481455264776855 14.745765505023866737 13.450819916555680322 12.815649105932070739 12.743104254010271248 12.435165605490718477 12.374718581092672309 12.461227158938351423 12.496228643445359552 12.496375007694416226 12.307390529561503811 12.240697524314468225 12.432375024766535887 12.348897021521791473 12.406838182382530889 11.626570029920403115 11.180204984476088015 10.798685915003165547 10.587974730143525193 10.379349008960646827 999 999 999 999 999 999 999 999 999 999 999 999
31.147140160338157244 28.954385287138030947 26.114341059257508704 24.058654173102194562 27.251626376340905011 28.148534279581639339 26.673870104530205793 27.418474043206945368 30.088865706902090835 32.480735123890873695 33.739004173109762519 32.942275801477890695 36.073667390082910345 35.786178251716883381 33.89783172508540332 31.009714413387239773 29.425596906282613929 25.013876314336776829 18.743404082358686935 18.05506173009161941 17.13271608985796135 14.781319054604045604 13.355533708211005717 12.906863507093907728 12.531326594108135097 12.430028832426106788 12.64798729915976061 12.490297370353896866 12.700441188810398074 12.419340632997860396 12.329931218770150636 12.427909387956216136 12.457404557599275563 12.142105535042714948 11.854452894673398688 11.649177363576242783 11.214919667162421391 10.845763513147756996 10.587503860346082263 10.396018771030195893 999 999 999 999 999 999 999 999 999 999 999 999
32.929837638951291012 29.995310006950802517 26.61818470037812645 25.136726631276815169 26.795847247741704678 28.610826378333690911 27.651466815356247508 31.15097566462253198 33.970838460496409539 36.05154774321708544 37.192743613914856837 35.62483747500553477 36.682491794142912056 36.446731065564229368 34.38514119314944395 31.061879624678223166 27.862258781942042418 24.730681181290272264 21.016343524293422007 18.613214635392772323 16.730749179860243459 15.302659078292574435 13.929137613948414653 12.967573806732939801 12.900206993304179193 12.378304787892325578 12.518476173515859173 12.427820882739569086 12.338732832436965836 12.417816279509500177 12.456857837761537766 12.540922108361861831 12.42290545487566078 12.053103485790234828 11.788918856201570762 11.407398181837734796 11.068606176883422521 10.766805669804803358 10.545803573009342458 10.428075219856106415 999 999 999 999 999 999 999 999 999 999 999 999
34.692046329349707889 30.773311470136061274 28.552190301481239487 25.733752315297465429 25.576387620858380245 28.515004314792761875 30.183294018177448947 35.481386623044045336 36.258571863645059352 38.875089465710189529 39.350175466955846559 37.510987361462774459 38.161902431860582396 37.039689913523019982 32.60624870591033897 28.641567988137559553 26.0922450975715563 24.34114797413113962 21.601526897683140049 18.596690710912433531 17.33618576282787771 15.525788533875351405 14.150425074136460779 13.466760383468175277 13.195963955786622179 12.595131044214255667 12.437242165650632231 12.369237409453530674 12.35084470783710664 12.359010195305147661 12.607129452462356056 12.936554207237547232 12.431425396517784776 12.012247824421507403 11.675706505299663363 11.285993129469252594 10.97721196448575931 10.812181650920418718 10.646768244508100665 10.528099970541999753 999 999 999 999 999 999 999 999 999 999 999 999
