BG_FLOOD/Result/3_dem_raster/combined_dem_raster/com_dem_raster/com_ascii/generated_dem_combined_angle_45_x_0_y_0.asc
ncols        192
nrows        192
xllcorner    1771145.000000000000
yllcorner    5471774.000000000000
cellsize     10.000000000000
NODATA_value  nan
[rows 80 to 99 of 192, columns 46 to 91 of 192]
10.394075591025437433 7.5601498705779297538 7.6254722696331835863 10.227798316919681554 10.096085001943569281 9.8468376239858059762 8.9553356487428246169 8.6930382622451070063 8.0798766391758931604 15.235305326438059126 7.7564553926318913213 8.9650383424686257428 7.8224082038655629034 8.7175443935341441204 8.798033983764915078 8.3522806903150090818 9.3070915163622363053 8.5510805839953611951 8.7624901470442981832 9.3739875510706234252 7.5625480566768557011 9.7824568988914961665 10.318444359225585671 8.4782362737184779888 9.3466587457783365522 11.112224444141528323 8.7141997281250205276 9.758346262266318405 9.1662480992197661323 12.05029808276940706 10.988251603953901991 9.2253229911588849887 8.9702702211381684094 9.8080142994756140951 14.497505336533736298 9.9871928576305464276 9.9036991065672896895 9.5751488706305050158 9.7055450396806151048 12.349711313446757543 11.64836076547554633 13.421222253933375868 10.343086162341469603 9.9472914295961842868 13.272240479201688146 13.397709337705670407
7.8791361035607012653 11.251762919656213668 7.7791173355340399453 7.693415580353025085 7.7085631179057747531 11.246903096501629449 9.9902324363182977152 8.2717259879057998262 8.0285242363314122116 9.777124558048521763 11.834443862219380605 10.866642144981474516 10.246212437610250134 9.4678182522171425717 20.003297136854904181 16.440291655146292982 15.221756462626663264 13.673197205230213314 15.612649947711979337 11.989326019437628545 8.0687049382969906475 10.220610741332421867 10.181011484472314521 10.289513457565604426 8.4291132797132455323 8.1329454501801894395 10.269997372128724322 11.548978560530638759 9.2432273632441681599 10.085439951147009197 16.934123009532086712 9.688369836408986302 9.2606542472948607525 10.476738203093763246 13.633698575856449509 9.9004005514599171534 10.289479899030991916 10.413350736679261033 9.8867748064486793425 10.804698987556371037 14.470317685351714587 11.861679186725663016 10.839211868377390147 13.255284495351773444 13.397412357003858574 14.952133196270693816
7.5202400404763034558 10.469631548634120932 9.9104951013733266763 9.6281872022890571117 10.309257794969330035 9.8806149019020974578 7.825603816391584644 7.7374025727365589589 7.7509974225511149015 8.0999030116287720205 8.6483736167972882214 10.422213755595974405 9.9349549771006184784 11.33266325177490863 13.444168669835796948 12.4247738074032128 12.682982583149239986 14.60122038785912757 9.1180228229161883746 13.029654910165930914 13.845965005845760842 12.823883168473852123 9.9741088088719163096 12.973707499017500311 9.7755770613689865201 9.9126102922029790676 8.734135358146447814 14.282756344336572596 9.6867018967421731901 11.445994500514350634 10.802359189530459815 9.5169756233051643335 9.5683068304333733778 9.6697878872163105513 9.6762339963113870311 9.9599529629190968194 10.418372605673352993 13.116550445741630426 10.87648520383832107 13.739455146129472496 11.244203947437922508 12.629669910371884356 11.455055176511812931 11.269236798189808724 11.790415212109454757 12.735318558958413249
8.0709320632470351597 12.200943920976133228 10.360209708253183436 9.8121968346379588866 7.9010056005850799465 10.262204465014210797 7.7849588358578554192 8.090055518766053666 9.2257360377577199984 8.072618650747088509 7.9219463274638179939 9.1399575179182264151 10.353138993322465566 10.229460026231596004 8.6177373308774321004 9.90807840870436074 11.919473359182880756 12.553098853461046147 12.55995849737355563 10.710193004760313329 12.833012831162413647 9.8908995529806400526 9.1432243981342757877 10.472101176462786043 8.0404050229101926561 8.3761506179793681071 11.411791501463998344 10.620164202490306238 14.132555256284453193 12.715994875009780429 11.505709812172090878 11.285331948783532852 9.4067521019313904418 9.8172559127469902762 11.450626172987217188 10.449196640190852037 14.513672447030703694 11.859311079701456038 10.53230966997080742 10.201687847061164049 12.315101243297766231 11.260692194752941475 10.405474861202421266 10.840809472480358977 10.387828341221384321 10.82047934690485036
14.979587412851376627 13.989616114684945813 7.965046712851587607 7.3914534832757885496 7.9752271809979449202 11.299329022737657269 9.3229756250413213792 11.164912563505188459 10.784767532772530529 8.9983415762820637696 10.288880329525873947 14.823610822734039516 9.9936033538460655734 10.578591786533916519 10.364160087369612029 9.7616799667435092402 10.62619185248211906 12.380703272545705573 15.285380417168763501 14.124488060570932646 12.022541483602555701 10.592004447676735879 10.609720881761539601 11.485432521658839988 9.7546752266505460938 9.2183151174867994371 9.7756769070109221786 9.5630553539293483567 9.536359279025242941 10.134422409969857881 11.589484317749374043 11.537097524060094145 9.5450547890108587978 9.9502793743109716473 14.637887753052787332 11.724499953366196436 11.792200994733086361 10.451373383175537768 10.345715040680582675 10.695672010740093327 13.61471419661989124 11.910272676772040157 12.506539629445484252 11.073356951307500751 10.686518553458915548 15.248509603024693604
8.3244871476500463814 8.7555150144457609684 7.5777950268183333904 7.2823779418184431123 8.4200209488275241654 10.025409605737934271 13.494593346682645318 13.871959805851329151 9.4589160449496993976 11.217007620241620458 14.212626341655715478 13.266712759979398584 7.2085300062458808057 7.3240288978741645565 6.8432794717470830648 6.7504263484932689465 6.927815378276644509 7.0688162482569838474 8.0321276193639246088 10.331321273265738014 14.692927130344695996 11.186388243152338262 10.678925126340347518 11.355378881417394155 11.796117725063234971 11.637627665476168559 11.183811357709119605 12.625565975129052987 9.7669987656549839272 10.868544927578065895 13.015285935440610743 9.9553430933629325494 9.4756398487290383059 9.6130036475701121645 11.893607430627051613 15.970612880163290725 12.747172453546784965 12.850310394590080065 10.802148782539756411 13.154923549837899799 9.9475656999188828422 11.155240093896008347 13.251952081999521127 10.443507635754377461 10.995750956598552506 11.733405329500998349
8.4189876762165489765 8.2172344073378145168 7.3507765489138225945 7.987532598150843377 9.8591243115513780282 10.814561836997603095 13.612693326105533842 8.3970407921087577563 8.5100527263256466881 10.807624394316110994 11.849472995089106675 9.8676517894280433296 9.8438180525495102557 9.8146242896325741611 8.2256789106012462298 7.2818036609244591872 9.6988283956302936417 12.962464720898680071 7.9831087849281692215 6.437891684350511845 7.1401695360070958074 9.7883120615433139022 13.303078259550247253 10.318783369870617506 9.4039005516984133237 14.382166665702213137 9.8648165931383022809 9.7212696700919387638 11.894761279641771878 9.6632264543008439261 13.065726271055890351 10.389756673944985366 10.286534297097368551 12.300113268043920911 9.848822818274301838 11.37192700742384055 12.112592221839344475 11.397139884164435131 10.455283576750270313 10.478705966857475573 16.624609837402250179 11.942553953074195761 12.827635957972429281 10.862447676542519304 10.278085508476184629 10.970054708095382523
11.786712922023122374 7.796795179624949057 8.1506531406082185498 8.4608505894841403716 8.6044575320350489278 10.055849144324669808 8.0223563496095557923 8.4922361972191229285 15.477712242345448956 8.388573864746771136 9.8617142597260087911 11.638283454436070485 14.765042398223579667 10.933531923457950441 16.952822248779447989 8.8941431537229576065 11.808264651250654609 12.69162695012591513 10.784055103161232836 6.9436597170675531387 6.6205957489957478757 8.3938419790724410063 8.2361992765384446358 14.22309751328132954 10.142393982016594478 9.6550491452329065822 10.356634221213994351 9.2016535667486003547 12.063244323101100619 9.8194993567826944769 10.04851508343748101 12.186035877224815849 11.468150711088208382 14.005149640747761808 9.9091473831703265063 9.8598504461503324592 14.142880056551348389 14.538794374678548849 12.5369986948775054 10.432563639218534135 10.2851521637028398 10.665249068426913226 10.53799006937327043 11.506734663959642617 13.255681055137195301 13.159931698607836736
8.4073540161082771505 11.374606286175799497 8.9543120777507940744 10.664464961105592167 12.288419038685832518 10.123983826926394869 8.7363385597429221718 11.044909102716962579 6.9954955341415399062 5.7462562941548460671 14.357932387800289575 13.167878153728288737 18.200296514169519213 18.986239753492121451 17.402808833781897135 12.00290376605367193 12.149558667966394054 13.718293595539337915 12.912935760088625869 11.35718463606111861 7.647636268168533924 9.4504199000059596614 6.7785157384562637617 6.9123431816454452559 7.5657669607655346766 7.0666292767798370988 9.6531596798317576003 9.1747703107537805778 9.4825546841121628461 11.62496982380541688 9.5464697272809555528 9.3665798643909408128 10.288465310437533873 10.465165188782883376 11.7927295037167017 9.5294520323648441718 9.5004995897163038165 10.586832914290468466 13.075967860719165614 11.049943767227723868 12.127920597475744913 13.985067423028418432 11.208416645513629817 11.005548061384491376 10.224614764220291363 10.897100135349212735
7.7928128251985855357 7.6336708493641012296 8.210980097814019274 10.490039108858706385 8.6075209063125814879 9.3312272769608952672 13.714038108290846907 16.373065769759065802 5.9873029316026249447 7.1167607455750294676 10.896731301200238917 14.199724744287422595 17.015258380412497274 18.54555247156303821 15.279580775043127616 13.230652315841696876 8.3007367059425547495 12.008190544300756386 12.004321199142387044 10.284296383945262576 7.1150949480725573792 6.7759868760990009662 6.8864902778576917441 6.8110056429071272888 6.9988735249053126708 6.5193844468837731654 6.7942613222965979602 8.6382800248572806368 13.539886251803102013 10.167482327312658441 11.189216369213422553 12.137723017291031979 12.860263102579024164 10.781565665668434661 10.177740803982272766 9.9202217852560341527 9.3243935112527971398 10.436837063347921273 11.228498405949178363 11.04097447113107755 10.642352112293941957 10.3985915969285454 10.538457094942796033 10.798500569003488536 10.749803831813895982 11.528248279747272065
7.3075441766523185905 7.4909777306876526026 8.6121066754034014679 8.5233238621381737232 10.463932739586756071 15.599947614197422041 13.603458177275898677 7.3096670525598277379 7.6765228953499136111 7.4604582240710355379 15.982626965057111335 14.579393816170940212 17.175447341841554305 9.1006875345850275494 6.4069775725867268434 6.5178753972028662389 6.6107323564122708603 7.1730626107815513848 7.1893808938990311219 7.5153832576318073677 7.4496803010804732992 6.7887863551168861065 6.8360124921997886815 7.0328022999180124231 7.0441333250143669531 6.7244767997626917477 6.6624672119272148052 6.7140980829603611468 8.4657469929026909483 10.194449685720606169 9.5386293766596335075 11.496267392271173335 9.9428180077082970456 12.279365935034402213 11.812602144665005355 10.003585611108977815 9.2194559723595883582 9.491475877040272735 10.844747911177289978 11.689206307465495271 13.487910135883383944 12.644132452021860757 12.996380304312760146 10.942087436122287514 13.416773821452352422 12.835409970270131197
7.3451578491372817581 7.5290777559539945329 8.0138677607998722863 9.7393188810657438381 15.169538697948047101 14.951623509306925186 9.4029242149919642912 5.961783671046269717 5.7683311633781366723 5.7227316962540273337 6.9329549119863775886 6.6387161070528240003 6.6799970403340234171 6.3838206606079026528 5.9921617050294919693 6.0228870554070486065 6.1145048901446177325 6.2369950882582427809 6.2837549715092482217 7.4877538646557768587 8.0850797721970621978 7.3419637146511798065 8.7483291170712398355 7.9131842529927025609 8.0300805666914349956 7.8313602363431042974 6.8951357974981579702 6.7385876103822548444 7.0096114164074290187 7.666854303403458637 10.61059194761120672 11.050560625363537781 12.520924583264772423 10.068486838670429151 10.258916324848396329 9.4972954350748839403 11.175436796434400577 9.2913136337316881708 9.4242140800113283206 10.157194048115588458 11.435910177550695721 10.105883601129908911 12.599842441791320624 10.687025304501672096 10.71554341957216927 12.962098400655291286
8.9447961839471048506 10.798537959405397402 8.2716225689103080043 10.056329580812866098 16.238866970630947861 15.313782213746620187 6.6048447109925705334 5.6906342196216277429 5.8463472464250445526 6.1450248608023416708 6.2967486918454005362 6.4137530113213978566 6.3789286106275495669 6.3644746931617373065 6.3185767799961523039 6.2888409674154459594 6.289100717924885231 6.3581258333409396144 6.4161295462186753724 6.4443827931123323083 6.9655443282729798682 7.1330150675009340588 10.77330575409614255 7.8010329629078896119 7.8543634669220949718 6.9827354453625307684 6.5382419225745929126 6.7334628332059542899 6.7138196993983196847 7.0796530016778680405 11.86121846838308791 11.900975889741346236 10.940342369975168069 11.600455270796656393 11.841613114567238085 11.624139396634966204 12.909889142623285352 9.4201266943484114336 9.4011504683204787369 9.4528652793022303058 10.42576832117650909 11.934221971863522072 11.54716439889790891 10.994471607811691527 10.221386524895196501 11.943747240680725241
7.3208308284230643181 7.161083193954034698 8.2827734070586114257 7.8323199490716612914 6.7592370113979471924 6.1138422672441556927 5.7845451891070407413 6.0886990875036328674 6.3144034130795825277 6.4041836117280581675 6.3300669261617628081 6.393749368281776313 6.5119677006830345434 6.5928892054860952499 6.6796474555604516965 6.6663289271186387808 6.6345808897199818333 6.6527628211958953486 6.8037197042876078612 7.3570414896676377126 7.0388518261076420401 7.2348356636513173612 10.280113913156526451 6.841557517108607378 7.820734991445394968 13.062196422988938238 11.552621951924791688 6.8803036778481772018 7.1930111072188127608 6.9487387652565848484 7.7409719648800017211 8.9922393030683522852 10.702406608580528058 9.4043256526144709539 9.514291160624869903 10.747654325549573784 12.221970989783613959 11.001350749997335754 9.575837743205916297 9.3465048616169905671 10.155365589579776753 10.093613001144879249 9.7183947753527171187 9.6052140647623218683 9.6267681251874819282 9.7188132688353672251
7.1695277110404038723 7.9575441303063758625 7.5568228490834199462 7.6120289991729910284 5.7369356703838612077 5.6420399088892736472 6.0495154111616811221 6.1803946347803506711 6.1900234875335691243 6.3273539984483146981 6.4530290055471013488 6.5395983285456011913 6.560467332586945588 6.6188699580450611748 7.1480043193859215123 6.9593503514385286479 7.0402159317586070486 7.1216931523934734471 7.1697765504375130519 7.222344294191191949 7.2403036764267456604 6.8421370576117652718 7.0102417623185022677 6.8630646120473839389 8.5096227254073735224 7.8311367301069632063 10.479594427572463289 8.9117479989150858444 8.7392564269917016873 7.3505936769229771599 7.4040309970029296593 8.3099080023343621093 15.948699223240851097 12.86607233422825658 11.128461086151585135 11.327394812388089207 12.31214539393412899 11.957273716066344704 11.037893125347718382 10.111479729937178362 16.668510170867321563 17.5755982490289 10.908004960983904041 9.4887080546065725173 9.9847470894454186663 10.494452849210391676
7.6901225164116420174 7.5512854250508993914 7.6357380858881622743 6.1092686167020477939 5.821737146975731747 5.9079901814083664036 6.2756739475828240415 6.41380818004541009 6.473511980034644786 6.5122322674966381939 6.6281170377844205177 6.7496309963282588029 6.6251124661060982746 6.8026143998994026418 7.3005649535398848826 7.0636022574742760582 7.1595955966240980572 7.3741948246045501136 7.3108584400776130963 7.5824022971079507727 7.5840120568817264157 7.3076130057472239443 10.999288949773591284 8.2129728911943846725 7.3589870023406307453 8.0951322689099711738 7.2978506411832428924 10.05946900908444519 9.8772743083102376715 7.5361141176373473982 7.5352437272202941188 8.1445275046921334905 9.9049579493202184466 16.726476297612546063 11.505197363115962972 9.4997684899977823392 11.620282331087778971 12.189955105440017036 11.173291313161691107 12.014148396537860819 11.657625403167134692 14.178358224165123147 17.073478451381298271 9.6599925495615934778 11.939600915623717725 10.471305556110078072
7.6045267052642380179 7.71434155068077132 6.3630127826299345273 6.0874680785916757131 6.0941097664892245334 6.8956387567768482327 6.7692010202544130593 8.561267095287560025 9.1517212242376420051 9.4127895572409752134 9.8202302203024238736 14.805297030383789192 9.1198927685389676867 9.9772432423109318478 8.1800042646073638508 7.9897037683521192619 7.3919679763286003649 10.087136470283905254 15.951924464134279447 7.9099310539196565628 12.966283556476000172 8.607446471098702645 13.659763009273184764 13.37913252631707195 8.3747795594434268907 7.6492437281255121206 7.321743809904125655 7.2300458766695925306 7.1939526801477979845 7.9860325960955078628 7.3914335055283046927 8.4237683353242900353 8.4568038712521165223 8.5986764058541336198 8.5194282875864981719 12.321880995944155757 9.7501927440178253192 10.489708435430825872 10.995599186685112159 13.254144501664791633 10.136304133253970505 13.0475920472704221 10.206164899843466642 9.5296321649116659813 10.431615718405241822 11.407781329678552851
7.7046869257560990363 6.5503285192388167602 6.3080988814446961044 6.2858388672910949779 7.4970297978581790233 23.814598521367834394 16.455284533876618269 20.804597650521721164 26.548190216661680552 26.135069463127901912 28.373024829245231615 26.712434457762373796 21.570554318678386352 23.986394813590024455 27.612135220743002861 18.475473063365452475 9.3183701705555410655 17.741189103939817073 22.860098110568419116 27.34785078468501851 23.329354422152103865 18.023448863420213684 25.259862189308471159 29.936264728575984861 16.682075736976390345 12.628507584141809517 8.3305619583579666454 7.3728208427874495356 7.5093946321911841935 12.282691982272371689 7.4699679562662577581 7.4972265850400710008 7.5728906973200276198 7.5023969064139182095 9.8294579616554944579 14.543738673497548675 10.038295387493484156 11.580791923702838275 11.035145965366274012 12.772473433724151448 9.9315682358914774142 9.8492208791387731992 9.9537052950230009429 9.4890906427107086785 10.121859596477815302 11.96906277823194209
6.9476919711378490874 6.4520455561994971561 10.123458222302790688 8.2943068278931040282 9.2160779199200639766 22.241013738646632447 25.175346655765746817 26.820183130016420847 26.29640694017160385 25.702810059472493975 20.126106959706202559 20.368026294351395222 23.646123047703479614 22.45882075800669142 25.643319292460052594 17.552850874050765384 6.9319212695781962097 13.21379425829433174 19.184044591997476914 16.60863213290708984 9.8568740555975153939 19.601408183317907685 24.746032011163531905 29.536957942876284733 30.119779677488786263 29.520259403005706389 11.804978649259666668 7.9510804404615775809 8.4011599245018437898 10.262904653711100167 7.6319761094836504611 7.4068985914808855853 7.6195726937957077851 7.5602284277650211308 7.5389090864979131368 7.8039558097616810173 16.224793702957054364 10.659224008083189261 10.814677444167914544 11.260898108437146448 11.097602138575556552 11.47203858823363376 11.637890497171484938 9.5776647000345001004 9.9079643272975008728 10.241600301848340138
6.3647740306172373437 6.2592686088799620592 9.254785066382915204 12.689562611013181836 8.755582615781072775 10.47971894756502742 10.122684820383302196 16.380816656020318334 19.101288319980472608 13.319791392366747473 10.024173926452032646 14.423239731366040317 20.392896844726880801 19.938053302244032494 12.485919485106336424 8.4546842248458453639 7.3105453127043533712 6.5686255225397065516 7.4443770214171562927 7.7246689389829485961 8.2327073362503853104 10.192707078404795951 9.949802923581422931 17.957062267685529378 27.853681315733243906 27.266413754498877609 17.350397825345009295 11.422374612815596961 26.867288387972546815 8.890329361669234487 7.5805614156069385245 7.3620156230085918025 7.4257214976786265481 7.5104186399175372202 7.4684490708858000119 7.5077911568205530912 7.5569416027199558528 9.479346992425726981 12.299203683607734305 11.915790791157357731 12.099908581648271877 10.969574791897251487 9.9122013866790865677 9.611009084067083208 9.5027560222926279465 9.4065963902800309171
