BG_FLOOD/Result/3_dem_raster/combined_dem_raster/com_dem_raster/com_ascii/generated_dem_combined_angle_90_x_0_y_0.asc
ncols        192
nrows        192
xllcorner    1771145.000000000000
yllcorner    5471774.000000000000
cellsize     10.000000000000
NODATA_value  nan
[rows 46 to 68 of 192, columns 104 to 155 of 192]
27.752788818044436425 27.490444061470572734 27.234371260457301389 26.160812722550513598 27.580762311363834272 27.236510868706304223 29.21980072735717826 24.70200448670762583 14.857974004810177604 14.750018969216155185 18.296237687342305378 19.048816712491102976 18.211009260045507574 20.582997375279912688 27.561667838236402872 29.758421651980004441 28.273264361436851289 29.712810933515584111 28.919538799451061095 27.071296844285285488 29.760598893009643007 26.433248856384519598 23.974286772512972021 15.54068661371940685 15.497181459703650575 15.152717694848140795 18.404704348598880159 15.146418803626211513 13.242179346574166843 13.136106630349779323 13.600189009577874799 17.761274258503586765 10.803816849094378227 10.261595826070413651 12.354502173097197115 13.640145033171860334 13.670598289027434902 13.656895535379778295 13.312403875978622736 13.165677214594975197 999 999 999 999 999 999 999 999 999 999 999 999
25.484967834033376732 25.676385445736247704 24.967542110531230293 26.350815550909036489 27.748788091374002818 29.906438713042941657 30.213231025248333594 18.951019941712011985 19.808446792811686521 20.603371890569977865 18.264284456898952413 15.528063773999850383 20.807822390105936705 24.165721420541089515 30.164848592927874904 29.180079780872809181 27.616877028541754413 29.873006697151627264 27.001478567541028042 30.585460074972445454 30.796299757453869717 29.482747433900218681 22.305845727752288354 15.782209387984522664 15.494515726502019248 15.356803320414670111 15.333201294763220801 13.227640720700433619 12.932104753305441847 13.10980224195254884 13.245517444963654796 13.629832488847696936 10.395450775514552433 10.287605284466181388 13.056479803500996795 13.279068579290420615 13.546096797136508272 13.280736693033098561 13.39842166227726139 13.146443755184263225 999 999 999 999 999 999 999 999 999 999 999 999
15.132323111228757284 23.594230772440472066 25.131110435394525382 26.839803461804571327 26.994236063950005189 28.312415083738454058 23.222773116863162812 25.880541109538643951 25.229760673038665431 20.610713385838835165 21.8668093296862871 22.063329497239553945 22.230492814414713365 25.303989876122916058 26.554903207728248304 21.484266639043035241 24.154407332990746937 28.072386239565169319 29.206851533210542726 28.733542331051385332 29.754708521563554058 24.75065418354450486 16.894163027938514432 15.353777960579165551 15.906165140337543917 15.045421766651850604 14.97075307885242168 12.969634122762048634 12.904226623784701644 13.705224031928267436 12.808152713567768188 12.347684053919312674 10.419371070107949606 10.255279310459805231 19.334422776286867673 14.138081768496190804 13.365065414087158757 13.41106853445386804 13.352713398429155944 13.071967349047413975 999 999 999 999 999 999 999 999 999 999 999 999
13.620148199800615529 21.946373272177666536 25.06850253000568074 26.12058664518625406 26.685651277112295787 26.066636611771833998 17.904641942730116 19.714868164737332279 17.362714234371701139 16.320043609163811027 23.0148500072070199 25.77172946184175828 25.493814807946186818 24.38555301624370486 23.210716283735891352 18.447161271489108003 18.025250504360517567 22.632573747634229022 27.957914875748976158 28.524158148106060651 26.004617629981368054 25.886842771998360035 16.13480012170009914 16.367473817144045256 16.120528948736549069 13.680617365101078065 12.808165103022282949 12.860288537642222906 12.867414495172553757 12.976104788156467507 12.965079409561216295 12.684715966973547197 10.530485912060624898 10.597613765258477869 20.653493713325691061 14.283234666137527569 13.664853705569065312 13.395757928914703072 13.15918624506550394 12.751981404331736769 999 999 999 999 999 999 999 999 999 999 999 999
13.589919403478917914 18.74654924337945161 23.559402380615676265 16.017856187791974065 22.276484942906993325 20.223835212542919493 16.043569726422230559 16.801931378469877387 14.736614820136704651 14.92550651929850325 16.741433492833195373 17.674177160305259093 17.544868280515714787 14.673527563860082168 14.122893488306035081 14.258879291559061642 17.337197337487914695 14.804485359249380139 15.805769264062044854 23.555058900746345785 23.421828704174636471 20.550777842632268033 13.927334755825029333 18.346317919251873718 15.594521530642435181 15.723705925617435852 12.885947695141457103 12.895067119036573544 12.852526014305775348 12.627728288545268853 12.84560357422142296 11.979098544014734173 10.202356303864441145 10.806691396802396099 16.493217176321429918 13.316027276777361976 19.541788916852432578 13.315679915995447757 12.827090424679397529 12.396713928398378712 999 999 999 999 999 999 999 999 999 999 999 999
13.729457673937270457 21.521958054573737229 23.302086788462325728 17.586621481850237103 19.684507850230570369 15.847273038096135522 19.964716100244920938 16.246837886127028838 14.352188264982524757 15.183843646048494236 14.311325075515846095 14.452557466875093795 14.178764798982930628 13.725915908703424151 13.465892454375413934 15.360670747569656669 14.527405107496276671 16.730123864210892037 16.429752052625136827 21.655434255539979915 21.357247265381310797 14.62227817431270438 16.458188391147690055 22.297845063263387999 18.225045111771226658 22.232387758186369808 24.174686609318492003 13.707766292610243042 12.680903014658786887 12.551531184905753591 15.591525621602663421 15.943461003104310691 10.27239042523737389 12.054539347438497643 17.805001913364911559 21.220457146773028967 18.718055068602701851 13.294119783257357881 12.569100849071837445 12.539617698119892353 999 999 999 999 999 999 999 999 999 999 999 999
13.792007931534550735 21.758233340480124696 24.49433406860477902 23.355400534520700973 23.946849378346893644 17.089469733853849931 15.98971470746150203 15.110609166151805383 16.84570673909123073 17.11818755713121476 15.484685842327381877 14.752903197965293813 15.059895953167325544 14.209315752046464354 13.404970069274883215 17.135774619323772328 19.259581720232155533 17.146891144878885882 18.565981953129913506 16.337930776386333065 15.047526469302473728 17.897439053038727508 20.291039312140874529 18.478040462418295675 20.490149561727804439 14.831536623131750474 15.808643041937306961 12.988858309839134364 12.353015751911730291 12.388413159863006285 16.530989124347101438 16.264822736572540407 10.374162663671596007 16.501301485874435571 18.797417146639332941 14.551485469948845619 15.460524059417910081 13.026784324236325929 12.361907153354604105 13.04977379703793261 999 999 999 999 999 999 999 999 999 999 999 999
16.05529451263696572 19.932116303971803006 22.324634686734807332 17.235358532693325628 22.518321861389381411 20.828210339733946199 14.940049716622134213 14.597091321309619616 14.971628611823899035 16.66977363461621664 16.218368013018231721 17.393401617948800464 16.574940327370171644 15.89089135765439309 13.298131695799572327 14.40146565489707875 14.755963037414570493 14.945719743420323056 18.669150815373292573 15.473416526354682787 17.249234720872202331 13.291287065907789966 13.618538558947932415 15.938617026558464573 17.016096972733873116 12.928248605598115617 12.987646827179563758 12.572048656229643626 12.280200408843166215 12.381266456708335255 12.29447956097583905 10.425268131852913456 10.395655416487638689 18.17987935730061011 15.61940200224026043 13.769034343339846771 16.028245243041020274 12.960987784757238117 12.318443142298747262 13.375284363376490404 999 999 999 999 999 999 999 999 999 999 999 999
17.109067417442499703 15.504668949208559425 16.376459608616393382 14.707806215691279661 15.521637706068752038 17.030108772098028425 13.610319132849909352 13.568245000851275606 13.550705933993885566 13.345206282022434863 13.36791050445672191 13.301010340927872377 13.85599878724246814 13.18248158919672619 13.092507357638188736 15.762116813061471277 16.711269703870868852 14.563668181363105703 14.195300366994883845 14.872542881868074716 28.432082288195431374 20.767489643784895037 15.617084772750972732 13.324150724591055095 12.471675695249983207 13.763163105630047411 13.872451368855667653 12.433710348453251626 12.343829281129707454 14.423316739954485044 11.447364873272762864 9.9906429415557411744 11.393820839521369592 18.158082382754212603 14.27801876963579808 22.508619771142427624 13.644352753318507609 13.024143684707345514 12.590283798691412898 13.448913351475914268 999 999 999 999 999 999 999 999 999 999 999 999
21.908327225840352526 21.675303907249748647 17.664753313305933347 15.012516039345545238 16.223122708258870261 15.356362603552808466 13.62802038718522013 13.529673412364855878 15.917983409837065167 15.298451374401690117 13.66851607703542193 13.366596697630491519 13.78254721789146231 12.91189367339570282 12.885372316794358127 13.374933490533281955 14.374034841025297382 16.835975054622508651 14.955087004518734517 15.713428398271359399 14.701882448780445145 19.144334229180923757 18.139218960051469054 15.151847575000280344 15.400239678920923936 14.21157378127488613 14.697450533762687286 12.353612286245100549 12.827034348932656371 14.721260108658155374 10.152944816539678285 10.211380378036222893 16.963873370702543752 16.913427395341052772 17.437282770158223144 23.145343104497936082 13.7682440617774553 13.116675730980256631 12.880809741322609696 13.032674080818752671 999 999 999 999 999 999 999 999 999 999 999 999
22.795016423563012609 20.17955583967199118 14.224568931107743452 15.154929481521222101 14.558110425886324535 14.643361990388564564 14.0472397661793309 14.216258978831950444 15.68138681821631053 15.942931453617932291 15.886528745893214065 17.164671535343618558 16.782799717774988579 14.861258988907975365 13.149786050270888538 15.595515824146627182 15.607650721600387911 17.009765166114579671 16.043444589913235632 15.820672925688118227 18.664978380597634811 17.488916221486974223 17.333862161299510518 15.982940211639302674 14.637221932735165808 15.353362970343884086 14.583882629974539213 12.596044212668022766 16.629175113319462298 11.22731008212199022 9.8090523104717721736 11.288312898185454358 18.705976166454572507 12.981378443816810275 18.460957059288773507 24.368081852041193258 13.373345325967623154 12.93161691027835758 13.079833094282518502 12.805818377666035701 999 999 999 999 999 999 999 999 999 999 999 999
15.789826082439132549 13.824656246318269837 13.904338048063815236 18.361982594143238856 16.796300132927701299 16.83262960447715173 17.503386069167159889 17.465194321045075299 17.568384407191796726 15.753514992942543316 13.735051307027625001 14.53080900625736227 16.225672292666359908 19.579367934531120454 13.283126523980703482 13.286911645813352933 17.705668640060469698 19.210318047623275106 15.015563423181889746 12.948491649537736237 14.358434749231253846 16.192980637460500759 14.533705445191557715 15.154042735454384072 13.818249949825473166 14.689812483808266208 12.415077550700912568 13.612211602622521056 11.709593472890082566 10.010331428932996545 10.271509605915399632 18.430371414476844905 16.724449241290184176 16.259061707676810471 22.000790363818342854 16.451541826329695084 12.993479325072488706 12.678935185346761116 13.390954343367985402 12.401332207923001505 999 999 999 999 999 999 999 999 999 999 999 999
17.755212214139838522 13.949284409439357546 14.12453007464764454 14.410751423531257487 18.315853748265009671 16.297197408617552838 17.169250105693798503 15.137877109024145739 19.004263597796374086 16.721281264293804014 15.92073103529789968 13.585454110385517978 14.775713365652194398 12.426737502790832224 12.727859008888982473 13.038403160474445031 17.204594757932227367 15.266365538766194732 15.973206125421839374 16.252989836416194436 19.474643501347756569 16.681336491044405079 15.997278535357002838 17.957825768898633356 15.41156988734202038 12.733526880029138795 11.840044545558630062 17.527051145856617609 10.793133637470356589 11.304812021100998365 11.857962488900861686 14.984703954837206297 14.154255360773783323 12.594093026881759911 23.417119949770846432 15.007858654545641386 12.748592747122001967 12.423234401744347011 13.0347130550738175 11.934456831616399697 999 999 999 999 999 999 999 999 999 999 999 999
14.07848767363240583 13.732462347786281498 13.327199250434093258 13.759171288545154255 13.978285603157171835 16.490789941234869076 14.106109852799910698 15.571227820696723398 13.841621326811967663 13.994406493885499287 13.732452857706103799 14.134108483656822486 14.611417235210575782 12.639180154694978242 12.264775919733958531 13.341832923923558241 16.255486087667264883 17.829983209497349605 22.493070794011572389 30.008105835374937698 22.115819050140263613 14.25019395847112591 15.550316720565287909 15.552252056669507496 14.622091118673035126 11.768515951937693842 14.230721535321643856 13.047701667562481731 9.792128351862352531 9.8190709756677545528 14.436524256507588859 13.565470850155026739 12.667157884311937011 12.751826299227255745 15.677223133756227114 13.123028274496462586 12.39141400640565216 12.250897702982584292 12.486749776975914372 12.651343013823135308 999 999 999 999 999 999 999 999 999 999 999 999
13.487911164355921301 13.952687085066743933 15.298853011646004418 15.970926131420068117 15.731454864409119665 14.483746927719590047 16.366262883882772172 14.325276879723487511 16.421951588380274245 13.49970599034555363 15.638960242186152882 14.12293353486364289 15.721342967028306248 13.783419932572678945 12.115718617028075954 14.004045288609265896 16.409089218095402885 15.450029394960596463 22.618378018666607687 24.176985756741292022 16.425598262281038586 15.691068554114110611 12.362089804926654324 14.695241877794426699 12.055259864674885861 15.198379061888452668 15.076964742704385358 10.393752633638719374 9.6777364885549630458 12.272802677325119092 14.594556283582278411 12.701931874094622543 12.277572504970153844 14.529642628246435265 18.500022977597375018 12.317843745788513488 12.132687066101498274 12.818829040436908073 12.736809030775093632 12.582622442739390678 999 999 999 999 999 999 999 999 999 999 999 999
13.505832282031876801 13.954969079661973197 15.400165925500358455 13.635469060965302646 16.48231863616741677 13.465463389260586169 14.058335898123491603 13.916375073087298375 13.277265738215263013 14.436940012356826557 16.139644041898918658 13.749613446751713042 15.665484470847532705 12.29334555002652607 12.104025158207877055 13.973645257631407191 16.519660875457404359 15.701528933487697515 22.89068929789482354 17.909768971019911277 17.142605800774255442 17.067441940247864096 11.913744605004666255 11.63002588256809311 11.492185838782845053 16.573416269152367875 13.621710144027494138 9.7508483770451448436 10.527597188540330109 14.193963621200715863 13.089544230784410317 12.193626693788251814 13.405361239573535315 20.214736794863494396 15.526637103560936737 12.686148486786011702 12.544353451413758904 13.148875207505076546 12.723823667454555064 12.55828801937967576 999 999 999 999 999 999 999 999 999 999 999 999
13.062391159164628007 13.502848073794943673 13.936284007846929001 14.445217670701760326 13.340536790155887559 14.062288316999683957 15.492584420769615505 17.051773523235066676 13.130495113683940289 12.563520546320807725 12.673172849070523327 13.629211740942142939 13.040863207079555153 12.220251982478337993 12.070935323699645281 13.902727818573897167 16.065868021116727959 15.144504269328052715 20.159133976986190362 23.332738703117765766 14.436515216331876843 12.424922295972088193 11.404640621965638658 11.645809545046651223 17.748069607734080932 20.435869659201124193 13.707430090615067897 9.5846983820048325953 13.436515627738183198 12.406467057300245571 11.810456248062340734 13.542126885614754528 24.864081448902592086 25.446051688507100863 12.952369689487918336 12.514395618241612951 12.584537553764088003 13.182188795127281367 12.569396587218660599 12.440797983516528546 999 999 999 999 999 999 999 999 999 999 999 999
12.847702235415255245 12.846321082296176641 12.824165769500371681 12.917270637546712564 12.710207430810717355 12.873203893941930431 12.957714431619526962 12.967407589916261301 12.846406927260442643 13.160399269727049543 12.677784815758583292 12.55756990391346406 12.182909033390322051 12.175753386003126622 17.642720100145030671 15.316043154692479789 14.755924447892276419 13.575820528784440455 13.262800990561771641 11.497093959171754918 12.927722638335389149 11.637277803194985282 11.157611196677876819 13.902897429160315568 17.869034187103661537 15.84242762821807915 9.8375555680318083063 9.5666691547700768439 16.965193873533944924 22.79849155520678039 17.369481011621434874 19.989284281624197348 14.382079045409643214 13.310591586295467792 12.34901998989777816 12.25641101176172576 12.32693400370176029 13.102557617822336411 12.4282074802850655 12.212788161516554553 999 999 999 999 999 999 999 999 999 999 999 999
14.846202999217481988 13.119450705097699839 13.326838695979647653 17.654964033981148219 14.143391245891715258 13.686092634567815551 13.980325486190576356 13.834376794274904299 17.280427627164357318 13.79703423440518506 14.465546178189390147 19.666812014618702875 13.996528824424968818 14.226795237701521657 14.18266240582223503 16.403978158748898863 12.78648498105583009 13.120544517873270252 15.83703755593989726 11.201773404897346964 12.161741680294205992 12.09901576417461655 11.574758738459255625 14.348872710760987914 15.634934582377473689 10.287247254654774409 9.2829363242710130066 10.191292037802458736 21.2438892437329514 16.240103574843619327 19.386662839129986224 12.846260197472307851 12.355706003952699135 12.227855699686360325 12.33931345482168318 12.377332384957812295 12.179380726764009069 12.736836860907425617 12.122126168298459348 12.206762397891472105 999 999 999 999 999 999 999 999 999 999 999 999
16.751934297504178062 17.107947923827723002 16.796509585168468703 16.676046750647326888 15.998591400818183317 14.469891052198583736 16.07209768468312916 17.204820848348703066 16.064682487469166716 14.769024549206982044 16.753169682381034988 16.120550667063685779 12.393427619897837033 13.68853715261052173 18.909389741126034323 13.681742601418243055 14.580022155364900982 14.843307753843122399 17.832648697989274211 15.178213325327986283 15.219352918012383213 11.76056048556884015 13.428968452504234321 15.558669402874281573 15.099035808999181185 9.0926254479053962854 9.267048466049315536 11.292554005455528454 11.939414522057434809 14.635307055006089527 15.177136556912865117 12.197128705410381855 11.985119594387235509 11.988085113721977493 12.221986058884604986 12.121925978308508931 11.945690569380689183 12.268974123827899092 11.721524854612436428 12.003230437891815541 999 999 999 999 999 999 999 999 999 999 999 999
18.585354712449944969 13.940655683647451113 13.947069513829031706 16.009426499842870584 15.330839557500587134 13.54218304984249599 15.556780223677009189 15.911768330228305501 14.682789062568604166 21.54631419870274911 17.560857820257101736 12.295886593374140361 11.89944328337769619 12.999361497133230969 14.069559903830658243 15.297633811634973711 13.210564178874230734 14.90508526569147385 13.675456607546909282 15.103531404263463855 15.577453680014285098 14.701851785368521774 15.255269333039253254 17.75446263575168615 11.574140912028353156 9.1822889867669807984 9.7615203306183015997 10.605763158754951903 12.204536307620692526 13.012854594473767023 12.480109327030591615 11.903142885802926898 11.907215064688688955 11.91690143810323832 12.047049160803881662 11.989697923248675338 12.160571651541269844 12.198359608443299251 11.619790876665264889 11.739131578451072357 999 999 999 999 999 999 999 999 999 999 999 999
13.549309960521934926 17.704645009764064412 13.208941854549131278 13.600972495723240741 17.362540138756333619 13.371062378019113126 13.725736261481364053 14.811032428850968046 13.371955672864386244 13.009543975084771006 13.990478846487896192 17.48575360895083719 13.946898739165545678 12.528683773703020776 14.037917306729749356 14.500216243132744154 12.881351345531705022 14.217305028960256053 19.847153581332030114 17.072640100699846499 14.476575669521311696 12.885687385374469116 13.992375175498260376 16.060920764653410231 9.352193825804606675 9.1343958605138428908 9.5682312632089736582 10.981604405975557981 12.023754444821793896 12.455105976939044865 11.997685453391035537 11.898077335400124355 11.793377179810100586 11.836506684692771785 11.952700870663214516 11.840911976417892504 12.359795165817722307 12.015973102146435991 11.561282472516799302 11.503633538191746055 999 999 999 999 999 999 999 999 999 999 999 999
13.192465503131034055 15.327197911521134088 17.277974724930341921 14.177849343169768304 13.319213407930233117 14.470703564586736789 14.109549198664451453 13.503745088672976848 15.588655790844292426 12.238326867470664894 12.832455508746603456 16.347431030353806847 21.632350262135098262 13.224248668029401799 15.126444868259646626 13.406086346902984729 18.470298247212600273 17.354417152025398252 21.758398250379631378 20.579923542658811186 10.927704575091855332 13.427933419943453686 14.245360510145332 13.628082626585394266 9.2641727387697141438 9.1920163449732879002 9.5481302605681293016 11.089401303587749226 11.790107525615621142 12.383678988274501975 11.972112986454803263 11.895149941030963348 11.883824105242922542 11.751805227245567309 11.799109999128996051 11.746593530814214645 12.589617230456083163 11.749097166550324545 11.397992739580301347 11.535975986958368011 999 999 999 999 999 999 999 999 999 999 999 999
