BG_FLOOD/Result/3_dem_raster/combined_dem_raster/com_dem_raster/com_ascii/generated_dem_combined_angle_90_x_0_y_0.asc
ncols        192
nrows        192
xllcorner    1771145.000000000000
yllcorner    5471774.000000000000
cellsize     10.000000000000
NODATA_value  nan
[rows 69 to 91 of 192, columns 104 to 155 of 192]
14.941311207652990589 16.072794538585451818 13.419327834538195887 13.939337887830514973 13.223418186390809126 14.712398074067635889 21.613879202774310073 12.849801890898687518 14.392846524839278288 13.408639163559065821 15.529429609568161652 18.111822929859773268 24.9132770421430223 15.477398544119756352 12.41179479643063388 12.226588616895902817 12.478647779517832106 14.806545557315784478 17.69557386225118023 16.042311387798893207 14.172763163016728782 16.856162612592534344 14.435381815089794344 10.774673976804484354 9.1464531564811792919 9.1708555450027109401 9.6678040449566680081 11.26351730003516316 11.995486709854906948 11.827516444584466271 11.848555109425547016 11.840317461941303634 11.806501832660631024 11.751444788773728334 11.717790752322464698 11.770502540537815861 12.57946222352965826 11.515697054872292782 11.46418454463196035 11.576447812905279022 999 999 999 999 999 999 999 999 999 999 999 999
15.75836641423629203 15.931664983467753061 12.168179273455086431 12.422620385496738749 12.469066403326126036 12.601664207519801764 12.65689721934016454 12.318595318039886166 12.256518047400906113 12.098660174265251754 11.868135893312642182 11.934684692323530797 12.097563577100055809 11.813457251685106186 11.568574829079750543 11.619036725243097052 11.366145412460234354 12.380654592985623097 18.337253139829677195 16.0181425543483833 19.240285400871382393 14.734281463490459529 15.901704597984556599 11.432083285282953256 9.5269746846923677452 8.9986430123549965288 9.6989738480662310849 11.386740973524407394 12.085310384923614535 12.207998824726821852 12.069132112963293579 11.854256002075750587 11.761562245800565307 11.606751002852043086 11.612278414170551954 11.64962036079238672 12.424190672256564483 11.360930290233929085 11.180733797997296719 11.559618261552202512 999 999 999 999 999 999 999 999 999 999 999 999
14.803770753702554686 13.753036930800561777 12.155361305113329351 12.431402494121154945 12.417496610844761307 12.558433908877351115 12.490283330370784753 12.251376034760111722 12.088768300899308983 11.970874813780667978 11.694850096222875635 11.595542551166424516 11.552885572595345209 11.515998606826626016 11.496775157027656178 11.490731676084147139 11.189727136715589495 12.021369606768873339 19.213904475090970436 13.721590830575555842 13.103965470451596431 21.049736586637010305 12.224072370139300148 14.108752887289977451 9.023275017422953681 9.1511990128011948542 9.7694245710258886817 11.290454400039424243 12.241252491496318555 11.923577889046590883 11.774829031207234564 11.701776740148218892 11.548448976283285816 11.434689757499366891 11.50365242889599493 11.353376615473699474 12.402814188210209423 11.245932219176310696 11.126908965202881419 11.535375818805460923 999 999 999 999 999 999 999 999 999 999 999 999
16.509029108972093525 14.108650855583723782 14.02251972418133974 13.329769976231000683 12.49247579749519943 12.795526823608854627 12.836922483579719767 12.226189537747401914 12.123111045487188875 12.157572388238591543 11.67905082742666778 11.571687786126977571 11.521469073495570257 11.574258999893951128 11.547211099928009759 11.386229627410973109 11.251869736705254255 11.694736199213094707 19.535561494702989194 14.841840109288789051 12.276735606337725315 21.274989569193891725 12.179312430482548635 13.674060449652474247 9.0529606291364039805 9.0247592237729499232 9.5636693447994911566 11.410423634510602042 11.726074372740923124 12.423395529931653414 11.808072378193047669 11.578125510480695937 11.540980764992655239 11.384645427915133453 11.41832494507143636 11.390100408849443525 12.495188406615541865 11.031748133805914236 11.385756400577243141 11.089687619210904401 999 999 999 999 999 999 999 999 999 999 999 999
12.280364663881917053 12.174082749220682231 12.168008743835262209 12.724547127296073512 12.363069746806438332 12.694773405697748814 12.519888825050383474 11.977576156745758595 11.843014352526271438 11.82075933342369467 11.469372125194174927 11.450053497712641359 11.41766620433121382 11.457806777986213831 11.536286857623226254 11.359757505805395894 11.225458700777330989 11.165042490843896772 16.083850724030039459 14.185121209082860005 11.094757757132644116 14.050263477648035959 11.305061409598717859 14.540656912036702408 9.1621222139182183497 8.9353446890158689797 9.5792578178599221417 11.24583919767103346 11.782502088120891059 11.534349500756629681 11.587540901250804382 11.589226568669879214 11.440749646724862387 11.203770211974312332 11.327478127572618405 11.384864973523377785 12.1845849003492539 11.230772534635889315 11.072228465792589347 10.767406781501039248 999 999 999 999 999 999 999 999 999 999 999 999
12.068728561648226716 11.860822558014477934 11.68508870960286572 12.016472236228533887 12.187127198122691851 12.192220106384411338 11.97481561715993692 11.62449725369112663 11.439494460821862276 11.330045450043256139 11.253541187437493321 11.303318745560593683 11.268962809189586594 11.364625981394695486 11.432287301106086375 11.32326948636973718 11.27187536815091029 11.617169657025723239 14.276909656406029825 15.432849150968134921 10.849170849628205104 11.633351604598951567 10.702145453080657234 13.584864976976971818 9.0307801672598930764 8.8793058500658563759 9.5461994333905924037 10.858794633031077836 11.425781813534586107 11.355828776341802211 11.708298274724668886 11.42570638679981343 11.184379113398028593 11.136406808292280246 11.147269008673594826 11.067478134880305518 11.710482665498563648 11.174066602997905662 10.867997472271440529 10.607183704336726748 999 999 999 999 999 999 999 999 999 999 999 999
11.719486820890896439 15.036922547937702888 11.532297485075796217 11.737702074936617436 12.116445963523812424 11.82061043622212182 12.122304013582294147 11.420376990135606476 11.311147043222975483 11.441218933569647476 11.333709505024360809 11.311358515172363681 11.330774096447569832 11.279060305156821897 11.342865814331183572 11.26583718310112836 11.218111836519970126 11.415229407001019624 12.101515446656952335 11.800109587686700152 11.466803860590683684 11.072813804435396534 10.685545959994769305 11.44424014190959582 8.8965762307372653339 8.7935624294466627759 9.4182103147320024306 10.326527064442936776 11.248572425427003196 11.453209499816411565 11.41763865700217373 11.399908295959294335 11.146342118898383333 10.993592297330618379 10.861116054927594021 10.857784646156263264 11.664330224948228576 11.023418188876631163 10.849320258458385879 10.635011989500556595 999 999 999 999 999 999 999 999 999 999 999 999
11.819332698493642653 14.359597064449085124 11.401484309152380092 11.718826139675524445 11.704908619907062217 11.508288279663780429 11.545593559686953 11.277447167864540489 11.23260959675667614 11.309757381647843388 11.276047882696827784 11.312166789758300922 11.203569310939897719 10.947749616403966044 11.338550181160995223 11.053072493950228505 10.887387543448358684 10.928301561903541739 11.500273035354341644 11.535728847187169066 12.186195915190397798 12.231711110785594698 14.195533511277597327 11.305688506596705878 9.4921288513295341005 8.7096016525124486662 9.1255756504613234625 9.9038527264005189465 10.944045900963763174 11.326134072608159187 12.685427882113973652 11.736353353801188604 13.889292329415702909 10.878308971088443968 10.642430133749767762 10.74689425351165184 11.551788162947852712 11.064138583617078027 10.773150890854763517 10.509225691873265163 999 999 999 999 999 999 999 999 999 999 999 999
11.820039585159232587 11.414002571968781652 11.442902871047113678 11.512456971141743267 11.412313528595658951 11.318529953328324567 11.150887609119026322 10.98713371531557037 10.942363913784712182 11.149356888168012958 11.186400318128056242 11.15885231487576057 11.369082968586381455 11.057686697052455216 11.197697171022447549 10.933079071790761105 10.705858846565922349 10.858408654427993412 11.209874432356453866 11.47881092545253523 13.163574188830503786 12.479111626204494101 10.669680223539057096 10.56350536306013943 11.538203459391063177 8.8000238499405849524 8.7267200449108983662 9.464145710082368268 10.758974199096314806 11.137168282017659848 11.651508785357640008 13.65619252531555361 11.699778325308981763 11.253043593343369011 10.657305146847447119 10.592253477286295293 11.507332326486872986 10.938628240653924806 10.609142242693334168 10.525618379537593938 999 999 999 999 999 999 999 999 999 999 999 999
13.26116116931484612 11.702515582707016861 11.29442561074827367 11.023420990615900195 11.469185150392766204 11.205731793906425153 11.050068306564602594 10.786635492999065988 10.718247221538030445 10.899705928415640344 10.950921128336918997 10.976402681997852184 12.517094698636389793 11.065691062675458767 11.358520821595305961 10.913730856212135123 10.916142658115246533 12.10278982790761404 11.321075492637886484 11.646031740239877195 11.561708453989647083 12.18295116160151359 11.407837367004091789 10.334581464770733916 13.0569072138577571 8.9623852636879064448 8.6412240444839110154 9.1549964951062179352 10.2651170414104147 10.846474418675992268 11.238231103981842551 11.57514527882463895 13.575809025169856881 10.923942152922650806 10.561745806122770475 10.564110106162527103 11.469094532397432928 10.735300883488340773 10.478107927166501412 10.426875120577093981 999 999 999 999 999 999 999 999 999 999 999 999
14.201976257210974453 11.101977815332086053 11.07065275311271968 11.236479639723317092 11.124431552930493794 10.871574344747807928 10.776753915377312865 10.800820213607412512 10.747577145352511963 10.814090949994190183 10.731031930537096031 10.737365385090335224 10.772548795374859765 10.99866587615051472 11.211220827296429547 12.643508333582005321 10.738052193628961462 16.203653141463878029 11.623283259820002655 12.155354184683597296 11.456033169884396017 15.652514384208876308 12.909241817286904563 11.226916238004575277 12.869627471417956599 9.3449021442438073848 8.5853978925268830125 9.0062715426194923651 9.8120081138130252896 10.561928128600175825 10.711828642650219834 11.023024490651385676 11.519372253524876371 10.995905872606721587 10.692292637262173827 10.544239085417006052 11.630437088040050497 10.620952400871908949 10.240191931569027517 10.237535121670557459 999 999 999 999 999 999 999 999 999 999 999 999
13.55006960360324797 10.891768440367732396 10.915713957959731317 10.981263545816712934 11.226286054012453164 11.312434277989652287 10.922000244366296684 10.534897957674896674 10.718323723823894866 11.030801552649998953 10.746483033272927088 10.677590742448771266 10.803043928206227164 10.888115768980700437 10.913115663049582693 11.059838666410080066 10.450994608964823129 11.215771780922667133 11.32203511253902839 12.211932574926510853 11.691236412726967231 11.385600045785663426 12.477062939113181983 12.241931506861511991 11.985371480804035471 9.7822857755759073939 8.6028916808737463384 8.5822469347764940295 9.2705342750574164512 10.302185515696946183 10.557199753252604069 10.794821889571327489 11.302249893330962749 10.976090176617255167 10.575251825051866561 10.366871000982225581 11.299797311183603199 10.560664866373107529 10.205669250099383305 10.147540838802569851 999 999 999 999 999 999 999 999 999 999 999 999
10.985535919047693554 10.690194214137143547 10.901966380139549884 11.552714580276470357 17.57773176116316094 12.153224745263969453 20.483551150454172074 11.261265679028559461 11.173618919210793976 11.797283425587853145 11.157888048232562639 14.909038813336463747 10.86083596044710653 10.793549221486500755 10.865994563900322589 10.932046607972809582 10.849724912577134006 10.504241592319887744 10.615316899974297726 12.031417240107414202 11.570520702931839097 11.201488794765255719 11.92993085478116555 17.710758466576002945 11.025539068666565967 13.344549480961672927 8.8678063514768048492 8.6554057736518679178 10.016032839796235265 10.108045134490035721 10.400578721352506051 10.474074306576600435 11.079220849783652625 10.799443014430694987 10.543629485693511327 10.2499364014676555 11.066618823186072262 10.497336406041572587 10.174969146555884691 10.07838624339829714 999 999 999 999 999 999 999 999 999 999 999 999
10.681684402031935477 10.582687206703328187 10.87171833951621025 14.211845250851744993 17.199953156058636949 10.771564715824890612 11.033011961580823979 13.13436100618704927 11.661433471278934704 16.007036633090802269 16.102178269651982845 13.011379654009205709 10.919380948487953376 10.973216468833546955 10.870342594408002768 11.017131730496414477 11.146477918663563855 10.872975954567065671 10.762439092505539762 11.970273046978562093 11.306433711991443758 10.909441632180751469 11.121329576286434815 14.617986828294457169 12.388077659281615084 9.4046584414959788489 9.3448622881654372918 9.0214974061056043553 10.623909429854730746 9.5074044923491420889 9.9572760920433811549 10.39332336061598383 10.629776329709835991 10.707566142452520808 10.51215964576998374 10.228583459116668664 10.764795635602585122 10.413024778989365515 10.045038651645819883 9.8859386932157828909 999 999 999 999 999 999 999 999 999 999 999 999
10.483678335845199925 10.40906440025327484 11.175373525228604166 16.143581921513764144 11.433617642370002443 10.595774818958597407 13.178019661144434238 11.280119121985784147 10.864151989093581818 12.661542202217766828 17.465760987807264826 18.47055584953068319 11.290796232065771321 10.697629782549837429 10.908738644861813327 11.177581156686459352 11.417506920735764453 11.380778007636354943 10.70550086950267854 11.905748971957473614 11.255978839438510519 11.004415825391580697 10.749009394877923285 10.809329169539580562 13.011804482008852091 10.65530924327608453 10.095393730393178444 10.60279786712392891 9.6221230012342857663 9.4149370914690848622 9.7536408124878821724 10.408880327718136982 10.384190920701660943 11.162269547180176943 10.623232975552165058 10.284731198245077977 10.826114026259702428 10.260808109646832875 9.9581059066419275183 9.8336879410729256534 999 999 999 999 999 999 999 999 999 999 999 999
10.254670327206179437 10.389027491531001246 10.292378790459334681 18.622961756749770501 11.324790350156611396 10.438336405534281326 13.161173372558886641 10.819893575713456002 10.759773853116493925 19.111353759678657127 20.301271203810870247 20.427483327206637398 11.833637305554656649 10.548578811121464227 11.913104789511510972 11.223993640504300373 13.057766616306333063 12.15230699492604316 14.246079358397205183 11.988699641753525427 11.221730840044527255 10.846457844108014612 10.731031757218680411 10.727974996530180718 10.797161812956778348 15.53658220330970785 13.20529339689245063 12.708047402379769153 10.582146105715832363 9.7253259168337322649 9.1527139640224906003 10.042544800975200303 10.732151985000058403 10.849035034027043167 11.206042564476485168 10.389181744274559094 10.9428860770475751 10.213309627268325031 9.9020330108893741539 9.7384123386479437556 999 999 999 999 999 999 999 999 999 999 999 999
10.243260734689126679 10.310111805804600849 11.451060624505105423 17.772563791025486779 15.603515030868967628 11.183108229295594782 11.7467381194627567 10.839437436162732808 11.271510862591725299 18.475454916483045054 17.954777573040523464 21.26037269383422057 18.924209499158521908 10.88448493053639865 13.79745317225750334 11.350787288376386286 13.501613839900489467 11.839740481390100157 14.296999692006458815 11.948861011996866566 11.679493148455334151 10.855288426483477693 10.944887311132003305 11.283298065587432646 10.672021124206864329 11.046606556082856798 16.058080525505086911 14.743484981340230888 12.383683707919448835 8.8615693528537011758 8.9049669177337449355 9.6318172894613613977 10.830033838764787646 10.791480820091409853 10.741020462712759453 10.568281090792671861 11.133227997491097483 10.116240928461492032 9.7999297950490475984 9.7750362699233477315 999 999 999 999 999 999 999 999 999 999 999 999
10.625299452138079914 12.604852582518150328 12.709348983380735376 11.730598643277643234 12.648797868476016504 17.121824667846766488 16.141560896092361332 12.378472631760070399 13.33220398498156456 11.713677271133263957 11.889587735267239665 11.473466922648846378 13.712324258052534631 13.099712604220737688 13.312428709756568779 11.280366283634561952 10.892144493841607655 13.028778295138097931 13.430231030964320027 11.672190444991276337 11.200105865461065235 11.0925358059606598 11.288987845627920237 11.13318298805009654 11.093791389467554609 10.680346715545095293 13.830692079914955528 15.805741185291127593 10.67661782480068311 8.4763642322150509756 8.59670278618349748 9.2981468101402722226 10.452983196911159069 10.783315465345262751 10.698192374817974581 10.719013299565643749 11.223722880123977674 11.115525692547386427 9.9612317219454311612 10.069020245515879708 999 999 999 999 999 999 999 999 999 999 999 999
11.164310388867713542 11.691805466835681671 10.582573424885048041 11.030974563160025781 10.536838048265225964 12.27360959143568131 13.730171360069888919 14.369107414300883008 13.045077555137911673 11.404960217078842888 11.191599051938938558 10.794998877579013552 10.124394995372091088 10.345309239884098673 10.852960751898443448 12.809036701138040826 11.088373458968531438 13.602028353864133337 12.85807694345091079 11.205326003711949312 10.84017349904523897 10.927194114721180185 10.808593483787047873 11.48194543501042908 18.342837005887258073 11.147288326942556225 10.34315236734948229 11.920426675628190694 9.0145328384230083429 8.3954863441703526661 8.6133794466522868305 10.038136302984073112 11.073025690027071377 11.017065145519953973 10.84442376353366555 10.511815606547315838 11.261665898301941979 10.093015716437740537 10.030540345758964804 10.062200651963028264 999 999 999 999 999 999 999 999 999 999 999 999
13.571471799530536728 12.028441948897887315 12.642658209787922985 11.739668384927583134 12.829415504898392442 10.45443141080705729 13.110524391231621166 11.811323143532844071 14.239321165504806643 12.658341322974806076 13.539882300792910996 10.270011868934995292 10.577037945379071715 10.32428497943140222 10.198590705865614225 10.323661962511136991 10.393334459757397781 10.747004208030439543 13.108549774853067049 10.665024990087770718 10.643294242060100885 10.731902656071033775 10.874951431011217196 11.274646757361233895 15.873427625815452302 15.07748871728515816 11.831749036789863894 10.235086487039401604 8.8916913635288370443 8.3073630022268503126 8.5682803678272581038 10.10133875666262071 20.336353032116015527 12.853630343881491171 10.851135815573615062 10.513700786736363213 11.09201540310198375 10.119095612317243749 9.9650068327767264975 10.052965039815093817 999 999 999 999 999 999 999 999 999 999 999 999
10.378093845677334173 12.102278978437073675 12.433129068885113711 12.527697447978193068 13.54771182098077098 13.309827405596671213 12.901192625562785565 10.616263150677895055 11.484432074247607147 10.333736223811225585 10.435810029010577082 10.525402132536720856 10.562912192154525926 10.446224180899648104 10.319514455087338334 13.035137218244869928 13.356636970934973263 11.061171916971170859 11.318589384575293622 10.458100335750193821 10.471627004550867923 10.560609714965323747 10.654651924638097071 11.0149789592464451 16.412996195537346011 18.14072267353190071 19.678875274108275306 10.611877424301569661 9.7635612118305452611 8.6248439317467990861 8.3789855787955271893 11.444503097144467674 15.382393911784056684 12.301994916704002136 10.79526057773909109 10.439266869172646679 11.171613520393401942 10.111932886673175247 9.9111709226285586993 10.022786961077059686 999 999 999 999 999 999 999 999 999 999 999 999
14.137695736867634366 10.845186849162537612 11.052285751944618042 11.111287724379987907 13.010530012514108122 11.407837366118206646 12.204710947373142105 15.020823065044559996 10.472358424766643026 10.178748203303570108 10.038805278401079946 12.418658614565755371 11.652795682711083458 13.728022993595097034 13.748026782592715378 10.851093705153086688 11.479076389152149673 14.186972218991206418 11.086161796385734846 10.361136339701669584 10.379881853295728433 10.488591916605198406 10.526539858625959312 10.640453979164288256 10.832886107457115443 11.398227176280627759 13.428643870439509911 10.436091621982747313 9.7053759190332318241 8.5189235278069475044 8.4355342748752057958 10.162463435004880807 14.160505985265961826 12.894067862492368803 10.623630576189166064 10.386291240894699683 11.24749618396830364 9.9779861572337811282 10.037785887580882971 10.011989323369176574 999 999 999 999 999 999 999 999 999 999 999 999
10.264327408267089226 9.536670249683734113 10.866647691769641071 9.7850965661922284511 10.475167322700498218 10.412655389882440105 9.7143720235895862913 9.8444740050975401147 10.231609719167014561 10.997628758000741911 10.762196467249934173 11.305674444708218473 11.840633446560822506 13.287966836001835702 12.072619134934305052 10.130812886580613963 10.353060695828890658 15.295284508612919439 10.382055598519492889 10.219835756630732959 10.27160145495188992 10.399102242539552066 10.45261103418022941 10.520937867959405665 10.515016292665594122 10.578277689368212222 10.694942906654773651 10.318176675063320147 9.4899298012497084187 8.4460263943430433642 8.1367034066684205129 10.273732559784967577 11.360191125468324103 12.745956694423210109 10.986353706937780572 10.395226399184998911 10.905647957722218067 9.8263924709690169124 9.989564547475904277 10.0302248070349318 999 999 999 999 999 999 999 999 999 999 999 999
