BG_FLOOD/Result/3_dem_raster/combined_dem_raster/com_dem_raster/com_ascii/generated_dem_combined_angle_45_x_0_y_0.asc
ncols        192
nrows        192
xllcorner    1771145.000000000000
yllcorner    5471774.000000000000
cellsize     10.000000000000
NODATA_value  nan
[rows 60 to 79 of 192, columns 92 to 137 of 192]
15.431289914039703959 13.969312772769972852 12.693675274408432685 11.653509764339730737 11.524987831834312857 11.63843206708974698 11.748494599204269306 11.894729788527955705 12.12896479929957394 14.915688767901347234 13.874243127289959787 12.469846730177666316 12.633874504267627259 14.71381414345434635 14.864057080784933262 12.538239018296989613 12.101270398539652362 11.839575387772509174 14.38870127702866597 15.087878245355135221 13.340445795013106789 13.366134551026794597 12.652907472348237761 14.52583415008523815 13.746077195989863995 14.628820847277840045 15.774689571329956195 16.666677875327753355 13.476800218205760018 13.097744561768072558 13.233248517880014106 17.652359450571250221 17.497281195718649371 17.229221993096256682 14.713766171294697216 15.241262219463548533 16.527240364234266679 14.17317962731990022 15.846714511546611703 15.427729477837235805 14.419204132556222575 15.265373156251877518 24.860879043542301048 24.644723516970454824 21.690077995863763505 14.982522313540297176
17.276414306678265831 11.951197002477366382 15.614961244203419355 15.092933715862441701 13.546133409384465196 12.242719317320556627 13.197875393394499 13.859093644222181041 13.5132924259884728 12.445120483376555853 14.150298347479917993 12.460528785135464247 15.740339512070855577 12.748399125908260743 15.495560149085545021 13.493480929134856083 12.358829902963902825 11.650050512762147648 12.421144156593072694 13.767564197448299623 17.090877953465970052 13.128836806033049811 15.634277127831486709 13.128153360968429553 14.450868083560170163 13.431337667721374274 15.790061880338495115 14.851457668177591387 13.181815245595180031 13.130390019148626024 15.286981234477774905 13.441941358857127042 15.613129840424658568 14.161073450629011461 14.942805733453271344 15.641318836766760825 16.755661971238620112 13.812426540527619423 14.512450944859594415 29.107949981195584854 22.979284485586433107 22.27999779025514826 18.4338957124970797 17.91930202482432577 22.454154090530760612 21.942245347908290398
14.324385088122504328 13.790355399959478788 13.246173499630739201 13.436503661733103954 14.132005077841126806 12.68704943386283901 12.28517990568530216 15.071219287561849143 14.335321853673839598 12.836308412639032994 12.654908406489637329 15.463362340375153892 12.430233687293890554 12.482821584034850204 12.592464796437448982 15.363383159550304313 12.469124746766910405 11.717011929973679685 12.233593730379297426 15.106289719567000063 15.529483179131235104 15.238009740416748272 15.02002025490669368 14.342234440053371003 15.999358159216205522 17.683939185765225943 13.509651127596729481 13.03071193843517861 13.029557643302739578 13.155695515446586441 13.327674223457501412 14.740289076644563337 14.530719110377827263 17.598797270654706892 15.57385976868305022 13.81388017608024299 16.509675685019420399 14.124732612563594358 14.430347879132897404 22.727509149698583713 27.760415416846896619 26.054818217994789364 18.809135596675876201 16.010227678660928774 21.767981193767059978 23.109610543938941873
12.789252911510066824 14.710083738743975346 11.632911059503806328 11.698130645869504463 12.234247976945113123 13.260296196589818507 11.938458627793220757 12.31910507201443572 12.500686404011597475 11.883500947706099993 14.114489634461294898 12.819939740113106552 12.62265771543450299 12.347256399660528459 12.518517066439363461 13.034886718805367423 15.951849336074465313 11.888508891851770954 11.852245740007596453 12.629286733999695258 15.986606418841162736 13.599023005239283535 15.634021501819251654 14.119313477765164322 13.473052123750864695 13.054064240252976958 12.972093535305512901 12.888562148523980966 13.143004336960071754 13.405409811468770087 13.431744858001582799 14.034963799648101812 15.616896696646673348 13.658847224911458085 18.57636634728996583 13.588119115081987331 13.690145146541393473 14.122995773912425221 18.877702224833292632 23.288460631961786618 27.55501303036453109 24.487852496833689031 19.369549432683140111 16.300933571993816429 14.843123509613487698 15.40459167334440771
10.333447119646962165 12.649268828784341778 11.513014174708823489 13.687923888631605251 13.715056504070657795 15.915412357143997824 14.404259923188313053 19.104174260778993499 13.791676257398183481 12.852357925203158118 15.204343121511813663 17.340376310915317504 15.192700390026613988 12.896778215877766627 12.367772047273948743 13.49552366173207929 13.418400140711174373 12.08555381923840244 19.817921543252552397 15.14943934313641094 13.745692341752329568 15.725380229088857575 16.485210382818671349 15.195590743183670313 15.526987582241179808 15.156299460511412747 15.297765063071043556 13.126069537282401001 13.912561410128551742 16.142790982823093771 16.435935656803490446 13.608469479573452432 13.462741685195650732 17.968896790671003316 13.527516861882459054 13.60534058011499603 13.873908412256170664 14.891375075458990196 24.804832713048377002 19.819120382233684552 25.296714216006900955 26.990318647544807362 20.494954546567278442 14.871556978536998983 15.207456313943504611 17.954720843722839163
9.7094012952542527728 10.406539444745709133 12.878897488411711336 13.817475164769978946 12.03961661840926034 13.453110682898692829 12.176205295019130403 15.747339801409532711 13.945142904772474424 15.440736511875446269 13.120186310708074728 15.087392507149624876 18.397853348662369655 16.393152385009830851 13.806904772047454699 15.274270474683785181 14.212730730249202082 12.664323892948081252 14.434079411590843733 16.017049059395063182 13.838287912256443946 13.498112959718275405 16.539409409413387664 12.972287541425568946 13.216252094120658711 15.066569560035182107 15.071121294024713677 14.858602722336728519 15.838086467825972292 19.149309063556433586 16.516277293252880298 13.498184419570494086 13.365549887789502037 13.525281731216894698 13.63097149068997993 13.497540867100502382 18.390872468737885725 23.729778829211138458 16.269532552978962059 17.215039017058145987 23.715759970340045015 23.321945351323915219 24.147565458438524644 25.813552479491306713 23.95155722379247365 18.258669277919217677
11.549429403131616922 11.296198262958665026 12.03654143320675729 13.378245647228228066 12.053999184774676579 14.54993807157841168 14.858454161621185818 15.176926947013424041 14.391038901087071622 12.334712090599911249 12.62597561876193808 12.437360777522306066 13.812937556798898342 17.803198905263336371 18.472932298216676372 18.462096550173502152 15.510058617479808518 15.146446715824835039 16.469000879480038435 16.187788896200125066 14.576002070564715751 15.180041477376677861 13.190609411931857764 13.274338425944621989 12.505353646333428941 12.590777783165821191 12.99999989960039315 14.444360490246962669 14.070051677153784908 15.194456498514014697 13.570537319871077031 13.280172451216156304 13.373756757739677425 13.475418246473621409 13.734478482677594968 14.155731196161925212 13.646811759221417759 14.000701353579968256 13.684113197637056913 13.710741462810689839 15.874274195101600426 14.487144117999456228 23.470397714324722216 27.307413486470846209 27.104556838290950083 28.105281915846465068
11.259005485949904468 11.200261844358985641 13.74374447365706331 12.223536433577912419 13.746996405756167547 13.111918253836227777 12.149780941838628223 15.398257399843901183 16.456637533613537983 16.795613616974883087 12.108158362586078027 11.985129361255975056 11.54847800356318821 12.261743719543238385 14.879129003502969297 12.842664596855088988 15.502829077176224715 13.474953562285321595 12.985214048415716803 17.025134117787438015 14.402145054100222055 13.5364156881803126 17.806089850729389212 15.151177859878350418 15.901503892272138785 12.524996558645412392 13.547034979097444918 14.257844712751467142 15.338040719434841819 14.579552729545461887 13.114606260070621246 13.191049636385175248 13.123274340312706343 14.802209632353976687 13.370665531404954507 13.344168340115057703 13.576342155417975732 13.565777120997365657 13.445564788459428485 13.557482672026965886 13.374214389248237467 13.439408861689704722 15.956337563763456799 25.789368600645154572 26.182166675192721783 29.035005614293876164
12.465447362120077202 11.501848684094690967 12.753403370794805127 12.23724378508052979 14.752261602698480303 12.519370120802452817 17.291600128807171899 16.841629567478008767 13.495253533658079448 11.934032654117217476 13.553525603143254941 12.126453043929483755 11.933525110990174767 11.525949536154815434 17.354762957542121171 13.509481577093252369 13.717497466413313134 14.758965490486664507 15.720782339463962529 14.2955740253259318 13.351199655632287389 14.752939526538268566 13.524804383758072035 19.281945892286202593 14.575888863579875121 13.641933859886853142 15.489487607582267614 12.55888101969782511 13.41633653075825805 13.313631464228457446 13.172129971913758339 13.340010249020149757 16.328812172525793756 13.410067253711256186 13.364414172883961385 13.355551508999504051 13.261458437400936106 13.48341845638006653 13.596044007159575173 13.316565168081760717 13.257332064729743237 13.293156890133497328 13.364744020276477343 15.123157190439913578 22.89674189476397359 26.241772464066553283
12.76374148887032689 14.0241838936591936 13.874109512220565321 12.425033736982173949 14.732793824433347396 16.830535670407641646 20.683589225172859472 14.979071527984167744 13.939739700977675341 16.591910926408878879 12.48739571499328882 14.859300859098160785 12.950984346933276825 16.660433303542891537 14.286434183137901144 17.462280950436397831 13.042193459199372896 13.252081529212544453 14.255664100938831851 16.250273800455381945 13.661208571064642925 15.493655245424232447 14.545181507333552418 14.418732322493978515 16.506681149611004855 14.0265027360717216 19.22835872671598878 15.07938468092047124 13.55585013662791205 13.126595970300437344 13.633591895195776189 13.295394902887071709 15.049236602558437426 13.355027583634420552 13.290618209426005691 13.270354865105884912 13.305031065044108374 13.271258315865038568 13.498790269989445534 13.283095133995301396 13.343843010482768108 13.270198950000375859 13.797198342677917893 19.456953782362464977 24.263871174377197093 24.852333098853339521
11.773437652185037905 15.011445427712461154 12.568468149742917817 12.092907911866976889 13.54064756288173399 14.732646439877543187 11.274978270638268185 12.811024237857269625 12.1200535157476601 12.890886209173435972 13.533085551105903832 15.398171462502110884 12.525032717657046177 14.644779324165392964 14.302519400031162178 12.615951545836198378 15.0896687583777247 14.611011641917521331 13.703407580895776263 18.706597203385339157 14.603417428958344715 13.289166557194688423 14.10006486152961358 14.274884987306659667 16.000538195824301368 15.017703830192072445 20.271763236892748949 14.044949278295954187 14.014298572737454052 13.831307714882562721 18.147925126904198123 16.848620740091160286 13.942769907839466015 15.817347584441119324 13.347310670726535875 13.275045008823678216 13.345299732033948814 14.771608472706661885 17.289898941744983318 13.926225693507229053 13.306377715293198349 13.558196952947406899 18.485592577526084312 21.470626782211144956 25.416225772639215563 26.308407607029035802
13.227474815522063167 13.271716103490343031 13.54104577015522537 12.620603296788475589 11.041619148053257504 11.041979750591272236 10.895482394494191425 13.541967079281297615 15.540696720700511335 13.784524853046184134 12.344800409383731576 13.487171847861903373 12.362081659133242084 14.296398081306291417 13.002629603945216274 13.84282426351023787 15.133878857043750799 15.360483434239419864 19.611392677127415851 14.448660475734230957 16.622867454801212972 16.031027689189418339 12.86729695163322873 15.832420545337965834 15.598796489457768644 15.325004296282404681 13.552717729432696814 13.224280123254692043 13.977214082030938513 19.416909198036041317 17.02025467968926975 16.565813462650304189 16.470662288264669826 17.01464061926856175 14.960829262856396582 13.545740132847836179 15.952587259423928856 19.41261996395834899 19.090603311884535742 16.848607683867410145 13.921773183982439903 17.321445830203781924 23.334062522570430787 23.39645092195103615 22.232345157421217863 25.755006280255180684
14.204052326350034008 16.923662233251082654 13.392741782410245932 13.406454188017258744 10.645022126567603493 11.081969324857359638 11.005172319197816577 14.369243007526756983 15.419211931596592535 13.951536359932918074 13.951093177683507207 14.732108899059324969 15.4786536149320888 12.932251153457499981 14.870329725270135413 12.949161587478959845 15.71381551006577304 14.727031816296463518 13.454849501845322024 18.561325487153919056 14.875388141259477948 14.374370125240510276 12.929793403958781184 13.263113463337942832 14.638487962300493095 12.956121652960932877 13.117053999001463183 13.265578179292285554 15.943682224478109788 14.291071245088952324 14.010824081498506999 16.529201833584561854 16.642595779089795371 15.03339464541859094 15.999671512149857833 20.524297274351624765 19.017393011596947616 17.549225803349415287 15.221152453445542463 18.351121838002779185 16.524942010818559623 23.221433464487798659 24.829569403272447659 16.183950099623160668 15.253075297772005214 25.070199915754155739
14.076698722784582785 16.110515488661366845 14.265202378658409899 12.479810329104431332 11.297478555410489065 10.975675681965823216 14.743881422637910461 12.251342986295052029 13.275297320986430449 14.363048184275163166 14.892861346177728166 15.985356657035413974 12.900989066538118166 12.610365558821159837 15.005071562206740765 13.605640251880936731 13.534804215775567471 13.260937405026666625 16.5907927918203697 12.785113188500972115 18.12713082308123802 16.7585702073767564 15.513382037227009036 13.041652655433688679 14.296037174979185025 13.262412691697106126 13.275768335769733142 13.241139921304586835 13.6256176799616604 17.781893050344006468 17.225302755750380612 14.50231634604331532 14.580509159146593845 15.779067643659892894 22.66709228722370284 22.466532810160913414 22.116909170396670703 18.134230339390960296 21.869597003069948471 18.525306574763146017 20.013080124330471676 21.782403652350552647 22.897349411636394478 21.916412053940607763 18.122882779449128066 20.125187537696341167
16.254791118483616685 13.394641902781717846 15.585414128412056201 19.51120870922259698 18.930352172682678003 11.393628492952883491 17.514741863470963068 14.68810903464604678 13.788243462343160672 14.445889350317305144 15.222914280801409959 15.464447435580199297 12.500401365702634493 13.638132627049717627 12.370665601154524182 16.259263184081966358 18.753054419424490362 16.007408993033692468 13.26794939767012238 15.306981070545468526 16.209618670847241617 20.960544349806063735 13.523287614307839988 13.293922036618150528 13.185376864511962225 13.404264072295296373 14.264690409680996552 15.637748406541239987 14.118388583609991827 18.028091582996282227 18.292889398504094345 14.407289714368108235 19.006452572190479344 22.128543978567044803 22.368221265182896218 22.520834307371060845 18.005985363295039292 21.099704969155389733 18.584258910265351261 18.5409439955617934 17.941241394205174942 14.540197027478292569 21.3624436634755277 22.485217343129725975 17.306938871993043705 16.734628392494482085
11.164271151908167212 9.6685321131545371998 10.959984312234883674 11.761097679561215656 11.202715824111328047 10.521315109876928418 10.54059993989890387 10.954118114755264202 11.006370891603243223 12.37205410839206543 11.265583968867463938 11.707773649600918375 12.947259142422472777 12.521104245812646028 11.462282168291448414 12.880718683735343788 16.956164242126039454 12.994178723429882893 14.092243234423392551 17.327362799958205386 14.231009781485528976 14.577799067387388732 14.655218555791064361 13.281225060335035693 13.361130241594771917 14.038332697551735961 13.886157736673640173 13.816666140120958062 25.797638182404725171 13.923506334126710016 18.962196455014538543 21.461645441833187675 23.053164918011319173 22.120463003743804364 21.78113334907277121 17.381465977971291892 15.73144687197005176 14.988916380836290188 15.892897602283499126 13.831513969465563108 14.390480522246205553 14.315652853240770526 19.479544575465205014 21.015948029774076389 14.959990738371059749 19.822853539856890137
11.802923826396979123 9.7324068870452098423 9.8842483056781222928 10.097419667221410933 10.191617811459966703 10.284431094148340335 10.59103596530746394 10.793647820607533916 10.741213650806933799 10.944046237646062991 11.207875629794829209 11.344912381231582188 11.480546512986034458 11.612105768928293159 11.720853981478791539 11.735256049659698263 11.876734384201833805 11.96130905388904786 12.890902797459741436 12.34791395243633616 14.070385323761804841 14.066566304772447182 13.278384697729984865 13.265475331111071355 21.111975699653303451 14.022328715083334671 17.413824421008410326 16.13095531160956142 16.085316101911878661 14.9979363106385577 14.223956282115691963 20.788820721601332764 22.67625166187393404 21.505336916474039555 14.212668871372457602 13.757307181565868959 14.003560586478410954 13.84409695705330634 15.107040057606463179 14.4963295525402458 14.89535042272240517 17.100402086906640875 13.79924462835588983 14.152753861199920848 14.000431736050217069 14.671658734466758389
17.03984807833780124 9.822048149600012934 11.620499137612897655 9.9279049650149939765 10.052637836685359929 10.0573781060969214 10.091177493463804993 10.978545440974844638 12.801491979634493035 10.794213680262171096 11.522798926304226086 13.482759839447105321 11.588319963980543648 11.731767296750744478 11.951124540031004884 11.830841243249153649 11.929895285413168793 12.238420250888820462 12.663887488538540183 15.87236076548052921 14.929352738710191417 12.930694218937237139 12.908519203090863314 14.478843169368548871 22.722192324972972699 18.327757512516139826 16.337854064854347769 15.717203504800000502 14.403379777877535872 15.189269602542772475 14.785127209930720937 13.535410157691389443 18.022124150444973623 13.882709945454582368 13.490709125998497697 13.511163053213305574 14.436754729064491087 14.00821431285690899 14.770205426853285857 19.074911153970138145 14.365466305856649853 15.482700027020195321 13.559171719784160359 13.471311794113882243 13.708526741809347271 17.382835799116580944
11.318036670081104589 15.522209048816316468 12.26636886938202764 11.210653538690960929 10.255908298534192724 10.111620778849493618 10.00162588970628974 12.037436891353795687 11.512725973786212208 14.075663033878457853 14.246935505667952526 11.855579568533913815 14.681391554771431984 15.683272559603556928 19.231310522607522273 12.617162709192228931 12.120489656410136092 12.109411075302242367 14.365678765276030049 17.187692104312478847 18.501462907750358511 12.710486980245597977 13.121951768807305072 16.804076849335118027 21.820566045366756924 18.238597769965057438 14.406010994979197903 12.914784365924571574 15.835675022418685742 16.274696898978451287 16.448056406004095464 13.174416684442947556 12.94290057915883807 12.865198921693293599 16.436693091164649161 15.43189090086427484 15.136499156374940256 14.17239259358275838 13.892049033346529185 19.76225141782026995 16.2622728652070343 14.700896721806513412 14.123542159687298536 14.756091767026459749 13.532663329448929801 13.409233174034762115
11.481911323003192393 10.212705667715352931 12.966710911070506995 10.363046461339985527 12.850115390046200403 13.257468609531594339 10.606305250602064305 12.422109472690866738 10.831462526422850345 13.708804649999470016 12.476783894106807438 12.019420987856271665 11.736427830639923897 14.447424063900912827 13.339525022387251241 11.778723521143671604 11.496639194086318625 12.764356820490442956 16.398161737646503866 17.300402183410618306 12.415403274280857104 16.257131928626343154 15.116723468389034579 12.466993465118811457 16.184560908973697479 20.778917192469144481 17.89224211305865353 12.804025259514041579 12.784051790486913092 13.841574817503268235 18.151923147118068869 15.071039140815734925 13.69175327006527354 12.838651126274156056 13.002388104177681427 13.474277821715842762 14.541553353541946336 15.887139332314179185 13.745516691466237447 16.362072722690776061 14.632545372058544331 17.068703315310532531 14.807623246667036554 15.38955422601135048 14.578715558464610424 13.327511895161253008
