LISFLOOD_FP/Result/3_dem_raster/combined_dem_raster/com_dem_raster/com_ascii/generated_dem_combined_angle_45_x_0_y_0.asc
ncols        192
nrows        192
xllcorner    1771145.000000000000
yllcorner    5471774.000000000000
cellsize     10.000000000000
NODATA_value  -999
[rows 20 to 39 of 192, columns 92 to 137 of 192]
-999 -999 -999 -999 -999 -999 -999 -999 -999 -999 -999 -999 12.036618830492363585 12.256309488853370127 14.441073952624849497 15.482007405864862903 11.916840879939979203 11.691727388024991896 12.666098911495739188 12.58544724927248204 12.604715369580253181 11.792185541300604257 11.967127630221378709 11.579769134841463085 11.749298091976477565 11.846712775096293058 11.771688943950413986 11.844577567919719385 11.952855864151361587 11.978649028912881747 -999 -999 -999 -999 -999 -999 -999 -999 -999 -999 -999 -999 -999 -999 -999 -999
-999 -999 -999 -999 -999 -999 -999 -999 -999 -999 -999 17.4664072237807666 17.358682374718782171 12.348395793665726927 11.768516915578885573 11.633270657580389695 11.487633433286674745 11.502762366290163243 12.047177440897552714 15.20351264471212005 11.740910603356672581 11.762889402085200174 11.876516281850701517 11.830063209213346198 11.798330758998394785 11.72712914427341957 11.780596439154951582 11.880598929288353816 12.000710215939108139 12.069601649381889175 12.868957749221159759 -999 -999 -999 -999 -999 -999 -999 -999 -999 -999 -999 -999 -999 -999 -999
-999 -999 -999 -999 -999 -999 -999 -999 -999 -999 14.105509372651328093 14.215594936951122307 12.594942559684314531 11.926587580116352783 11.66105753942203016 11.495682245549600609 11.421192325124085443 11.302825172824739752 11.463802032040108614 11.889447692950936286 11.753690889947835174 12.517597214887151935 12.900566641417515967 12.317670542059609318 11.837910616771015526 11.931918001278432939 12.158051678457916012 13.244655075906150543 12.622987100510639991 15.765300584451134469 12.467109560281487646 12.69346393927575356 -999 -999 -999 -999 -999 -999 -999 -999 -999 -999 -999 -999 -999 -999
-999 -999 -999 -999 -999 -999 -999 -999 -999 11.568595403785948861 11.702637557623329911 11.725663476891918791 11.637916815028351181 11.615182140194145077 11.574384131996776404 11.499970359654252405 11.516871619868592092 11.530936319266507084 14.778743466102513437 11.644766341529010134 11.520875680599665714 11.718205203469024056 11.847380056633616263 13.441723845547093319 12.147583559327944869 16.963949363976638551 12.623152146305425703 18.608355293284024157 12.847214357906906912 12.609633728971086697 12.732812514585660324 12.433772166066496823 12.463308522362680719 -999 -999 -999 -999 -999 -999 -999 -999 -999 -999 -999 -999 -999
-999 -999 -999 -999 -999 -999 -999 -999 11.382655785294160111 11.565290857245935641 14.863132943314434797 11.671216710756235457 11.996335070253628885 12.19699866631673224 11.592151254109502645 14.878545075620824178 11.401781765659855239 11.286000497066604353 11.098795909615770228 11.269401933644724423 11.415406322434302311 11.55274389342662289 11.58875461850900912 18.443105193053707325 12.454063965155555138 12.87596071333879344 12.315989222546686932 12.720594295456237433 12.725555134541334468 16.873889107298108314 15.346227535650815099 12.445068627887065915 12.673810865955092098 13.307332619851688804 -999 -999 -999 -999 -999 -999 -999 -999 -999 -999 -999 -999
-999 -999 -999 -999 -999 -999 -999 11.295026212683573874 11.33082918185863619 11.46552298511463519 14.209813120617001303 11.575697332301885467 11.603292124220459414 11.528774586386631995 11.218963665070791791 11.127274043703160089 11.152084638889652624 11.208735178521237685 11.318317848960496974 13.04165672389187236 12.188721681636270233 15.82633985648378605 12.13938947012629832 12.180849890835835581 12.110269826302751284 12.4899541827684466 13.911251108567293855 12.771471379000885804 12.410707583162608358 12.702575794844086943 14.663933602376681975 14.217100864485290757 12.519596310012156337 12.062810243346049788 12.481824553135460576 -999 -999 -999 -999 -999 -999 -999 -999 -999 -999 -999
-999 -999 -999 -999 -999 -999 11.279325459653213315 11.291682685161903876 11.293949514215608332 11.370868699264987001 12.367861858219919569 11.406761440421702147 11.355869418795043302 11.333135106190882269 11.213035560072270869 11.507405889460805781 11.670721129421691487 16.257494341060851895 14.841244754759829405 12.367478279897566651 12.374449965665316853 12.337175442717128959 13.234882433457620721 11.984939422899792305 12.092756043257672616 12.176602457418280068 13.216055669383051097 16.679634389146912099 13.771741971850330444 13.337106021111683418 15.588982193845300372 15.188774396233521102 15.574866220228425817 17.108953112719230916 16.40729169490786532 17.130174657705030228 -999 -999 -999 -999 -999 -999 -999 -999 -999 -999
-999 -999 -999 -999 -999 11.184914836394661108 11.478881411219733266 11.409388752464632688 11.276213027872161732 11.309562027986022059 11.635496605436836504 11.465593400502637422 11.283211546917438994 11.862645730139911748 16.308484208755420042 13.272977009920419178 17.368316520560618699 11.705779686254052407 12.119359104013772921 12.53903726202154445 17.850668058440980701 19.406067143748217063 21.503108890031505496 12.570023829765585077 16.144180026589744159 19.9579140426843189 17.565055340800665107 14.214944933691683104 12.969473974485882906 12.963433543729822262 18.247770431643523636 18.406533280599312263 15.022093029091280414 15.390429633193473791 13.815222484487538424 15.804641039043698214 15.498897186460647291 -999 -999 -999 -999 -999 -999 -999 -999 -999
-999 -999 -999 -999 11.004663250753820236 11.087777955660948592 11.24757982326836725 11.374279595733101544 11.387669993521980061 11.667598557524710756 12.029360735057558429 13.200149396426217763 11.234373677853374929 11.706386415625145148 15.0776521306538136 11.774918552464344046 11.669533129102905633 12.429493278551206004 20.280691848286114265 21.311340511206086745 22.417057465761008217 15.180434401763291064 17.87628810611433039 12.811368636911501184 14.931868069312660197 14.264212169055234369 12.757738091811271275 13.237022697472649924 13.942456500692278709 20.109402792689479611 19.800046546507559242 13.654678391742214316 14.221673376512109499 13.567582511612974017 15.111291341103411767 15.25161357481703206 15.47439994053426382 13.881894254060021865 -999 -999 -999 -999 -999 -999 -999 -999
-999 -999 -999 10.989236297727394742 11.060667155989486687 11.291207512809723568 11.744329272096026173 14.433012128314970823 11.699183119840915523 16.862011200998654914 11.687243815197668084 11.333006628348886835 11.194538171102081492 11.353342033324505422 14.528467388871050048 11.722381401556695835 17.496179732007316687 16.743261888589721309 15.382243222603795729 16.055804680925433559 15.192304885723576291 17.353814690204959703 11.912491992290721754 12.569923559810280977 20.423475673753362258 14.189299841156143955 13.489735076901256505 21.166685215875624237 26.774127185773394899 22.501056443606881174 15.848375326075046843 13.67054780732264696 16.388809966894452685 13.482788848926736236 14.252020996075005499 13.296239398452504687 14.133765051958540937 13.526063575223053803 17.686525984036016723 -999 -999 -999 -999 -999 -999 -999
-999 -999 12.328459723768100176 13.228362434481356402 11.326794649011155514 14.271304277645999292 10.950130011477574143 12.377693190463329387 11.431551155532797992 11.394931896645225322 11.665916117912715322 11.866443690200066285 10.978732830167649226 10.934367440272907857 11.088319058154425534 12.903405626920520177 16.327144076167197539 15.098048732306617481 11.902062889030341708 11.678382942858856808 12.412599340369737888 11.689545120568940462 11.763895468981301562 12.574770605882054753 15.061872032234981944 16.232570742748372083 16.746046745783999654 20.017878454565643409 25.807279990492979493 16.846280295214050682 21.924266291270988916 18.969243441375784442 13.912582461848316484 17.260161862374577169 13.990937136819251663 13.005170970510334882 13.097739429392349919 13.24793036200548535 13.480251744773713796 17.635975212268874657 -999 -999 -999 -999 -999 -999
-999 13.063609430577018955 11.208389377698539491 10.868943077760944149 10.918951271361279964 11.127407032044480673 11.427509875945037976 11.551542950613288951 13.6410760173493113 15.799733677287239431 13.612706975149720279 13.004250536759474954 10.892886966696593731 10.371998805689338852 10.059544889264751433 13.53138980845630357 17.121614390430323738 11.448992267294949343 11.282256816094740515 11.533456838404955391 11.510559353488350354 12.284784546093714397 13.304042753369683894 23.513749133547140246 21.862997416860999067 16.418319213541000323 18.191163791567529273 22.64305634389933175 16.868742512107750997 16.324044545849446308 17.914210584647008773 18.753639152971576465 19.154318405284410431 19.32658325202745786 15.102702113431222486 14.127961036181385879 14.487417773575909763 14.418994675736909628 19.131070753715654575 23.119306840123673652 23.139931820571700172 -999 -999 -999 -999 -999
10.787982933431196741 11.297677266295725218 11.909244060039080537 12.812584625415583517 11.578787666584698712 17.025881719123599822 12.578398694292573623 14.026959735045673838 10.603910375738035299 10.909569877997085996 10.899336335333902781 12.602113359857163744 10.678493966202292853 9.9421831988864166618 9.7128545924953701984 10.758559042863140576 10.854932179021638206 11.142434908948068539 11.305982623249377639 12.016830471261505053 11.858218309934137835 13.61356763248559254 19.792547707081965314 22.410221146702770767 23.372838707238468459 15.503013713834349119 24.254806010188783461 18.112694695952797019 16.643983080824160226 14.855465809713592762 15.55048815179430477 15.218981760113500457 16.35118602746108607 21.710613799043464667 13.714658329918483659 17.313489077578772424 14.283593105948767743 17.90237332765208933 15.957259567528083721 14.173424109909968038 15.816186216474848791 15.533265574988734059 -999 -999 -999 -999
11.557859792661012932 13.514575567808888579 11.523634041508376669 10.790780117292461782 12.07650976653083319 10.960026024000674383 10.710216838296876318 11.083342870589477869 10.910076181173700149 11.076434850429240697 10.575191565664287197 11.004464752976318209 10.411384117573723174 9.6498240529080074879 9.8853604648666273391 10.625415319133015402 11.424518916881668318 11.915253041902673203 11.369407302343972788 11.84835690518381135 12.762972961991346565 15.561375265270115165 21.089113323443488213 15.955600177673554541 18.417268417149141868 22.558578233472765362 28.196314577346786479 19.709182757842423683 16.573312999520958044 14.772491999624108416 14.468334836728304893 17.806874580695591703 18.135316538927082064 18.952321829101002493 20.087441412038923971 21.229172571927072966 15.184330261161363751 16.113281765647279542 15.131735397949986677 14.713711078848506375 15.476167045997513583 20.049312984840828022 16.187185169941233909 -999 -999 -999
10.082153632518032538 10.159348970004943524 10.293548629873054523 10.731248083218940081 13.43206518325377985 10.431594578395996464 10.302014972346213995 10.4099229345181854 10.592029584599629288 13.317100070436612924 10.428359638570984913 10.551780850801584677 10.145249288981801783 9.619190105713405714 10.687541863162524081 13.563163573639325676 12.170078382401097628 12.204423108805556808 11.987009821165308665 12.686618570695952002 13.551852284925994141 16.398461510069626712 17.60757839266820568 21.32887481145391817 17.741980939674327544 23.732709557289496161 23.343823515799630997 17.283215130105578083 26.855437727090070155 15.477624210359476109 14.538730803443643325 15.281675735538836847 15.442216794456275153 17.415417716120803249 16.581766620185611316 18.597617262446419772 15.247416448045203907 19.145721317147010865 20.330924931749596141 16.220963853546791711 17.727623876453868945 15.588592762284129378 15.352337645351788353 14.460930419566878413 -999 -999
10.036066845532410241 10.145450102964481687 14.134495696692253475 10.35900804084890936 10.278257440204949802 10.3239764803751779 10.306782711211358361 10.311839406862345569 10.34099541092916219 10.695470724993834111 10.221851033002073095 10.39594685604776636 10.251087153090352899 11.1598211349886558 15.695577469014393657 12.292842029300940609 12.21817234904515459 13.63451138737512558 12.715416612191107859 12.119056732643054275 13.595071080027349097 17.815764927209777113 21.821979091900100656 20.570860476330377509 14.496463779211012479 21.360034512624167746 14.976127133197637775 15.59021069362577272 21.017027823635348938 15.961279242570611814 14.845835826673830837 14.935454340205259527 16.620931192750258987 17.087323219741389124 17.920453434955994965 16.92375150378570936 17.607536567403371919 18.823703474630121946 20.981247895011858162 17.862568838814624428 16.248379331079107146 16.143114220377135837 18.97964146119697304 16.521109466236897134 22.798304138842787836 -999
9.9321484389597181064 10.307630928389624358 16.537487391375311319 10.55105376602525169 10.260396326026370417 10.311128391726859022 10.191390086193367281 10.260342847098410601 10.547498569555024517 10.800890448740929628 10.558411232539041791 10.516326125088278687 17.014688588949294257 13.271665584340736288 12.336900053811485023 12.074362604560469947 12.35014808409287923 14.13225949735539011 12.64217421678639397 12.577090502120174875 13.022956556326748867 13.548754430675131744 14.972489258937404344 21.267759100369325154 21.525648005872618285 15.19680334024003443 14.236630101421127392 14.991012767484969359 14.807277123308224986 16.032571935654949868 15.742245564208655395 14.712989790514956923 16.223158899337796868 16.248853210026592109 15.341549171854573785 15.799968223123794786 16.004256393631990818 17.185581033780078286 20.903772081348257927 17.866761068345898167 15.462455994140231752 16.191065906564418242 18.910277504302776208 19.246917919244260986 19.852085345690188234 16.178223641894888374
10.09560793126906475 10.243098506601663544 18.611866726604684885 10.555085250350753512 10.168675326140155235 10.15328511354682739 10.217888727116569925 10.11842687354236503 10.319415354162417842 10.624073204539428161 11.520772233511076266 14.06035456230233649 12.653884381727019459 11.919864023258186947 11.983294929461086653 12.166216831617257199 12.279177440193675963 12.543685425064465377 13.165065860539293396 12.704371602263446306 13.004149705762051425 13.22717369301979673 13.711410208894463381 15.673455082863075205 18.043179589259292328 18.935470689799451804 14.52702634371535062 21.62172203612676924 14.909973424443743184 14.348463767211240949 15.575821722859457097 15.853547754148106463 14.76973326662349173 17.180190816867064285 16.835885708180533982 14.537663096608969937 15.115481730749577238 15.086273710524258362 16.052946860785567651 15.513599746015163561 16.802718232577291246 18.290006072545264004 18.201453791697829843 17.858139687747737412 16.140877271329721054 17.657660598156439846
9.9927042162931964953 9.9819500908588434385 16.414724547667454146 10.51170842151024587 10.047219657854070007 10.149030831504807892 10.134606626901293325 10.130553213832135029 10.189853536828744396 10.585454637452491156 10.588002196600633908 10.504406541954868004 11.618344964565981314 12.037392999240566382 12.047444708935994839 12.062718558093731502 12.224121480083542934 12.413423862556426158 12.741664128756934105 14.598768493316628181 13.03074446882183679 13.482805685829374553 20.136205377302058395 18.093236903134151561 14.124529870984826374 14.560468011157299273 17.818814369563689581 16.969978917020927867 14.527976810969157384 14.266316141543919471 14.443599773809772557 15.034197154661406159 15.1436052190993653 15.750086280778347714 15.230362483170251764 18.746406016890279744 14.554273563164660032 14.836322484285430434 15.264729864647090807 16.124692722263453959 16.014476978002814889 18.874015426555892816 17.230124952649202186 15.587064820172454205 15.28560583642255466 15.554807664382574117
10.908660714877632003 10.019375138765894917 16.682823396646270453 10.644965350849991736 10.134044838630247298 10.15741783529363218 10.157097887069125974 10.104339140372998074 10.14206964654265164 10.370561630161610367 10.821686468141043846 10.193798839399381251 14.601074999849158687 15.980776105740439164 14.695867787342669075 12.152899720902830438 12.26485653798669162 12.410143267196470873 12.614300038535322557 14.726482519065209331 13.721667065356932369 13.308259703853426714 19.235103346601768237 16.986439097238562823 16.635068834250983372 14.338494524394524987 19.596934268182884864 15.119583575567789424 14.140719976734908769 14.492495515549222773 15.292499288827146486 19.577870719099795593 17.214915552543892829 14.771424609033513065 15.535033771161035787 22.542787943484952962 15.313884759079467557 14.802647429131191359 16.138155948152519414 14.969289445074171141 15.838774484777145446 16.297384596544482349 15.654317961945753979 16.854583298532556768 15.697292521693873013 15.981526353928177997
