LISFLOOD_FP/Result/3_dem_raster/combined_dem_raster/com_dem_raster/com_ascii/generated_dem_combined_angle_45_x_0_y_0.asc
ncols        192
nrows        192
xllcorner    1771145.000000000000
yllcorner    5471774.000000000000
cellsize     10.000000000000
NODATA_value  -999
[rows 80 to 99 of 192, columns 138 to 183 of 192]
13.234736840680275449 13.651078264873419243 16.190363629209826968 14.629162933932491342 13.380722917295436503 13.472512648386389955 14.162907633438670985 16.163227715723508027 23.398211767786875726 28.535040341717127887 28.527865180342242724 29.070401811973564321 27.399314182680285512 21.164083529648230808 25.643539648079006099 19.081151106025032504 23.075988523717910539 24.990518787979162596 19.113392873597359056 16.488784356156280353 15.561079945446227413 14.63602441502211704 16.486464263191450641 14.310081111687910749 15.190277982444781557 16.005443489053977402 18.060689910179526407 23.305678897877420752 15.316015733822634814 19.530996537598980467 12.278745301884418595 11.470562000916698864 10.904692171472575524 10.904906990037218861 11.510254125972851469 13.688127478114960667 13.606779221670013413 14.601465049681426223 15.722106846149859649 15.426465322398298596 14.393788414331467607 100 100 100 100 100
13.4782962606190857 13.127708173435918226 15.342285234523734161 13.341019705415300578 13.173376668304170423 15.237982014395212715 14.151429717223711791 16.938595758135662095 15.411480860645168534 26.064578085917510464 28.873221173912725135 30.130019648419491318 29.424305895455482585 29.677490454991243496 27.963391188162766809 26.266314842104176108 26.453106163419832342 20.708259778709567911 20.070457032599229308 15.531233221101857112 14.688437366686112995 14.939012327148832426 15.665818813700523648 14.926697702414617908 16.36883165665481954 14.310070254953366486 20.527500406773025787 21.919872656970792235 13.2370566595931205 11.511770968800254522 11.354802612033697784 10.694887908588160741 10.813415776494897713 11.130808990468596065 13.423931152459369187 13.425298580313027585 14.880552069327288578 24.216789948027997781 15.252137949124815464 14.349241266078138324 100 100 100 100 100 100
16.763957108732913781 13.448726710518922545 12.968107232615000868 13.083847518784265773 14.046081858605338866 18.079506123954317331 16.750180611035016653 16.551720802530862642 15.078421769950642428 23.650373770642495685 28.628226786967946538 29.634006329408702385 29.636118177536214802 27.431683837078558952 24.926446600728823455 22.725276187850646181 14.557863819771009517 16.380954547362215123 15.587185197862304165 15.296590756060023608 14.446157436075189651 14.615817750744854564 14.903029034101979988 14.352618717899444434 13.962877877109150404 13.927466804325860039 14.907862534515627928 17.428507187368879272 11.432342522679437735 11.147537487273048384 10.842705826161484595 10.735943643547301463 11.001287145170968174 13.105470582408901947 13.284098352171405111 14.058464187089736441 17.340915462475710029 20.769466066520294589 14.341656914158596337 100 100 100 100 100 100 100
15.818704095598775439 13.635387460640092883 13.105593914878202355 13.281891688173667276 14.549322595210540499 14.143692100636304332 17.256906197072456877 16.505870800978495794 17.275921029662068662 23.498239141417521125 22.412211409982386812 26.429380815897978607 22.919495618307188067 18.793185277835213753 17.675751171927284844 15.027809481090178778 15.034070625490219442 15.85844943028290821 15.592225235771225655 14.405178710476073789 14.874123307422355111 14.367523254316290959 15.198840941804771631 13.918258981666168594 13.971219764785852036 13.843836896020315308 17.849497702786905506 14.781572161317514613 11.12977008060502726 10.804591083650100458 10.643711016260729352 10.959622002896297843 12.621044988379010121 13.358088464240456261 14.067990685300078013 17.537042657623846509 14.251607587324084392 13.846844555671410149 100 100 100 100 100 100 100 100
19.351314336259072491 13.168968762179916965 16.05755011271088506 13.499427682668731165 17.822818288205667159 15.467466508446351625 18.860268120460233376 17.25344117403767541 18.001127911819459371 23.079287394592544302 21.243043042095301587 19.715726950299703901 16.60927404489341086 14.687593760862108994 15.510162101795446077 15.895976022028815322 15.429887788973974949 16.705039288835060063 14.838538912375298651 14.49737788413392181 14.51328667352409596 15.091455544195131466 13.872436305709353377 14.012782233351412486 13.984381518707746039 16.55834919878865108 14.975184038043966694 11.158736043054485521 10.709164852093033815 10.599677407584858102 10.952135706971567686 12.901852389977436886 13.407322593053535797 13.830932984349166404 14.954361351655977685 21.68223624057416643 13.784244376441741053 100 100 100 100 100 100 100 100 100
12.551949309104784902 14.606544588363295389 15.414680554271702917 14.177396768035652741 14.82059509680115994 16.560431071098037137 15.247698559539086816 16.176627475914681753 19.776278987816343857 14.648429253838616049 14.174848363288667485 14.356396430864689862 17.059762064732446163 15.764121097429059759 16.144481050402969657 16.335362349276383753 15.446850052372305129 16.336789668323149272 15.723394780674809112 15.132445713150108446 14.687430756194677528 13.754811184216141129 14.713211812560199832 14.379228665059866188 22.083302463850071007 12.603220687430555458 11.199756426174701573 10.685504818671574867 10.461491489510780895 10.92134809405795437 13.617672420077925111 13.789269588022252222 13.982887400092087304 14.37879635798686806 15.194983675530547629 14.414051479272309564 100 100 100 100 100 100 100 100 100 100
14.632464346674607825 15.88393563546594045 18.856421097506650852 15.307398119126451874 18.206299048528816087 14.940075722388087343 18.156277084001370525 26.839847413209454885 18.741898589900205963 13.826584914655137837 19.341176691124886133 22.924048741905419746 23.284047398873124024 13.860894998549738943 13.556617793872794309 16.898492574462810722 13.450547138543742065 13.632339832938773938 13.364326783929190157 13.327795649556270163 13.275975243888035848 13.854709532306644704 14.677210935787485369 20.038425393763819926 15.842246302935366842 12.030620350506936234 10.692191799447748224 10.888846965556609803 11.479493323694757834 13.298914050308077606 14.014011314509092543 14.023004003304539111 14.754658598855176166 20.348187518721541522 13.780609932655766059 100 100 100 100 100 100 100 100 100 100 100
17.009401180352131888 14.971897234078811678 15.056022185104142252 17.836262642948966572 16.467677220366987001 15.803343806371515257 14.236360956152045887 28.167114355639771617 13.858274470243907572 13.562803176834128394 14.278800455490271659 19.3284749474196893 18.452513266316163509 18.32027174771839384 12.802257879430465337 12.844642765625154723 12.950360142724667512 13.040976791474195196 13.022493482182314395 13.119988414545426636 13.383591361555819077 13.141295152275707991 20.960054679987432991 12.86674678724983778 10.775138889054307612 10.779206121571004218 11.335565448511321307 20.255913217551263728 22.666722577634082825 14.647445558153012968 18.536277421263463339 15.799664439837423302 13.92785058779469054 13.718808912891843121 100 100 100 100 100 100 100 100 100 100 100 100
15.23965701758482183 15.256878217427789934 20.343718539115748456 12.564022910459081928 14.424776439931770611 13.299794661795953488 19.253389317944296977 17.871538703968390394 17.184474313554620295 15.114264856944334525 17.603576092114153084 20.196099918567139042 20.27442897675113187 22.940435494835284658 13.210937199032349199 12.741249282715459756 12.843889849889730925 12.936907835998642469 13.106490259816071742 13.376328336730152202 13.177921860374588903 15.810477489552626551 12.788958252914587987 11.698122704534595684 10.659458312846108896 14.689509120310910717 21.268871533953962683 15.423833884183647314 21.116459604846781417 20.088266436270480142 15.76661321263330251 13.81753781027149941 13.548172082510296477 100 100 100 100 100 100 100 100 100 100 100 100 100
15.395117042431925469 22.549990174484442207 24.972798311659079928 24.722652832625453101 21.730416320175013567 15.741513986421159288 17.061426547589761071 18.125838853172094645 16.420744269829562256 15.314565606092763517 12.722796666715028735 12.65995874202062943 18.732404174468591407 20.825211196334976194 13.549381477676977426 12.834591224465748738 12.845943946570153926 13.01943224091839113 12.883605437264098015 14.205647671945364152 16.76819031892452827 11.256992492291470143 10.811960586083621649 11.442286674781149358 18.172981562478959461 21.648825877695109909 19.117789565693982468 14.850976587020829456 14.045988437297875606 13.914629527141912035 13.881801318073284435 13.416725505611161395 100 100 100 100 100 100 100 100 100 100 100 100 100 100
18.800562825651638832 23.79805949972225676 25.996442084815289064 25.14570284287780666 20.660640633723808435 17.027372120930152732 13.324702132437506563 13.657092410568967722 17.170051635630951381 16.433715251731161544 14.11229860016492843 13.400888458685777493 12.950076702445295851 12.890597776516028006 12.575562128601713852 12.633646212239945328 12.652700801283835119 12.535813039924065038 15.643373620742897501 12.300490176819955934 10.506742631911112795 10.185878001444333307 10.187555393450372421 13.497890403004404902 21.361072251052032556 18.025083709409468469 13.999184938746315865 13.846677984105356884 13.651413904723124659 13.525039041306321508 13.557173943347864409 100 100 100 100 100 100 100 100 100 100 100 100 100 100 100
18.441952419119083117 19.753238860811329403 15.048845366857957373 17.500462785353416706 14.651013881380952952 13.492288325909051139 16.807660285906024455 17.7863879855865612 15.090249571637620818 15.42084407401467061 13.856126591832019557 13.361315584399536149 12.494614393289431575 12.329212339025430012 12.261497363629453972 12.394142036273326113 12.722028202372507977 15.404585478571609869 11.666276303338296572 11.286372086248409374 10.041116691832234764 10.486580607545565869 11.194251309187015053 17.316636040272303632 13.601662612907349015 13.749166259105578547 13.682735790533458342 13.653981653038018251 13.459191313832972625 13.526716998162809702 100 100 100 100 100 100 100 100 100 100 100 100 100 100 100 100
11.670048626868640085 14.829902010850434024 16.445857835232359889 15.35698742578183662 12.853062853036194113 16.908999801332377899 16.914261840814273086 15.185526020384225276 14.074720182595164886 13.409767404153257075 13.219081953430883658 12.462111991187201809 12.44864379388934772 12.229497595429707602 12.42562642331120415 16.34017852552349126 13.207285794213666108 16.479608743972608664 10.29455011987307067 10.135229175445200411 11.265486456813487592 18.590632529041084098 18.343302131276683298 13.368064349597533536 13.627181697577691821 13.776374261445726077 13.608211904617862231 13.335646863512275573 13.445727824128949734 100 100 100 100 100 100 100 100 100 100 100 100 100 100 100 100 100
11.589049841225055104 12.550988658371050377 11.810473443041205499 11.7031104131732544 11.666507550280863725 13.552650524635616591 14.845855925228265804 12.829022126370093204 12.188959269882824188 12.214381711402129582 12.215536230087165492 13.582134743223907236 16.927054709008157118 19.65021603017147811 15.037483234922923714 11.226131977144717666 10.651178941657690302 10.813963905465037385 10.406698969045558911 10.525294327913480075 17.040526645034589137 19.828793701336671518 13.64111701327865056 13.251824940761343541 13.45917944805411004 13.466409306509124377 13.443508521820408674 13.313369385531757416 100 100 100 100 100 100 100 100 100 100 100 100 100 100 100 100 100 100
16.559862779317239045 11.622735798834511911 11.149882389596969645 11.376818941675727714 11.900185841812218612 12.686549592953825893 14.410615324287469718 12.989786253593655019 12.65355328803123669 16.498445678332799957 12.801945796964163904 11.788175533652738736 11.479862672767898957 11.014904360579485854 10.033964640175639715 10.043313278451780235 10.084294147145326903 11.167730658652988751 18.800075170571268757 18.579943751761422988 13.091918441708131127 13.994329430348260601 13.60669394348464678 13.428050522790746513 13.320179720733909434 13.322915858457125893 13.176225056713425587 100 100 100 100 100 100 100 100 100 100 100 100 100 100 100 100 100 100 100
11.644671480250064377 12.338314832716463343 13.505330108238759124 12.929684168398850375 18.159205310480437845 17.421118925840271885 17.46053464391973975 14.575687533725487199 11.72854116527235746 10.332618383712112831 9.9043892099456201095 9.8838478822181006223 9.6658934917915857454 9.975610204842835671 10.714186377571502717 10.829226269280848527 17.167129047653475027 17.711545964262843 17.380868466834492381 17.981374794145384755 15.858255127652309824 17.5669814366737711 13.479583678946866598 13.395731352525116264 13.280076466484841191 13.16933191460414676 100 100 100 100 100 100 100 100 100 100 100 100 100 100 100 100 100 100 100 100
18.061963212660415934 15.868380139532987982 16.471553561526608433 15.25016294035616049 18.866476584160807306 14.259323746412343681 15.432442679128483221 9.964152971015696636 9.7006757113167854101 9.5956513743517568571 9.6112488683381922527 10.081720513745469958 13.892308389522453282 15.65706902546835444 18.179210620420175104 18.211150844381460701 16.163653169257713671 14.535412354790151923 14.07225625403692959 20.439224980308008384 16.759186043588556458 13.384747750698958058 13.124348511043665511 12.866188847951899987 12.822147679263444786 100 100 100 100 100 100 100 100 100 100 100 100 100 100 100 100 100 100 100 100 100
14.523571783879129171 17.730868327802124185 15.682373106986199573 12.093502336546245957 9.9742272363155350945 9.6993399574194096857 9.5497467313413118006 9.8297402116560093077 13.051262172702760012 12.335810340794672868 13.203108860696962878 18.003153923928742586 15.32365279882732878 13.175191359650513689 17.323982808815930667 14.118134030341336072 18.469022747148219565 21.629492920217373353 23.085520311182680331 14.847441531756558675 13.203040784601537183 12.740461951080328973 12.510694492543130707 12.417680373236292368 100 100 100 100 100 100 100 100 100 100 100 100 100 100 100 100 100 100 100 100 100 100
15.379344885224908168 10.697587736944749182 9.1611549035938644181 9.1935800334196962069 9.3542104634736737978 9.7701548680177001671 11.24977513618541991 12.669044671308370198 12.000340746094689592 13.161871241990439785 12.655684173769710554 12.976068315064155811 12.868222604580259016 12.491702270254149809 12.969629189617078779 14.241196524437786053 24.49148064794915669 17.285964221560107035 13.552089236870283884 13.155876360230891464 12.569366306304670999 12.272656970191251347 12.629910820150310968 100 100 100 100 100 100 100 100 100 100 100 100 100 100 100 100 100 100 100 100 100 100 100
9.2499332192347321069 9.0849918061519652213 9.2671417296379008377 10.037093419619331769 12.224357287872972933 11.597468264890022027 23.26913633199403364 21.490305652990954854 12.322714453694828762 12.299693813099850104 12.231863781906980648 12.141094998016452422 12.473343638864916372 12.989838053258509376 19.320262527457686019 22.485655690793230121 14.021562565602227579 13.358830797513920885 13.096663148504875451 12.923699171920253193 12.591948623867597945 13.193666385376360495 100 100 100 100 100 100 100 100 100 100 100 100 100 100 100 100 100 100 100 100 100 100 100 100
