LISFLOOD_FP/Result/3_dem_raster/combined_dem_raster/com_dem_raster/com_ascii/generated_dem_combined_angle_0_x_0_y_0.asc
ncols        192
nrows        192
xllcorner    1771145.000000000000
yllcorner    5471774.000000000000
cellsize     10.000000000000
NODATA_value  -999
[rows 100 to 119 of 192, columns 90 to 134 of 192]
9.7809622341917972221 10.187060501488380382 10.854853271244296664 10.363697490030965298 11.668088578152188362 11.424318105108925536 11.034942491102995632 11.045621237147729587 11.693945209462896173 11.510275758680954539 9.6636089187085030261 10.465493799947887865 12.452086581802895182 12.799763115267131397 10.662690089111626079 10.895302886390645369 10.929079288920521051 12.803418824219800598 11.017433888279644094 13.185973616637545192 13.885569622649910571 14.177155665588935918 13.815612502366796832 13.745363587723735677 14.821056836707757753 11.912495076744006539 12.451717200846671219 12.458520353524216162 12.830776093096771362 14.1443412272401563 15.207976858471596415 14.350978530461460991 15.719565686690682327 12.532484973404539375 13.882968582634305221 13.794697950189441116 13.141141327604378475 13.38811037846132912 13.75289150685290096 19.912085276670801193 18.549441640657075681 14.913220686440592289 14.252572896380277356 15.459066782931603967 16.878027710492222724
12.009087286766986225 11.816167673729957244 12.814247938282502304 13.43726581528349584 12.252377551655296628 11.811337303471246329 10.001656627272517142 10.721956730447566031 10.705890186780314011 10.342760808624722912 9.7745026651936193218 10.483613376952630958 13.588606411167910792 13.852499092128098823 10.638872531511006869 10.735001689961411131 10.722072960396454633 10.947308489901722339 10.831369958088799876 10.766109056921163045 11.131868994627726721 13.547090212044064828 13.371264818210772063 15.630335506188574257 14.562997773213636421 11.650417478475592503 12.140069645315263003 12.483482207546430232 13.069372741069100741 14.240070446809381721 16.596781052689770775 13.290819710404488063 17.930873056066346294 13.632835528520814705 12.663918154597993748 16.233169617280275077 14.558122978083799737 14.113251030986996071 13.698129011588235926 21.930827193529662367 22.108321606650275015 20.648047545802128866 20.711636158329472579 22.176111085808827283 23.494654290384549
12.024377220111936992 10.148362412166687108 11.965259576023958843 11.359129275504574963 12.778087077834847207 12.301215632689402213 10.241407729753332134 12.722322385257603727 12.951169861583496257 9.9343749253239383989 9.916734167666833244 12.48633377184026827 11.400747974732270862 13.500338966982525335 10.599646875102695986 12.514621486157142982 10.360355649271912881 10.491121728112691613 10.550461567978587141 10.595384775527795895 11.023278401252971648 16.586346185607499848 11.778364420450676775 11.762388884275242873 14.740163840453195832 11.489262947753459798 11.882616426729100567 12.369090288880871142 12.779785577662144291 15.720539715480484233 13.785001726984480896 14.883809503873875357 17.362346967144695498 16.637679884514525952 13.032175697033439477 14.564151133408094196 18.496825695565554781 13.590043822955330199 13.514450873491359317 20.532854189944231393 23.159296099867262342 23.084930401662504096 22.424983587797122198 23.192456196346750374 22.906821430249003413
10.44426276874044035 10.492131824970897469 17.066505589035919854 12.769984282292657696 10.473721114729618975 12.791920502388940406 11.618719841853254238 10.29220224522942928 11.330401573407714366 9.7951159823390998582 9.5586577425275240927 10.342769938285172771 12.062482523931889133 11.287110657970416128 12.709539007094763363 10.739401039763178503 10.343887774746756136 10.420714553454534013 10.600799400450519272 10.725001929947497459 11.662083523248993444 14.576845534338749744 11.397084795920571665 11.703207170853517027 13.432082675934802651 11.430496812514622462 11.540863825307489776 12.182996539174894224 14.880331413900147908 12.901872259265360299 14.081631875247571983 15.247199371124532163 17.693026967872768296 13.146260007124901392 13.621217607401653993 13.664777317902526477 15.846542671547046766 13.598628854977448555 13.005611483563871644 13.987736388465874526 14.763357311809421901 14.373664114801359304 15.659975169269081618 22.342393373209386453 20.576269495259346343
10.058043142470939557 10.441540755734100898 16.529398066218924157 11.230849849639890081 11.053755356975818458 12.479077634305111744 10.994950608900133204 11.280091709957501322 11.425776747287448742 9.4553791510601801207 10.264327363750799904 14.137695315240533134 10.378093758019485193 13.571471740033993925 11.164310282845480771 10.625299386734338825 10.243260722615270097 10.254670319640242226 10.483678327790352469 10.681684402423854863 10.985535915780458183 13.550069743721286031 14.201976245550284261 13.261161164986098981 11.820040080810285232 11.819332686678500011 11.719486817540273549 12.068728554714189372 12.280364497137876256 16.509029178263883608 14.803770762608504441 15.758366355467547493 14.941311226936061729 13.192465386957389128 13.549310034577297657 18.585354631375281542 16.751934437362116626 14.846203014055049607 12.847702231273888884 13.062391127352592335 13.505832278630407473 13.487924328617907577 14.078487701724236913 17.755212173396333952 15.789826045995962289
15.748812218689225872 16.965625621048854299 12.281519203473857615 14.777088002569566783 11.027589164210567674 11.17793197554218132 9.6966731736358369176 10.056480364992310683 10.060966974072250935 9.3240278632113309243 9.5366702422608149448 10.845186079012821168 12.102278890163116642 12.028442233041712228 11.69180532018225982 12.604851714756252434 10.310111706236527951 10.389027486683559687 10.409064395652537272 10.582687207753631142 10.690194211471151675 10.891768436648568752 11.101977793817106033 11.702515580108741489 11.414002120474933122 14.359597165353905623 15.036922597101668231 11.860822738653837405 12.174082692601427169 14.108650787152212658 13.753036127559024493 15.931665178108287861 16.072794414992319645 15.327197893748131463 17.704645037399011187 13.940655696924231677 17.107947896324333215 13.119450831474203767 12.846321082501688693 13.502847950000520072 13.95496910782578226 13.952687046831005802 13.7324623554042482 13.949284438466722946 13.824656126800460854
10.742557702719516044 11.897484028117419896 10.716599227385293247 9.458897029941990553 11.020579039935912036 9.5463487334715289023 9.929021106914939665 10.079212384654928414 9.5678861601120228642 9.4572769226839312751 10.866647909747831235 11.05228572594154457 12.4331290799854699 12.642658196919880353 10.582573366499151035 12.709348990667976409 11.451060350340474869 10.292379184151856819 11.175373476188619648 10.871718339911517148 10.901966376629417255 10.915713955038331306 11.070652751272904268 11.294425598236829345 11.442902876079445562 11.401484352585349313 11.532297475299328582 11.685088726934694137 12.168008710017792495 14.022519756252492584 12.155361206712768762 12.16817910102938427 13.419327568283893726 17.27797474520009402 13.208941919012172406 13.947069573596680314 16.796509588975990113 13.326838686158387404 12.824165762952960179 13.93628395373771589 15.400165898463518133 15.298853010942643493 13.327199112404224834 14.12453003422557174 13.904337890085820106
19.186502512911623342 10.560326433219334064 9.5792177024909754834 9.6511156950751910699 9.6597699319420566866 9.7869841496474236919 10.946550157361267352 11.720296179922511826 11.218228961123484666 9.5004811778409088419 9.785096579929238203 11.111287738804241698 12.527697458599547531 11.739668319850530054 11.030974648455266873 11.730598660284108803 17.772563879685463917 18.622961861263494399 16.143581839483616136 14.211844836820386462 11.55271459271933665 10.981263552721239662 11.236479636376460078 11.023421037506903275 11.512456971024047192 11.718826148834123657 11.737702050238997487 12.016472269073915413 12.724547158454276641 13.329770137529321161 12.431402480061779059 12.422620322433022721 13.939337821719743005 14.177849241846523398 13.600972633077859086 16.009426556080519788 16.676047224032661376 17.654963770197024786 12.917270639363691132 14.445217552272172412 13.635468789799970679 15.970926177147328318 13.759171277965476676 14.410751257063642683 18.361982620748786843
11.205067227374774674 9.2737500379695738673 9.4378622032176799905 12.355627127649954744 12.925003253596326402 12.492513013822417633 11.944181089096288062 12.629024272863567546 12.023094275674681697 12.126502098811970498 10.475167269251414837 13.010530105841583648 13.547711952145585101 12.829415662311189905 10.536838065483623339 12.648797869317371934 15.603515116900899429 11.324790355183122159 11.433617657826852465 17.19995288654294896 17.57773038582704217 11.226286128380481344 11.124431566031537599 11.469185182024322245 11.412313515391222296 11.704908616000508914 12.116445963006196251 12.187127236539437192 12.363069792700974503 12.492475770214426234 12.417496600891952951 12.469066410417136481 13.223418160110957942 13.319213433828787529 17.362541033263568124 15.330839559068040856 15.998591397869198261 14.143391160697762032 12.710207447877689191 13.340536801694593549 16.482318104433034023 15.731454903207101381 13.978285641099031267 18.315853804707032282 16.79630018507536704
9.3520325673068587236 9.2618129808474485287 10.860755498613691827 10.640607882663669415 9.5092664827672006567 10.784636162756591204 10.453591377012807939 10.374647385352849582 10.6771658754188703 10.189917732709258047 10.412655579206191447 11.407837598251246547 13.309827789155235678 10.454431541465531552 12.273609548037621053 17.121825545089080833 11.183108326578903302 10.43833619246474953 10.595774752636543781 10.771564245283332895 12.1532245035037203 11.31243463041772479 10.87157433973968601 11.20573178801184433 11.31852995522498162 11.508288282986148587 11.820610445559333712 12.192220114981493495 12.694773414130443356 12.795526873634708309 12.558433905021413324 12.601664206673010682 14.712398064883341675 14.470703370951952138 13.371062436015650476 13.5421830304279176 14.469891091144335249 13.686092729645300992 12.873203905649926782 14.062288260100633153 13.465463392776840124 14.483746886869406367 16.490789554248085125 16.297197257971578921 16.832629573726151762
10.055780108448074017 9.2874375769358508137 11.69236628083873164 13.507780590924047814 12.50179972366486858 12.635319642369523763 11.951578772727497579 10.294834999881585347 10.494441975326225247 9.8881849944045043799 9.7143719622136028846 12.204711096025766537 12.901192680159182302 13.110523574998426355 13.730171305720915598 16.141560922965830116 11.746737973572493274 13.161173213808663007 13.178019614567464401 11.033012358183913904 20.483550722680973877 10.922000205790935112 10.776753890965739657 11.050068312491452716 11.150887609341404882 11.54559350361654424 12.122304079189998305 11.974815625217051007 12.519888838378918194 12.836922452427032226 12.490283337191804947 12.656897182200003371 21.613877151714191882 14.109549248485492967 13.725875296937031678 15.556780368324115926 16.072097572326775605 13.980325485034235555 12.957714420867397109 15.49258439066885451 14.058335856072636361 16.366262774335375241 14.106109876713476936 17.169249301652055095 17.503386074374507331
12.29218227155452503 9.8636132662725888309 12.28655994729124501 12.007519179171314505 12.975576221803367005 12.41462695704615804 11.351348366554855573 12.787754241878195316 13.343476991725662373 10.861927431620149065 9.8444741049714874492 15.020822811423400367 10.616263412462684457 11.811323165913373501 14.369107160215031982 12.378472615515196509 10.839437475588887594 10.819893637821694554 11.280119118234223308 13.134360961575808346 11.261265666097441951 10.534897819527714091 10.80082019450518338 10.786635467833077584 10.987133709216800881 11.277447167173555442 11.420376929500488217 11.624497255739507651 11.97757616635967004 12.22618954596536156 12.251376031720436544 12.318595324953030001 12.849801898448303561 13.503745154612017743 14.811032416805243628 15.911767586163232835 17.204820815200552175 13.834376790557326942 12.967407522617245164 17.051773605675009549 13.916375173467105952 14.325276951253531621 15.571227780876178315 15.137877949327732452 17.465194300127414806
9.7996275314111489507 9.5927196627505715298 10.290051480737092859 12.897951065277263538 10.19036782825284071 9.7953392412433135661 13.148609443843437106 11.570640287256622969 12.753246852033081282 10.518540952583499859 10.231609698552622589 10.472358451400056722 11.484432123266829606 14.239320821677244666 13.045077666476551315 13.332203693402309597 11.271511084266441216 10.759773865696837802 10.864151976968720703 11.661433379590098625 11.173618916169310467 10.718323731053494896 10.747580975084286337 10.718247224537808648 10.94236395629141434 11.232609584509956946 11.311147097111643234 11.43949444840391827 11.843014256971203579 12.123111164916920757 12.088768302021787093 12.256518046397584243 14.392846515254952067 15.58865598149049525 13.371955678196663087 14.682789102475879872 16.064682534741706377 17.280427653111900099 12.846406926610569599 13.130495141873604226 13.2772660394130817 16.421951777681471185 13.84162130759297149 19.004263566811300024 17.568384477099982632
12.11323541801522552 11.939280805121519791 9.8929938168471966975 12.026581802533767629 9.5899999999999998579 10.652421972240793124 20.226514894163408087 11.292625985851202586 13.409235419836434744 10.221526532310488022 10.997628622354772787 10.178748416301605317 10.333736218455898737 12.658341168345273786 11.404960202644947032 11.71367725011285188 18.475455068490553856 19.111353610874509457 12.66154218733066017 16.007036614387967433 11.797283245019663411 11.030801578626343584 10.814090951668484664 10.899705886936528643 11.149356906833574499 11.309757249431989123 11.441218945753133696 11.330045449468041596 11.820759343130122332 12.15757240051964061 11.970874821668083143 12.098660152891600461 13.40863814729773118 12.238327356018276149 13.009543608702815121 21.54631416004711042 14.769024628619540351 13.797034186413029033 13.160399235515793492 12.563520583946566234 14.436939996262143637 13.499706075266898253 13.99440682369916189 16.721281305815875129 15.753514988100004501
9.560663222637948877 10.616598510024594759 9.9908724538840498752 9.7084772953230604742 10.158386574921964396 10.787133276935074733 14.783770307870147676 13.035960054190406154 11.503212147402523513 10.698034731524575847 10.762196408506209622 10.038805373078794503 10.435810031016128363 13.539882251452523221 11.191598908984380145 11.889587690715677226 17.95477757964360066 20.301271477750752581 17.46576138169214687 16.102177956763007671 11.157888034868744143 10.746483029890217864 10.731031930951612452 10.950921120663842601 11.186400354186162076 11.276047897966014588 11.333709502794192758 11.253541180308946679 11.469372120560576533 11.679050830682266238 11.694850094075453839 11.868135894279102871 15.529429353501765121 12.832455892744931703 13.990478836740567914 17.560857818151177412 16.753169691263710916 14.465546829146552099 12.677784851033544911 12.673172811909788393 16.139644041572392297 15.63896022247504547 13.732452813891830701 15.9207311276883825 13.735051628686573366
11.24853117618148346 12.006473951450930215 9.8177664867141700711 9.5761590888628660423 11.325073874287944875 11.981147294126806457 10.149880379417329124 12.271458603555233324 12.501856705325700148 13.200090288399705329 11.305672803284370076 12.41865854265343394 10.525402090035482772 10.270011952341448591 10.794998807739307978 11.473466438909101228 21.260372281353131285 20.427483243479851893 18.470555875277099744 13.011379156206261953 14.909037125197366791 10.677590756437167485 10.737365396217489533 10.97640268210136405 11.158852305243287972 11.312166839592917356 11.311358512214429339 11.303318747254989418 11.450053474625750738 11.571687774900913936 11.595542541630960542 11.934684573873484581 18.111823258061523489 16.347430885320967775 17.485753621555950588 12.295886362610664477 16.120550674611294539 19.666813810209664126 12.557569891550661723 13.629211740911113537 13.749613422827440701 14.122933597047699905 14.134108553174604239 13.58545408658625675 14.530809032468107844
12.324761233294101004 10.214447073840057456 12.996027376301764633 12.554882842447556257 9.9543893363636932747 13.213614260201321571 10.830107629095319766 11.271158270081334862 12.162121170704690343 10.87653576039141079 11.840633451002112508 11.652795651777054786 10.562912467358785307 10.577037935821241632 10.124394984158790578 13.712325205913849402 18.924212966459744933 11.833637016301507217 11.290796141468785407 10.919380969993119024 10.860835959810442475 10.803043977227268613 10.772548796394033843 12.517094365316228988 11.369082963902638284 11.203569311978577971 11.330774095198517415 11.268962807291634576 11.417666207438195158 11.52146906967537987 11.552885577752107338 12.097563530180819313 24.913279309324927624 21.632349730714885538 13.946898709256597471 11.899443276536199932 12.393427596050885953 13.99652884906225303 12.182909020949697521 13.040863211007918565 15.665484455129861985 15.721342973183753955 14.611417067425584548 14.775713508522894557 16.225672282288392978
9.9392852810125322804 14.787977258151824955 17.201183427379984181 12.202039048909863794 9.4722844909807708547 11.811995306230191005 10.445013646737841384 10.152664060839590832 10.706063147764741217 11.9667485780109768 13.287966849726361218 13.72802299110454527 10.446224353522582717 10.324284980274480716 10.345309258064940394 13.099712847842692298 10.88448496272180499 10.54857886172659498 10.69762976479526273 10.973216462891306477 10.793549183019608861 10.888115756255418276 10.998665886780711887 11.065691050099660586 11.05768672825708876 10.947749628862593951 11.279060305697472089 11.364625981329091076 11.457806789640144984 11.574259006314139953 11.515998605963057244 11.813457246565441494 15.477398449270699743 13.224248510474954088 12.52868369812868643 12.999361620488311786 13.688537184001305036 14.226795083003688447 12.175753380215866173 12.220251968727545488 12.29334552240767664 13.78341974573629436 12.639180255638654771 12.426735580653652136 19.579368132155796189
9.4282420126059172105 9.9798558304366196126 14.301380716991248576 14.425950854203472673 10.419974827370435122 13.259809341359499513 13.031792087848481643 10.006034091434962363 11.016094872789185644 10.812834178289035592 12.072619159540288081 13.748026614218566976 10.319514307224796568 10.198590689835961953 10.852960661287648136 13.312428744818118886 13.797453233567196662 11.913105038589980822 10.908738698835760417 10.870342595991825618 10.865994563056762701 10.913115702526029693 11.211220828918081693 11.358520818084176796 11.197697079496423456 11.338550180535944989 11.34286581683358186 11.432287303418821267 11.536286846041516441 11.547211099692757941 11.496775154178488165 11.568574816615788237 12.41179492042586574 15.126444883624392546 14.037917374441601481 14.069560475014906586 18.909390516164805263 14.182662373749666429 17.6427201807485865 12.070934863048886854 12.104025156671175623 12.115718645045562951 12.26477591539534906 12.727858992763433577 13.283126568636360432
9.4053546108432932726 9.5392549501131611578 9.8585313886710057574 11.772620095376979066 13.104053597328473302 11.469135596298363211 11.011416624923951346 11.999597645601932427 10.506616176979505894 12.59431756558998039 10.130813005371189561 10.851093755133975449 13.035137268548909972 10.323661950674896559 12.809036626697958283 11.280366344228161424 11.350787389717972076 11.223993641861223836 11.177581154103021888 11.017131749331166901 10.932046605352068624 11.059838677001703644 12.643507729673462592 10.913730719367293887 10.933079157345973798 11.053072493491175265 11.265837184331223497 11.323269501628566047 11.359757492530862422 11.386229626562720085 11.490731671279013071 11.619036710243692667 12.22658867996242904 13.406086327173346362 14.500216276925662839 15.297633817107682219 13.681742536426261481 16.403978057779262656 15.316043145755443788 13.902728346624808609 13.973645261070380741 14.004045326871962018 13.341833054508878575 13.038403252279183064 13.28691173103298695
