LISFLOOD_FP/Result/3_dem_raster/combined_dem_raster/com_dem_raster/com_ascii/generated_dem_combined_angle_90_x_0_y_0.asc
ncols        192
nrows        192
xllcorner    1771145.000000000000
yllcorner    5471774.000000000000
cellsize     10.000000000000
NODATA_value  -999
[rows 92 to 114 of 192, columns 104 to 155 of 192]
9.4553791510251787855 9.324027863144628725 9.4572769227006379111 9.5004811778861011362 12.126502099098868115 10.189917734554208906 9.8881849943444315443 10.861927431966201141 10.518540950704972303 10.221526533085997457 10.698034731357060068 13.200090288412214434 10.876535760269742781 11.966748578295053562 10.812834178306149013 12.594317566029886279 12.816436277992394821 15.025124228569717744 10.334697683826300718 10.175413992378304684 10.222277272527318104 10.288584979835666999 10.35317839803005846 10.409665348691337527 10.447241466108524222 10.501378210912760025 12.828998570166595172 12.047145133753721424 9.7107302189447128882 8.5967837422767345856 8.0909196012027244649 8.0637655157839436271 9.4515997164207181669 13.370916075055868433 10.699087899736245078 10.382027647849659147 10.621393663751312886 9.9783087660178093614 9.9713905793545816181 9.8736583042960646139 100 100 100 100 100 100 100 100 100 100 100 100
11.425776748539618666 10.060966974446360567 9.5678861601222795485 11.218228961405824151 12.023094275751672555 10.67716587540465234 10.494441974554145958 13.343476989904525354 12.753246851494408176 13.409235419780578979 11.50321214787818036 12.50185670528249382 12.16212117027598083 10.706063147941744518 11.016094872806201366 10.506616177182838356 13.227521587076170206 14.423670996106782383 10.154184758320289106 10.093966841227242526 10.162507025233781022 10.201813320289536691 10.269555712828385197 10.342159795959567248 10.396293119431771146 10.461795987218607706 11.307305652199689305 10.904216951906823496 13.790390392451092438 9.3690392617319808721 8.2230199255021556581 7.7417218834061927168 10.214824932665742097 10.615110642353622339 10.4344258624188857 10.550244297379881786 10.364193761594085785 10.028010265274957646 10.023775855300407045 9.9075022499670293286 100 100 100 100 100 100 100 100 100 100 100 100
11.280091710195378596 10.056480365203620764 10.079212384867817676 11.720296179576466855 12.629024272837913401 10.374647384915750337 10.294834999315606083 12.787754242381597081 11.570640286434031196 11.292625989248307405 13.035960054198682201 12.271458604325191644 11.271158269117325545 10.15266406075545369 10.00603408969556618 11.999597645499775922 15.043419763126719246 11.464779000423499511 9.9775719137518805724 10.032212266122986222 10.06849939824159712 10.148676365144890354 10.201265438976006905 10.238642926260180133 10.328186910713839097 10.470012957430279599 11.364499865443843163 10.772751969959520224 10.670544950880969992 13.285946209629369008 8.4980225917648208878 7.8811383674357955442 11.329862195151214621 10.598346889114768743 10.470750292098619738 10.542136694838312394 10.035242530893071944 10.007847500841080546 9.8921711989043643598 9.8426171583811896681 100 100 100 100 100 100 100 100 100 100 100 100
10.994950608743092602 9.6966731735575280027 9.9290211072488627764 10.946550157388392321 11.944181087770987304 10.453591376720545725 11.951578772914583482 11.351348366659383515 13.148609447599751476 20.226759050573882348 14.783770308232947244 10.149880379316016388 10.830107629080945486 10.445013647705614801 13.031792087712505079 11.011416626534201058 16.615941849501265182 10.661143434241656891 9.9318769498473731261 9.9979693580608834935 10.025611377310926997 10.049654293360987367 10.180620596335291594 10.177542715459482636 10.270724904032231706 12.947452835129636739 12.091642161592783822 10.972150409930064185 16.228016579531288954 13.077982588462356617 8.5941852387995272267 7.6029668055635788448 9.5663733237001569165 15.922087930235766962 12.990364213043006814 11.490079330972962524 9.9833518088343762287 9.8118258082739302495 9.7548585690983227181 11.490019495723567289 100 100 100 100 100 100 100 100 100 100 100 100
12.479077634666028374 11.177931975198134751 9.5463487332802436924 9.7869841496752130183 12.49251301436078343 10.784636162342680521 12.63531964241540706 12.414626956867838459 9.7953392413273068229 10.652421972250634141 10.787133276966857309 11.981147294099326217 13.213614259768750259 11.811995307076774253 13.2598093418526215 11.469135596192931104 15.239500950738463558 9.9894951028702898554 9.8844348775527031137 9.8789172773067939204 9.9911376318323679158 10.036263159577085702 10.228567218060295119 10.152378348120437934 10.233867452021126354 10.660113497499432711 10.475145803711201964 10.306104638497430415 19.377267431775184292 16.127301156438406338 8.4696538468905568919 7.5672149734385660835 9.8596751581009041132 19.680580130114297077 27.140396932285696607 19.654602541075863797 10.291593746374640972 9.7513945657613056994 9.6382444459317095919 9.4898857255088771012 100 100 100 100 100 100 100 100 100 100 100 100
11.053755357869999187 11.027589167616740795 11.020579039693402024 9.6597699321540755335 12.925003253418273275 9.5092664793682857294 12.501799724011171122 12.97557622141879996 10.190367828183385157 9.5899999999999998579 10.158386574873654595 11.325073873974979222 9.9543893364686955039 9.4722844916290185324 10.41997482758909932 13.104053598743805154 10.150170318278178172 9.7987580652995944774 9.8289829238537471667 9.8462302955793141734 9.932742207469145157 9.9658132949547919566 10.103209449313830248 10.112434038000758463 10.209010718512555371 11.354534913310065036 10.576290402792858814 12.094758316703881462 14.686664746622851041 9.8043721259557852221 8.1121774885791282372 7.735119258217551419 12.395227895479994373 22.009537395714868779 23.132384347375182898 21.558193995367290086 10.413239991330112133 9.7592385459269550552 9.5396594961707243954 9.4871993213439065329 100 100 100 100 100 100 100 100 100 100 100 100
11.230849849278536468 14.777087999896554749 9.4588970297889751748 9.6511156953537025061 12.355627127819373001 10.64060788233643251 13.507780589539349236 12.007519178689294748 12.897951065135039528 12.026581802514686004 9.7084772952871460916 9.5761590887801020244 12.554882841720917952 12.202039049154503658 14.425950854829517667 11.772620096279451829 9.7769680486089107774 9.8080670540417109748 9.7374090737398120154 9.7970214359918497138 9.8575285801889904747 10.004660138058817154 10.065917756509293213 10.052025433584214298 10.131732257112163964 10.41883572916230527 10.225903333809052143 10.445130948547584282 11.823853961606513252 9.2434547434688401069 8.0163867153825041356 7.8339037758866085781 12.163293708912041424 22.719044528461502352 27.392194883596371113 13.972483990362038142 10.171034279177561643 9.6698661220497506008 9.4699825762741784985 9.3627141450790034582 100 100 100 100 100 100 100 100 100 100 100 100
16.52939806574978121 12.281519203614232438 10.716599227337914257 9.5792177025217153385 9.4378622031891907795 10.860755498222937732 11.692366284137902355 12.286559947899545975 10.290051480782436144 9.8929938172486640013 9.9908724538670110604 9.8177664863623448355 12.99602737629702176 17.201183427228276202 14.301380716339819443 9.8585313887670107391 9.5875171371302769785 9.6574662491686193988 9.6999632507388771074 9.8085846924424746618 9.9042121116011223592 9.9388517502840993956 10.022410569887030718 10.007018754343972589 10.238108076799480983 12.959683891597386207 10.001793887344494038 10.157152733818891832 15.03633347749189042 8.9123239316680802347 7.8325796454305587346 7.9508898629851669781 19.044139374323510339 26.966205158929437147 25.040056498658273654 13.458030829112619386 9.9489877766671845905 9.6479327940305878997 9.5150655862221960035 9.3046044511713166258 100 100 100 100 100 100 100 100 100 100 100 100
10.441540755715864819 16.965625624464756527 11.897484028896483821 10.560326433329537466 9.2737500380040795989 9.2618129808427180905 9.2874375768268127018 9.8636132667656770678 9.5927308014863275076 11.939280805056997181 10.616598508899844688 12.006473951404354139 10.214447076311984119 14.787977261342714286 9.9798558308233680236 9.5392572754604749719 9.5568669774801460193 9.5480186030194769131 9.6654879720991644376 9.7661036167929804463 9.8222738457147809044 9.9029581499513010812 9.9539121394358147654 9.9947649731377712357 10.505649014424776055 15.072074215807901965 14.018783360526454018 12.331773070715930984 11.651264445001960013 8.6105629486275496731 7.5542573106735089183 7.803639169010784471 10.861854723008271151 20.157677514047957601 23.65685599715872911 11.204990541664397341 9.6885519777306328137 9.6236042734483415728 9.4699578404985160773 9.3136283887427264716 100 100 100 100 100 100 100 100 100 100 100 100
10.058043142589115249 15.748812219115478683 10.742557702603090064 19.186502520748359046 11.20506722761709284 9.3520325673760762442 10.055780106782515659 12.292182273740365872 9.7996275312438960725 12.113235417724222742 9.5606632203879655663 11.248531176068006232 12.324761232577889913 9.9392852809494609545 9.4282420126067698618 9.4053546108296437467 9.4881055745685234371 9.5661605512272256391 9.6730900316636851954 9.6158884999620912737 9.7096780192778293639 9.8403839993808137621 9.8825271350651924251 9.8602265305421319397 10.221575325118202215 15.732233910827696732 13.972970516436612698 12.118444488357148714 11.235041053014992229 8.4360334202868614284 7.3403122340161246484 7.639965896277014501 10.383445820321579589 11.338472778092137716 12.40777482418741684 10.06868285792207196 9.6578864605963197221 9.5806337236123102485 9.4144138144276556801 9.2944688088016960137 100 100 100 100 100 100 100 100 100 100 100 100
9.42986042024464588 12.705680099310367126 9.8530312139755142908 13.802585343614447666 10.199153797590911452 11.333979128785669488 11.001028768484323095 10.999647600506534673 11.724198098722066419 11.528510033976781202 12.920508058935288531 11.03961881843875048 9.665437567836823618 9.2987917675395159733 9.2920920192233005253 9.3367416144164803171 9.4281296145732333969 9.5617492022340133673 9.5755400548779086023 9.670638828523227204 9.7105843626632228904 9.7849138398000778949 9.8513820343329232543 9.9323581421187725482 12.173713819055178575 16.400574907444028128 14.157141410174540752 14.066939499394399249 16.297761836367765653 8.0974444748661280613 7.2665376278623012851 8.0274156623109700348 10.16433576431186836 10.782951315982895579 10.115282187072486053 9.6895434980107761902 9.6256111820165628501 9.4302080844782150137 9.3310328956217336582 9.2554769211777738747 100 100 100 100 100 100 100 100 100 100 100 100
12.080681012481903736 13.077060183588388398 10.160637295555520865 14.224544112722206535 12.386103646544436074 14.286734029932610213 11.566651732941167552 14.504954961166520278 10.829683974854841466 12.984441594223607552 11.460142103808838243 9.3317950205775357375 9.1355156754675057584 9.1775775739507032824 9.2368328944852731155 9.2860998696023013821 9.3294268319832642788 9.4126788723683230131 9.4863932788697855614 9.6202627607436603796 9.6739167749998244972 9.7532356372580970572 9.759111156701010259 9.8977465875360195469 12.017648316078783921 13.77626654015879204 10.575307616148549528 9.8231467651267188046 8.4578913781907925085 7.4684432703353254013 7.295248079861521795 8.5350147753559681973 9.9878331169601075601 10.873941142008868965 9.8266454506828484483 9.5956608757229222562 9.4957461803134570744 9.3493089118850871699 9.2454054061226695893 9.1197640693971600001 100 100 100 100 100 100 100 100 100 100 100 100
9.644704723854991002 11.115894355959920148 9.8213175010408662047 13.641868951965046008 10.342315096060215041 10.716660124320076974 17.450887370494335471 15.932447243079447929 14.256623806684391553 10.478290034167114797 9.2526312194667905686 9.0860429005437328698 9.0952508071950752822 9.1868609981101894135 9.2329321095392380414 9.2478377143650885017 9.3137415496657478542 9.4028796338554343492 9.4328281821047550437 9.5396828813285221571 9.6077133278289519325 9.7052149701353513933 9.7523139497528514852 9.8741226217360189565 14.150430559518040852 15.511266482950937018 10.46432194250162695 9.1567274741869226773 7.8198746772720264531 7.2589273844271033909 8.195063409403068988 9.7859342123004964265 10.205022332104064731 10.853620988380214385 9.7133965466984797388 9.4984154634720194821 9.3880230416807126659 9.2686612924251097212 9.1852113874891276879 8.9914844932143083156 100 100 100 100 100 100 100 100 100 100 100 100
13.497521253576243438 11.032177812502430569 10.790448942152631062 16.172656367237877362 17.898104696066731378 18.5628488359799384 13.92195655922577302 9.5894467262624125681 9.1870358336573740843 8.9714767004211690704 8.9267815213037131628 8.9966300181589975438 9.1336665685264719627 9.1631567945467207181 9.2060677920328899404 9.2334485759235995772 9.3238241036135711681 9.366990973372940843 9.4201335592928305829 9.4326654206204842978 9.5462196226094651053 9.6337220688962190707 9.6809439990019292566 9.9455048917124901919 13.751923027673196742 14.016342038881196785 9.6310398090953110994 8.5883775453889033002 7.1569964201284657079 8.6668440716612167307 12.003728298608555392 20.649573440497590582 12.552131420728258604 10.109177392551274011 9.6440835866406793286 9.3597967082329471822 9.3803943053876732705 9.1615339765490180213 9.1199684455992109378 9.1633206667561264425 100 100 100 100 100 100 100 100 100 100 100 100
19.230228768325225985 23.290721848841087649 17.32670663202885919 19.656985110174225895 17.798008382062167954 9.8495600899706410303 9.0830757229258498597 8.8990025130532561803 8.9020959728853270576 8.8796511708025445131 8.9328647885196108547 8.9866983873980448294 9.0471052444465307474 9.0787039185591904555 9.1485550190617139776 9.2231756398975779376 9.2777647615169858142 9.3158418526076971489 9.330799169523482206 9.3793323392536915861 9.4424364889568206394 9.5116136560596533656 9.6520224453797194286 10.547849804793175466 16.255928300617451754 10.621726591170002507 9.2634488620119093127 8.4823173719116340408 7.2023454111872604599 10.458476892250645918 17.427017306785984374 24.544298951118218355 13.365944720661866896 9.7412483895563664049 9.5130995990799291917 9.2234119777784755456 9.345881453080764345 9.3275921189544384049 9.203398780766177012 9.1084674434455639158 100 100 100 100 100 100 100 100 100 100 100 100
10.381888362329952713 11.059043719653061544 9.8884240054809016129 9.3669183331414167526 9.0866257415588833624 8.8442903372748613577 8.8245298424664682102 8.8492074720203319771 8.8497291475758874668 8.8656681331503008892 8.9211541995302905406 8.9860260152464803696 8.9518732759170447366 9.0442055471571443093 9.0587604226812317165 9.1121654500826476664 9.182470756952783475 9.2509956431732245363 9.246923988168736841 9.3646612439406240469 9.4280889233745721612 9.896378097611698621 10.905933386958116316 12.833030839824086655 14.217072094243855318 9.4766753132357628431 8.5494337400937876481 7.2367335777196606372 7.5447035355566853809 15.559009710148181682 23.065024206223913694 21.75500648012905458 11.572573117272808574 9.4720960192144723067 9.3269488321691405019 9.4455977326622768686 9.376075088467233698 9.2937597652476480192 9.1257273563585741272 8.9693320017502937702 100 100 100 100 100 100 100 100 100 100 100 100
8.7506643560201329279 9.0422976366475609211 8.7403668373014369308 8.6939891850421631148 8.7240035889026081861 8.7446429921018609122 8.7541377809409368638 8.7268744119299217488 8.7810829001472825439 8.8287260919145893467 8.8784989647277150482 8.9041325438990863717 8.8742578925065611628 8.9566146508852764185 8.9989031025310222134 9.0575625473246965669 9.1266037612311130545 9.2173618257719436286 9.3322184540537431729 9.8276766068259728826 12.752273737281585753 13.518975591893823918 15.443652672805946224 12.029883318634526645 9.7187246426559319445 8.774471565259617023 7.3866909699045821824 7.1722399983601077267 8.3044423313254274177 16.215945972123602559 21.116699960714587547 12.893065464455254698 10.256769842948108007 9.623769305377127381 9.4628738945093111568 9.3021130373474640862 9.1429422629357617325 9.0521393492943253989 8.9239478882895042489 8.7367829040994191558 100 100 100 100 100 100 100 100 100 100 100 100
9.5748635185605515119 8.8923853035172584214 9.203264372608790822 8.8953123931023458937 8.8299846315262957575 8.7617629864118988792 8.7060772069950953522 8.7293718981640910926 8.7472635071297215603 8.8309837351915643211 8.8408386082799435002 8.8004136849351972671 8.8515390183466351459 8.8910772654405629822 8.9879039016892861014 9.1777271335094159355 9.200569330397888379 9.4150163073190960006 12.376190973510601268 14.587960692632037762 16.257257088134785761 14.931602320647973769 11.907244731295325124 9.524970661181169973 8.9151941948336084209 7.5183534611852769203 7.036785808338264836 7.5425626002945866944 12.63757040085567418 18.29413279326623254 19.885270116658048778 10.857667848431578506 9.6565356644716899837 9.4749560820491751656 9.4322009959332699935 9.190618909741397502 9.1158029521300409925 9.0004430401371493531 8.8523928968726988131 8.7876214421126395138 100 100 100 100 100 100 100 100 100 100 100 100
22.330685968329657243 9.8598215321140809664 11.507577865546121387 16.837728288212804983 11.14583452606479419 12.136829086846169901 9.1238355200047998039 8.7381743645621092753 8.721115711278400795 8.7993569244069185231 8.7880160503280109197 8.8390297611166346314 8.8429166591906973593 8.8484865673064145852 9.0339196805822297165 13.56024316239044758 12.65977069358687146 13.681052078948379602 16.652544145616801075 16.050655961418353712 13.890470266914164199 9.7700109573695144149 9.2552166541895282137 8.792806237487322818 8.186231385498972557 7.217423057196352687 8.0404843712742639639 9.8013105549260721716 19.339756730684012354 17.998517624339491761 11.254716021647642066 9.6347364411488349845 9.5438081240943688499 9.4042985077593446164 9.2889355884132474017 9.086996127590024841 8.966540935676755808 8.8934942006178143714 8.8380924837851200238 8.7678591465154731566 100 100 100 100 100 100 100 100 100 100 100 100
25.288447359992776597 12.924993106063075388 18.122841917392747746 28.310437857248867743 24.044250777537556019 24.585719821986891986 9.6580041036541199873 9.0618885010349767839 8.9924391526107818606 8.8829532613876747149 8.7078956091804435857 9.0219142933046523325 10.061250690687128184 8.9742531642844234341 11.556166730927289521 9.4904970518078339836 11.344678400446575495 14.077502126586342257 13.792733205319985146 10.429942271167433887 9.4616876078341398681 9.1359067339096284854 8.5657918764949751989 7.9618323645283126666 7.0978595696141146831 8.6415125709635720597 18.177366030441245215 19.351847406333963164 11.983298864536848782 13.293062936134781182 10.11299907275090959 9.483428483442519763 9.3973843268694068342 9.3605866168820437423 9.1542062602476157451 8.9658012130990982769 8.9063367428641075918 8.9642436042048299072 8.7074883110562542043 8.6527259109813083882 100 100 100 100 100 100 100 100 100 100 100 100
13.12449696254556919 10.734280718958423506 12.152239062673141134 16.69422464597664657 13.457977599139368863 10.153037639256499602 8.4554195318872125142 9.0361610444790922969 9.0519818568593741759 10.870232577402655139 9.0987743342201401475 8.7746989741450729383 8.9255647414913799054 9.4545752406899286058 9.1981313183416251178 9.6395846839200505229 10.071630899038179763 9.3232748658538699971 9.1931619160567112914 10.016107510716546258 8.994425170743332032 8.2869016576840746069 7.4454045992089339379 6.8843232236836016114 8.5100787030779390108 15.107686050590643845 24.807203667444394313 19.884468269660928286 10.243193046921993172 10.47072691570153502 9.419284876214453206 9.4340634608509539305 9.3010427579377203955 9.1764786885198663668 9.1598525457766388769 8.8915616910662915728 8.8323257130859822439 8.7539985874091250651 8.672854929754810982 8.7256812284652056633 100 100 100 100 100 100 100 100 100 100 100 100
7.1678265003231285135 7.2309782838559293339 11.790177671975584417 8.9186515929545393533 10.616861841392212895 7.6712878624548848094 8.6825836212419851279 7.9128165486954076258 8.0374092011394555612 8.3892459120905336079 8.560615726803444403 8.4488035640181653463 9.2275371343616932052 18.199049438177034688 19.209074818264888052 20.08156338812913333 9.5032566292975317879 9.4675621789953723351 14.788539200174939836 20.443943977477008644 9.9010277231591707903 6.9294990629450063935 6.7855517803678333522 7.7966952394265396364 19.628339979820847105 19.049435640757096166 18.737862147809302371 12.476758391468093734 10.556358562466369833 9.419159415087346332 9.2690181293406599394 9.233572477215030716 9.1094405848590493946 9.0485964040076858339 8.9942047687011044133 8.7451269550001775599 8.7996763054151774242 8.7406033647671392828 8.6557629880934445765 8.6327573949767391071 100 100 100 100 100 100 100 100 100 100 100 100
7.8084148347566904036 6.4532852858652969275 6.7097037054012744761 6.977978438642673531 6.8430426244406001857 6.4884487024594070803 7.2984227187995829311 6.9231187785796652889 10.266792966329523651 8.9835808851747209758 10.24191999736853731 9.87394493800502282 12.456442677097170346 22.630227919494075195 18.582949554825496818 12.373223104361338542 8.5061142591199896401 10.382185081809399918 9.6064896654449114521 14.975251007455538499 7.6805725110289202462 6.6159383884378382135 7.3363518498636972609 8.7761189437762130439 19.897977860371810266 10.46667761310904865 10.418701879735998261 10.58893808697382255 9.4954226707556390608 9.2416664079268713294 9.1917434503883246322 9.1043162666987580423 8.92850811023367541 8.9281185903708042417 8.7356330149763987691 8.6072364165576402684 8.6162182437766219323 8.6597233064941523395 8.5942913353400935961 8.6416886897662177347 100 100 100 100 100 100 100 100 100 100 100 100
