LISFLOOD_FP/Result/3_dem_raster/combined_dem_raster/com_dem_raster/com_ascii/generated_dem_combined_angle_45_x_0_y_0.asc
ncols        192
nrows        192
xllcorner    1771145.000000000000
yllcorner    5471774.000000000000
cellsize     10.000000000000
NODATA_value  -999
[rows 120 to 139 of 192, columns 92 to 137 of 192]
6.853441014612226212 6.3050063230738020437 11.348098197442450186 8.1652351183520970324 8.6995524397686239126 9.2954932161413221792 8.9424556248300319794 8.9584699781396412988 8.8315244301955306838 8.8756322617203586844 8.9540338743546890043 9.0325142125421677974 9.1092909094965914818 9.2429325038070349052 9.3375618104966289224 9.3815569269455174606 9.4179218425841924045 9.4919424477470304424 9.6466138782020980358 9.6970726832389075867 9.7962506778559337306 9.8763572359312750137 9.9687599747278206053 10.013066758001498258 10.041102389378629312 10.069717140857658677 10.577546519454447349 10.738283001694300722 12.341556869817496889 10.815519467064484971 11.235518212801725468 13.262993616440782674 9.4432020148126643022 8.2211155192289204763 9.6622909371546477075 10.796087130954163058 12.274728464089983859 15.744056306223814801 11.864610238542327991 10.861962614168355401 10.634825449675316733 10.728479569220162659 11.308018680425679037 10.358156027238829111 9.9921805081588352948 9.8861053145655990448
12.40895666019244814 6.8070769782278279791 6.8933944845680228397 9.5064078582200330914 8.7058312853256047958 8.7503869740941837563 8.9032312753861173604 10.266659866530833511 8.9462049741763340904 8.9064695274501772815 9.0028746419444800608 9.0508477952011752166 9.1351171963713202473 9.2115607081380002086 9.3030892967413638672 9.2871465480942472226 9.4399595856085358747 9.5396466495231937444 9.6538693233483670042 9.7480850511394390168 9.811497067999242816 9.8595145201599372342 9.9588852026252396854 10.046936000827301427 10.259566633453365725 10.39654552880927163 10.452575243947572758 10.569217371854925602 10.449434785444497109 17.635529805943637172 14.598665333449590165 13.088982188786566496 8.7092509388468144493 7.9127139492676921151 8.0396488804084693669 10.338602911260725392 12.890994079722062793 13.220681445064055737 10.78941657659595954 10.564621494938144508 10.539591519315086643 11.25392324328211302 10.016621359775070843 9.9155561596292471904 9.7328577681622885365 9.7544520839296406933
13.170907463547464999 10.609089658451264171 6.711348404075846652 7.2980956550654827453 9.6523328876201190951 8.5731434558555505987 9.1548010695514925317 13.069175051863286541 9.2580615954969154302 9.329039195655479233 11.331777895821289803 9.1234769701605884507 9.1578700953578699995 9.2146003805051073243 9.2825276127822426986 9.348763668545240435 9.421460465022503783 9.5307226743444051209 9.6946536332348873799 9.743139831849084942 9.8164375783843134116 9.8463424050082100081 10.271882735990491398 11.955233813989183389 12.813525541727051049 10.290172644572455951 10.128507736704277065 10.989556035689989955 14.002615013734841298 21.609257934041728788 20.11391804207515932 9.0046594722800445965 8.0853398953338508903 7.8830468285245585136 8.387382943644890787 9.6770823931748708446 12.869465051768017361 10.543469154758694728 10.42969616748218975 10.431496554582810887 11.223539246229414346 10.328014260764485144 10.094234083319685524 10.040701702976049248 9.9205275965431383156 100
23.455185300324320252 9.945709186934463375 6.8288169728431382666 6.9813892048367591769 8.638241059607633332 13.07724504738029303 16.422174496534388766 10.576920404204912529 9.4271324413852255475 10.858123819261187748 9.8546583680261630178 9.995082512540740538 9.3449407746480375181 9.3031000853289711472 9.2282300937887331571 9.3686736110598456406 9.4752545138572692451 9.5276359097261362763 9.5925369234887725156 9.6941977819075013656 9.7821460194171798719 10.079475298387494675 11.552025639234502208 15.893947364078641726 15.801260276242071967 14.737287268051337819 10.416731041428500149 11.797373603829800714 16.194199495221550222 10.500121112658270306 9.2100529681414808891 8.0541803606719941655 7.8139867677070382612 8.9578613763301380146 10.387263308634622661 11.264299200189773487 10.738560797631402366 10.509707098362367717 10.376449762524215359 11.05324607395858294 10.131919748733352549 10.023250326054473192 9.9831779215764751001 10.048009389722896145 100 100
13.65339349092404575 23.329701437950308929 17.348011424564667493 11.370507548578450141 7.4934298344993148788 19.585161914910209191 20.563821868213906896 23.067635802604073092 10.386848063885667059 9.5046379424438871553 12.410501522098275728 14.994175888509623462 12.723940054315473702 12.251099009854087285 10.278036138369744279 9.3305173459764088051 9.6597919798460782914 9.5197303129560992829 9.5747946129346530597 9.7202390273144825272 9.9532703491259777451 11.763135858168507042 16.241749275049382817 15.181915729731718656 12.924084198598913886 12.979487050526476111 12.691627837022764425 9.8142159225255944932 9.2035452770522780952 8.3274927752493788091 7.8382328865034951448 7.6249667776930936114 9.3636541659932071013 11.282653750573038209 10.582152477295235116 10.384999692525077819 10.329983084122034143 10.75347494228086731 10.761781264122538104 9.9930618973108007452 9.9368415590004168791 10.003911532539387252 10.005366793882185306 100 100 100
9.7329163511310579082 13.777222890721567694 27.188934626334788192 17.677398517684039803 7.3656295302436385342 13.567162205874364389 10.667030821300672372 15.229943121049885235 12.100378384149625077 9.6569627364034555939 9.2422043168656333734 15.308582195920246605 10.859037296900394765 16.553041273240111764 14.648745891710552414 13.753019148147345163 11.134513888702104012 10.235729871252308598 10.043805638379748046 10.708313417732501449 13.397790940911718849 14.822673478245125267 14.773239454580318508 10.861237139148384401 13.160264982621397323 17.931128731936873066 10.30896928778789956 8.6666102343503172989 8.140950107754783005 7.593667551381483527 8.0274451424473749483 11.372531287720420323 15.182375056681127745 22.237438084892968249 12.090641154654592881 10.1757934053606931 11.000486248821772506 10.399078582951586824 9.9831863344855271691 9.9443943650713269022 10.011591558898590648 10.041211577223322138 100 100 100 100
9.4897183159898848004 9.4447797013159249246 10.86580553654663106 17.795532696047111187 16.583737377764464327 8.063204800437260289 7.7746045702016770562 7.0995392380323352199 9.5651850077258941951 9.6671566261702057687 9.9237760718326963882 9.738727590972475312 10.212302877396716383 12.37680981718383677 14.60286025749270955 14.635821451213510969 16.127232925785691009 15.194760262326672873 13.645283451858103874 16.105469092458886138 14.567565245982546429 12.064352273557270578 10.233285550403838471 9.7950659556817836204 10.097917659333122131 11.908643686264737127 8.4298127112643204129 7.8121847573693967703 7.5036111617237857274 8.2067198809257337899 10.712591345682291433 25.923034484797224053 20.644783239631351535 25.603466842493368461 16.167817185653387213 10.494320046037254102 10.012830426836231368 9.9824731987301529301 10.155587511416349855 9.9724931707829096439 9.9455548191874338926 100 100 100 100 100
11.805732666721132418 9.2786308615734487404 9.2018877877788067821 10.341491928656088461 10.02871832356233206 8.2079530766969810429 8.2994785414401626156 6.8143577431597961436 6.9194310015982969375 12.282844716589613299 20.596675481282272102 12.182115219927505123 9.2306587833660511677 9.2483062184463467048 9.248036090003985521 9.6165428075468213365 10.470869805588050028 9.6025756706372362714 11.889825276346137173 9.6336087384417119495 9.8277354015335429693 9.4542174816971762397 8.9885861492584453458 8.2467781711092751351 8.1050674561722395595 7.7727958694986600818 7.2766218642447055842 7.3867724487412198542 7.8580973315397502077 10.378513062924985988 24.255392628325175508 23.833628700646713128 27.347404977199701648 26.095478603434489884 19.639959386984294554 9.9697839588884971107 9.8976465716646231385 9.7899617224491528589 9.8937913108708297472 9.9068860754744854091 100 100 100 100 100 100
11.658369146452091769 10.434864334344597481 8.5538202142478780843 9.1485736532977899316 11.216036311496296207 18.852593981705211945 18.551181455248936913 9.702891974498527361 7.3321924730394680836 8.0303614355179373518 15.800227113543453328 16.508631311524684548 8.328537121187096659 8.3691410082408594917 8.603059838222716138 8.7428459287893822705 8.8816136431706063092 8.9690566985275346212 8.8892094138303470174 8.7019345018442972872 8.5243081438679020323 9.3809028128062870167 7.543984790268615015 7.3253640102519792521 7.2622108630030570708 7.2571507217429189751 7.6001343819077797903 8.2522731862091838195 9.8584286665311307019 15.2292654870149331 27.69703906187629272 26.358420957678212915 22.745727558370557375 11.771654222757545583 10.356324869218392237 9.7946093757216310394 9.7368020768843539514 9.7660010445691511904 10.280011104456063364 100 100 100 100 100 100 100
11.508700039154488692 9.8651213586644495024 8.8401463061154430534 7.4282615156520241939 9.3254005658217948849 18.614668667149462777 23.905363519418806106 13.806314058496969466 10.87400779905896897 7.4110605260531743355 7.3889249923110469354 7.1497074112986043204 6.8276460769089828418 6.9640981548107498966 6.9171263144491597075 7.2472347687180542763 7.2171864923671158465 7.3274901579028410836 7.161465608296089691 7.1975177689939933146 7.1606082867359202027 7.1215332772944037742 7.8171345687163924509 9.7740873978327122984 9.4937241281251001368 8.4375748984288119203 8.6586703873802406406 9.9652766442093820842 15.467695286972649171 10.259206689862008233 19.56983111640377615 14.719506948734968788 11.501807341064120394 10.042251195794433372 9.7558139156362315703 9.6443147905405304243 9.5970878450696393003 9.5714752129693252414 100 100 100 100 100 100 100 100
10.990579472051292598 10.216924663190800615 11.072392108223045426 9.1076575772950025822 7.9175822451825137449 9.4778228693653154835 12.787299378170912334 23.624190197967500637 17.06871229260674383 15.648049067132351553 10.240212642695086132 7.7347968909144322325 6.9912066967653148097 7.0532173365657229169 7.721526746360749982 8.0410603015512176484 8.0083543228233455835 7.1899971629283543351 7.2149658209392111274 7.3500625553306333515 7.8726919691368903997 7.793460998609876178 13.54235525407212748 18.954334931109507068 23.016788733799181443 12.808351091745789674 10.195283839169666962 10.269743392360512146 11.098760096178500234 10.305108045557508589 10.282263211088617183 10.113951406589738014 9.6935248875283495096 9.7008974656654896052 9.620108493357271584 9.4674287445314639911 9.4694766246218211592 100 100 100 100 100 100 100 100 100
14.113433441415619285 13.082150129282801743 11.918327045352794968 11.145897738989338777 9.1102536594908585244 8.2518396937663123225 8.9302004403988721748 12.188590257178152143 21.592171325619418099 19.909968662029449149 23.356212524160685717 10.654728423486696798 9.3313121445687947642 9.2802046043500734385 20.167924820875722247 18.138701454786044565 22.59595969947906724 21.079764761433818165 9.1816048497528761629 14.515126381958184609 9.1691828017654515293 19.836117919529034026 20.906060531300848737 19.331736586824799673 24.937264320485830638 16.443080730564318515 11.236519358844470062 10.252024894781673225 9.8420407487585794826 9.6981302009756209515 9.6704332363739275991 9.6395697546153780166 9.5995900909609748197 9.5772282122471779076 9.4491989667549525223 9.344623085133161311 100 100 100 100 100 100 100 100 100 100
15.239811457284597296 14.900687874637757346 13.855564234515584943 13.118687128885975213 10.595642599043237908 7.6138351771682284408 8.6571440306468900872 9.1987775760837937611 10.770493711683229776 11.521260489160074059 23.79073560940940979 23.702466473728449614 20.13952305358944983 13.100315463629403467 17.522135619300183151 20.984445514147562761 12.844399723286809234 20.226980961609211107 17.127945689769550341 21.5830894335434742 20.173770424082423602 22.382465424764948381 18.921502127635339008 22.058505281600211845 13.650434498110843862 10.533105604529199084 9.8232327082988266653 9.7147352049400677032 9.5458226092680824593 9.491111848546010421 9.5438415148822741685 9.4753750888511607542 9.4606360709109083018 9.4215284072115839109 9.3837054649914968252 100 100 100 100 100 100 100 100 100 100 100
15.527885387615203427 15.27993847086450252 14.691727402942293068 13.716892932615664336 14.481213296693827175 9.6215034042270932702 8.3803067792681424919 8.6051852563092694481 9.004981101623327433 9.4830058344996448483 10.813721263263861516 12.47061262015846772 13.013347901543589558 13.167199897162264577 10.127332717042664356 11.554915369774358069 12.306599205538509167 13.529806003858588781 10.218544633200838945 11.407760539646480069 11.830639787650127914 11.305862108239638886 11.191938993089834753 10.133603560962320955 9.7646102409768893438 9.4326460414730419757 9.4652814326389780319 9.3722167918965606503 9.4284653646976277486 9.3955244353095874743 9.3510610920734311691 9.3589120121395357188 9.289097869458245782 9.2895701727455595176 100 100 100 100 100 100 100 100 100 100 100 100
15.90390099584930006 15.311664397785911262 14.449115420464183401 13.60749621868888859 12.720981460877478497 8.5285857542960048505 8.2306536788700341845 8.5607427121249788371 8.5478612877738875397 8.732466598185753881 9.035792914115960528 9.2296773046873656909 9.4934234495407121557 9.3489577639543846033 9.5383802309680270071 10.001079747758250704 10.109992577308387851 10.169901328226348625 9.8399778545585991907 9.7006626480248936417 9.4209274261243844961 9.5764061390756314296 9.5953522426294473036 9.512374334813316068 9.5839674653632638268 9.5659562662855570636 9.4350137924444208437 9.3523816786202385032 9.2083799576142624232 9.1717886443773224414 9.266184089307738958 9.2274575101474010097 9.2447172372840622501 100 100 100 100 100 100 100 100 100 100 100 100 100
19.484603095475453216 20.821135705638372571 17.690191982077646315 12.834253107641330871 13.624409180778695116 8.8103065768592419005 7.8431922870291943539 8.2458927964213817319 8.3692990173077266292 8.4894438765909505662 8.7554616435775471928 8.8587317363751481025 9.0141057466248089014 9.0090207576067662387 9.1721627702937134075 9.2414021347847068455 9.2464029720574281157 9.2597163347523654409 9.2794777972269315569 9.2326937744500412464 9.4301270248376170002 9.4194107073141122299 9.4422840898713058522 9.4147248014946871564 9.3404578225924570489 9.3380519714062355519 9.3714717551251816019 9.3890595831130134741 9.385736645571947534 9.2127146022778827472 9.0339608324054427868 9.07765182359174716 100 100 100 100 100 100 100 100 100 100 100 100 100 100
23.034266904501937034 21.833515057969268724 18.473590913640158817 10.014760954273626226 8.5338693699883254595 8.4970677280560025224 8.3216634267793789803 8.317226958056991748 8.4079911777593618893 8.5748057544799589635 8.5518938166763067699 8.6603218345675490042 8.7971517441597253395 8.9429734721624871696 9.005831258794083638 9.0194219492843981101 9.0346618928057154108 9.1005633970486101703 9.1437385596075522187 9.223185542739734899 9.2414486676418619027 9.2620618578523536968 9.2904640407648901856 9.2541904438607893724 9.2001456931417422425 9.1631876121234849819 9.1361134088174775769 9.2126301507707886174 9.2817293987283182588 9.1699269460128292053 9.1838151971314800903 100 100 100 100 100 100 100 100 100 100 100 100 100 100 100
23.237374635831248071 23.225142907929043901 21.402729369408262983 10.490237076000564542 8.3897080792457039422 8.1605016663604441618 8.3561966925420332331 8.1578128612926352758 10.953703297812280582 14.570805725884049764 8.5650527285565907221 8.5345273839910991143 8.6093645857904892438 8.64436286383138075 8.6917174846366656027 8.7979004196984416097 8.8525243382402845072 8.9081982085360547075 8.9833846427049000027 8.9767131857497552971 8.9947195618346533763 9.0931209996185202726 9.1507472187064102798 9.0194428873701379956 8.9261676544181636217 9.0215854988245034463 9.0305818313731833769 8.9621143553375421931 8.9719787035510787376 8.9905012238292449922 100 100 100 100 100 100 100 100 100 100 100 100 100 100 100 100
14.932619834811974968 16.438547831107126029 20.043014864248039686 18.785178111292161418 9.2681071706943711774 7.9391079716394994392 8.761429145724241252 8.2611583792157059492 12.085225268775708685 14.586415804477967484 8.2211911130728783093 8.2897403750286127178 8.3508007311090111102 8.443425672038403107 8.5514491634681402132 8.6445181615115327389 8.6763326656190216113 8.7434333815471898532 8.7997721374828685725 8.9120987188160860626 8.9147915440066309856 8.9373632077284099751 8.904021986114932119 8.8499428621358191549 8.9187979644703201387 8.8938898335512188709 8.8694655685574286252 8.8846745347076119259 8.8174412794811711791 100 100 100 100 100 100 100 100 100 100 100 100 100 100 100 100 100
13.339811943192476207 13.059166327550256526 13.549537446170159427 18.292327018480712297 10.27121309212473399 8.4900924453576873674 8.0108468625930644436 8.4904989949116558279 8.4137132204009699166 12.81361372920152597 8.3780448811276855281 8.2727087305420141661 8.2118089087160477391 8.3824188866438404943 8.4827870589491176645 8.513943540164934376 8.605868343551847488 8.6236486842563149224 8.6855266556167869396 8.6898641839367218864 8.6061294958429570556 8.5952672249247719094 8.7585243976816684608 8.8272183349395714203 8.8083541529817352966 8.8103084731052980771 8.7594741038887562468 8.7758675074070495725 100 100 100 100 100 100 100 100 100 100 100 100 100 100 100 100 100 100
