LISFLOOD_FP/Result/3_dem_raster/combined_dem_raster/com_dem_raster/com_ascii/generated_dem_combined_angle_45_x_0_y_0.asc
ncols        192
nrows        192
xllcorner    1771145.000000000000
yllcorner    5471774.000000000000
cellsize     10.000000000000
NODATA_value  -999
[rows 100 to 119 of 192, columns 92 to 137 of 192]
9.7744674010715080215 9.774731877831021265 12.02654916765011528 9.8677801658261667939 10.520683349349056357 10.497372818126518013 12.727334947323448944 10.120115650631971604 10.222870084465689899 12.010676215674873646 10.084579417536078338 12.19512483388430546 9.4546594504132208669 9.5327641776345437563 9.7437941125406357656 13.294405497784717696 10.837395770653881044 13.19422959397261863 10.675090456017354512 10.800120866834356903 13.175124388867750724 11.833084666960028031 12.558413796964780218 16.603608366244262839 19.701748182615443028 20.859976953234568242 18.599077274551550687 11.68875851888770967 11.00451625860992344 10.932040073282953685 10.825689861655700241 11.152061864407354363 11.103746887701980484 11.030781581600841434 10.755674595436827801 10.887791467681708468 11.117747341566282415 12.237771704381122717 14.271396140503863847 10.339620997644049183 17.084083217699767232 19.113672568880705427 12.710812963894854377 13.102870029428913767 10.150105029248839728 8.8997748391384359223
10.110986843087420795 12.726585771901140376 9.9160283351350422265 11.28129414436730471 9.8111135014857691061 10.372844579960068145 13.103201535858687521 13.192265336579771073 12.942230268326113674 10.785697412879065027 10.365414157439596821 9.8864438324441223926 9.5083574039481515427 9.5260183797619912838 9.37365723451333821 9.6513414150739276209 10.657115880440658273 11.313946374875783363 13.653282594583144416 14.386939862295085035 13.00434425097222757 12.469053817361682945 12.980470112346459644 13.284191638901244659 18.337203135096231676 18.688838882968060062 23.052448053536394923 11.06588006777112021 10.794034418518078766 10.813655832019216874 10.938052091740678051 11.047614269581210067 24.850044587320500256 11.225275456554667741 11.304692144248393859 11.050181590692941924 11.979114361128058164 11.574788772309657858 11.378023420087576056 11.742691399914598094 11.660351408607143142 11.66151294562111751 17.33198876570651592 13.332611515324664708 9.8533466935735862791 9.1834868104358395868
10.665647450113665329 12.346018919762739685 11.878213618963156861 9.9305485467462411009 10.462748556431824554 13.125095803840704178 10.709067500372464465 13.350177511103133554 11.352030690899752585 12.514821682398133973 11.536463114218255654 9.4153452392889782629 10.0311969406811059 10.407634129249171195 12.548340247277437243 12.174977850227465481 9.7380866558067182837 10.06059472989966963 15.369086461961792622 10.248857070941419067 13.126946972885431109 11.646552166894473146 11.172016358700100014 13.473653232333282048 17.364844848722963633 23.660840444442111874 12.113900186414754856 13.064460144287753707 10.809214770725539267 10.914550243554405284 10.921189103391554909 10.960494609454375592 10.311915277000949231 13.70011041386246653 12.725906843918417977 11.755220155551494798 11.442419267787572679 11.561823124831452247 11.765839004140197233 10.945551757888294375 10.685251572628009953 13.830485703358869287 11.690846502896102166 9.1657805505568106241 9.0356629168268280949 9.5319339019574993443
10.485410196737827704 10.655603082533222192 9.6144213617873273137 9.5977391144350665542 13.802295628933455518 10.766916118106449218 14.022139332458522176 11.827983751341180962 11.702371820476630049 13.555676566086797052 9.6247546083004600348 11.523723895927355798 11.482580590985127955 13.603752441866800993 13.474385237773891077 9.8863403177071873529 9.4843081024215649677 9.7102135258425725794 12.052829656539564951 12.222088542047071513 10.595604171456983522 11.295522432264027302 11.941907608554069853 11.280770601654417362 10.645949336834743093 12.144071251628890451 10.841379175335770668 10.634006719510045613 11.200074600692591531 11.083212851519775199 11.089283198728349333 10.954085407865104429 10.692311089361210108 11.446480241804938061 11.575949288651225189 11.800674719157505876 11.347970649458057224 14.979930459616095817 14.317293233066235913 11.141719361999259164 12.389888058789990666 9.6454748631106532741 9.0629122369919450364 8.9027579113905339625 9.6095744518406149837 9.8413641551515897987
11.237446964534917981 9.9424427272205484485 9.9105808196852009928 9.7214233942430112734 12.704191434125045035 11.068000116971463243 10.790604254000511375 16.758919721552178572 16.328201645163904487 12.37507184169615293 10.844219594145588559 9.6697893799770664458 12.136040701318723478 10.126639239692204697 10.417421854684077331 12.196563525252624771 10.05041839186886854 11.239061672438797501 10.207164288053769852 9.9713184619805712572 10.078887858979594938 9.7752048607657631152 10.304109929696048553 10.538099473270866824 9.9999697383698986641 10.168735622758008574 13.818545958463261059 13.791118105371992897 11.133403115310567699 11.550208840581857928 11.197317188048621972 10.873749685693367084 10.559244804937568674 10.954541538066351336 12.113621797065631469 11.527737914720141532 12.217081244670927376 11.446141263116755837 11.145521427933870129 12.679452441721956291 9.8026383957111580258 8.9055254070515275089 8.791847539932421185 9.0415735980809976979 9.6192718530331049465 11.217120224388109406
9.4635722061657414628 9.6368786714494678591 10.196738252616464493 9.6804520805639739933 9.2799808319898335895 9.9319816951641843872 10.217063648650896113 10.081350467084435607 10.859047665650171766 9.5109209750608041389 9.5347580569270036221 11.825392103843496372 12.134493389349174208 11.603422626329210843 11.360190632638682118 10.469730320794960576 13.184162819523217891 13.251168785737638345 10.767099142699004588 11.315407344348869856 11.101035481039382091 10.758246596733513911 11.405249040231311142 12.18865805144795722 11.427843635833125902 10.890472493941953047 11.256004483364211666 14.868150158302837482 11.267127108060128293 22.290265550257046812 12.123585348130617945 11.022606053126336789 12.923564765313145131 11.975015780991624226 11.75314819198973737 11.413058629756216433 13.573174031180425203 12.40279234976753564 10.558327052913639932 12.905361263272661532 9.933035991419030708 8.6604490720255142833 8.9792599805035191451 9.799371800573604574 10.824739925835434207 11.598165529237821403
9.3699034409201367168 12.607616951697719898 11.765324129485499327 9.4183270710100988055 9.5374639225813453436 9.8215523613808120018 14.939293649090862104 14.634285915620475649 10.212174748686416947 9.3755300137464754329 10.046953914792318585 12.189875644360288476 9.7867983150922377433 10.942693549713000678 11.284291324427030645 10.746458143720882816 9.7300343134475095752 11.409515419974111339 13.382271009537085149 11.599889883750506669 11.752771115823863468 12.180717963122566161 11.372856882497782038 11.543878663067243195 10.241277020765968686 10.196132660083849331 12.781206079069646009 11.378801887057955256 13.50249991168911734 12.034825809292545529 11.272439654452078628 11.138007085061348178 11.912911338784565984 11.449043501239719589 11.084384430948322375 11.147784638532819201 12.237476095855999603 12.647272058520991678 11.052598701271032056 13.236578972427572864 8.8732232694178474475 8.6832323583905015596 9.3638813491115655552 10.097364168872035251 11.257356733660920156 11.449249431509892716
12.316351346956086132 11.094526439982033139 9.9580569152279014844 10.004058357829242354 11.19398850901353093 13.042932810997239557 10.678860518354287734 9.8271455861690135691 14.607605368688542313 9.1785561179735406512 9.5484707819007468288 9.8332454073362072222 11.415260942339967798 12.431869457419733038 12.284967637272730556 11.008607609224839052 17.460024611858436572 12.865392639954130516 13.724621990045445585 11.725823988253555541 11.255304500507643084 10.32408233762369143 13.16560407946141531 13.613785699048744249 10.470484468628445285 10.447364684847155303 10.428758907293133262 11.043377728674380833 14.160024888227974671 14.412203335535870963 12.202810593098618597 12.001680131907692228 11.336995726576358123 11.037098013449000433 10.877184298138546481 11.135209831279302861 15.973219112302441403 11.078845097288906985 12.731601198802193764 9.7136468343681237059 8.6821245885545810239 8.9258644528802904006 9.5225918649133571847 10.758599280769194806 11.266045128059005265 11.522879639610016156
8.9484639079415142504 11.452371404708333813 10.668026204126446643 14.08847475609054456 10.057412096453818506 12.799382592014229232 9.9353949959401983705 14.646421283857753437 13.123422063280008487 9.8434883122246752407 9.1645405967661108804 11.01062104295775157 11.088852245542710762 11.048830576128121805 9.64323955659167531 9.9801016892898370969 16.75132031757652129 10.549215504642699415 10.916185261695616759 12.360363680376849516 12.820745336494606903 13.44893037689582016 10.169921320111249941 13.295193544912383032 11.11119317940879192 13.125713733936109406 10.700489287530464466 10.892661300960288173 15.454411653409707128 11.991785629236639821 11.808045702057423654 11.670113862506708458 11.004971442935282511 12.317946918044560434 10.785196600480793094 11.929750600951111394 16.404825044686528912 11.161023457766068745 11.877677875174269317 8.7706462170845380655 8.5917216815788837181 9.2283199094704233545 10.198339812035751351 10.98794067352659809 11.353419983506110924 11.54513392245292458
8.5149133752881702719 9.5433169121860839113 26.53181081684689957 19.465258659868840851 10.037370322257762822 9.6269357865185494205 14.34267272471887722 16.54479067553219096 10.05369746641297013 9.4998918310069342397 9.5885972716628771195 9.4629031053148100483 10.925531659254387407 11.359707134202690071 13.088011166205038904 10.111393093689036604 10.732697552868238233 10.34419341069486542 12.000126190281861227 11.215475417186917539 10.204037678859259941 11.293780934371127955 10.671364128154236184 11.440995004526778089 10.399135153934876641 11.317753967355518085 11.895373179851523204 14.365553110819503146 11.366146677673560461 11.11426037584326032 11.096234962927452372 11.114060601660963101 10.90749182090000069 10.771396542387078554 10.686373613440148134 11.877746803747299964 12.786102619396313429 11.987987548433309826 9.5509010019109421563 8.6482464195335069235 8.642709263969978295 9.3308610509734357663 10.627721532370200563 11.123487039221762629 11.796334151959854353 15.977917004820199054
8.5881630185519455267 9.0824458446520708321 16.207831343376732036 17.507468577578254809 10.223839501101332772 11.115624615295574884 13.543757883996706326 11.11210230942368149 12.745471202240070241 10.272046976426608467 11.140950509452459016 9.6917959409384888403 10.098092829075929089 10.5452045128142462 12.020180087596040508 9.8630264236284652668 12.064588987625954886 11.976408369281823951 10.158895516739557152 9.6729374474344389512 10.473511672114698356 10.298345756016972885 11.902439803791130757 14.080378787988689027 11.827894846121770556 15.184133073113905255 14.735843141248812671 10.586174903281261095 10.504051164070419944 10.722180869157519112 10.764642188142218515 11.385079896025011692 11.294667371755044982 14.339817673996646974 10.736671511081450348 11.065426464992537348 11.81057527895388759 9.6913724122738962308 8.9501136137564678563 8.4766753025564138824 9.0271245237391291028 10.142478403440856383 10.645390397412427319 11.196015693802838342 11.802821480761686246 11.804149249341930883
9.4908276704314502581 8.788141205493577246 9.5325679445105038212 10.474484667091685353 17.11987463385406727 20.775743258802435776 15.12631416218350644 11.860434851623073982 11.86534469686871951 11.281648663934191745 10.965361351646746968 10.898140830979444971 11.674627777287760466 10.415664740007681388 10.076918623303138034 9.5698833439801962442 10.62355651514003263 10.063171184373555178 10.414508325819353374 10.538095065676904127 13.325594286196722038 10.718880678563008857 10.729368905937407774 15.341346813044456354 15.595526761942464233 11.360193239710413948 10.436176777045204744 10.353158440966781839 10.427164083211216905 10.621697434059951703 10.744529402661090245 10.948138065644176464 11.174029531679675387 10.848386865998614681 10.735269897403938444 13.449063559320462602 12.889327550809957401 9.9883378441797763259 9.0144473147986303729 8.8303413754513844225 9.7036946276739666217 10.297862566713478216 10.636116004450116179 11.043585367680869069 11.738469258286496455 13.299246734293305394
10.346044631793841262 8.8273393043488717069 8.9763039799978443511 8.8031882417094511339 9.5536843951442396161 16.38727095209638307 14.51325523907000381 18.105589448732462898 16.96791845871370441 13.184480414881962318 10.606456382116418169 11.880051438502606587 13.02228769354481841 12.636773308948551886 10.532681996484226872 11.133500536241736967 13.201732163573174361 10.113415996102556704 9.7650394884205145019 13.502943732997062298 10.973019353890482108 12.888130076101759869 16.371641293362973357 12.730315142081551016 9.9586928338902005464 10.135693757300908047 10.218813252047945994 10.324286504452002688 10.421487475683012036 10.633456171214051622 10.72204142732653942 10.945301120733075706 12.100575922557306185 11.206331745448538939 10.688783305001695823 13.386885541795734866 14.218106518693161888 9.1867761938315926074 10.459348292684135018 11.063932841769481996 9.9752680600997010174 10.444965784382919338 10.565491447562679994 11.023323053191999676 11.63254129468588971 11.214493559178645654
9.8372194708727231927 9.9546136250244270371 8.8634061214544779261 8.7153327683425878547 8.7831852961597203233 8.9693598186664473815 9.1585599675330300329 9.5241495867708234613 10.382531529860306918 15.585560572016754932 13.76144631154035558 13.214330356893624341 10.979763862573657107 11.033891714223960534 9.9730031222898158916 11.035321216254004639 14.449127989184846754 12.155528550492938678 14.133011703839294171 13.094846914435958496 15.899057508861066168 14.58880159426883516 10.575099282088691766 10.149495722764031669 10.025369161706640497 10.129963654993824562 10.213359294723451498 10.302577474666168911 10.455852937394341851 10.564115064015888734 10.754101208905417764 12.486040518437647506 13.277028835022845143 12.949141895442830119 10.825466110631230876 15.605828896072269529 15.100469898505922473 11.874862827682148847 8.8670509604065923526 9.3758352470616017627 9.7724971902000223878 10.323504413504638322 10.629929098954562505 11.15000659819846085 11.509499127734590829 10.763987883566388248
19.141677430431240481 23.761666933759578058 10.704898179371443945 8.8616627528738227682 8.7310445694118836713 8.7700910483962868369 8.8131346904470841963 8.8808231944551003778 9.006285312153831768 9.1788022346278825836 10.016877289931819917 10.864462051988997615 11.852015044570279656 10.883206998795053266 12.836298766811422567 12.442485182415106593 11.595894410221557536 12.990317994033361515 11.99000237091500054 10.449451542246659841 10.033139866195822876 9.9188587057238795097 9.9341146114228013886 9.9262792495424729822 10.032808787321508603 10.080098189988627055 10.229809262943513559 10.312479996460945486 10.412061325359509567 10.527634481209716455 10.63257121979355091 14.273016737145697519 17.034315302204252163 11.650491479926275318 10.462973045319305498 15.243799996351523163 13.320102934379768556 10.147705383172356264 9.5838399656693216144 9.6801271638077572845 10.076442564669278568 10.350394040725786837 11.063621488557313199 10.954212045392599961 10.814632372679284344 10.694278909419839607
20.659941221703050473 27.543117141699717365 22.308585843706634222 9.7106646484393763785 8.7256836464536977616 8.7453412674011623551 8.7835818946795178874 8.8604861012756206406 8.9093251898512200171 8.9383209991287362328 8.9513854602629248092 9.0302957074163252571 9.0843313250496642297 9.1970819442406792632 9.2983812643236660733 9.384538192595803352 9.6761871486242547746 9.6782137323102759296 9.6708627240058913088 9.6643321116519604885 9.7357016760957311163 9.8096496744780292687 9.8771146595359660125 9.9503550184465421324 10.014117150824251468 10.043139411218909629 10.179534480462049117 10.277896331437133881 10.413229681201826793 10.493049604682198606 10.557050904994000007 12.157489957118723822 17.637076624169349515 16.55173842314302135 10.510175353255272412 11.677784607310575993 9.2861056788284059849 8.6319972247027525469 9.1007089180119891125 9.3911940282330590435 10.231881077577121175 10.684150460408941896 10.729140638922199713 10.714846136193576953 10.573260840589465914 10.506049917803093052
10.700117907682642482 18.327422129013090313 23.140314293438517979 10.692809797822800277 8.7543802724761388134 8.7335828248881579583 8.7411031882785135139 8.8317236842693151999 8.856387027157241576 8.8750049488052233926 8.9800988835180088898 9.0323358859940920951 9.0951169096246484713 9.1565020209371290605 9.220629717007213344 9.2787057444105212056 9.3789029379335691061 9.5093285637947122524 9.5732606411385585687 9.6393776935912285353 9.7388274039795348358 9.804125223143127954 9.8579137564142058636 9.9720535929172253731 10.020423141595223626 10.088388077655384478 10.151223786733691412 10.282557935782016045 10.369815053881199063 10.390706505572907759 10.527338307037421572 10.792728055345914839 14.287763562772916259 10.833085756399171373 10.287272276025415607 8.759828380868606601 8.4053946767738860757 8.523133122514208182 8.6069952310336184098 9.8584647552456328157 11.309678864744649118 11.030842212319130979 10.632009345137973355 10.525665631352184803 10.357381013418835991 10.236841975780427205
10.019293286216061745 12.407750731529219479 9.3606491901150921109 9.0730989217501640809 8.795861155442921131 8.7145708874283513978 8.8093749112233599163 8.8349801443019124747 8.8605250310914929202 8.929779118043908781 8.9913308253316994723 9.0985510464617451731 9.165223906440647994 9.2159833095873473496 9.2263494401140455636 9.2997924603363344431 9.3854103429391102509 9.5444439017857831686 9.5394717221053575429 9.6545042152650726308 9.7318456063720937266 9.8135844522118276245 9.8974382221328269793 9.9909452096602429094 10.042399466422708088 10.121390064899861372 10.193207196949334303 10.262091943020216434 10.34206005799914152 10.451904944575407086 10.676884499805662898 10.703307120798337237 10.410328280112222998 9.9542443691776743009 8.8100717970104156507 8.4906475325608408156 8.3498280401482602997 8.6523199393523189116 9.5701554490558571331 10.298935858304865576 10.885148123815465482 10.751454988585560812 10.615849944341169575 10.5079351530781544 10.297206336006922811 10.993849886580179032
6.4818672260208822777 7.690526350642765685 7.7590034616510168419 13.171175623686956158 9.1280028712923595435 8.816009700849201991 8.8255330957106288281 8.8464603993497004097 8.8172318975073658009 8.9241195097413683612 8.9630591219139077452 9.061697826740294559 9.1613451055397252532 9.2153097735901567944 9.2407926662207078294 9.2878874541835543255 9.4059676192012400264 9.5935760683893693823 9.6145455604499705515 9.7058105309085043189 9.7845690302289831664 9.8568805054655168618 9.9444178978095507659 10.037269344323716425 10.092893088095546972 10.156651433371385096 10.170921999111847356 10.279744903038466219 10.433877843182306933 10.688098087573431272 12.1996470810322446 12.773934134586532707 9.9426209520450594681 9.5644966230596342172 8.6559119043819965356 8.4251901568667975084 8.8347952076637170649 13.436574426033049079 11.108251282402722637 10.786116700209714026 11.310666559696333167 13.909130716494820135 10.592130606816470006 10.328993560688356723 11.119732452038936898 10.643596777275998733
6.271354817287354777 8.2100660105012224221 7.7961196167006256985 8.5197413396960026688 14.591358589035214877 8.9601347854909629831 8.7783853050148952235 8.796945826106403743 8.7993952701223534518 8.8725950355340490461 8.9535595480911691624 9.0375480619454400255 9.1732031008749501666 9.2282073171587768456 9.2329556464103870184 9.3425125359632126276 9.3846314180204295496 9.50968006962092538 9.6589685960560913713 9.6217921168437463564 9.7783017897413291308 9.8633419781972317963 9.9520181149558091249 10.034361846951233233 10.103017338286093718 10.109507851476342566 10.229491622154627706 10.406133120260555813 14.518986097184432893 11.919431785655540068 10.921701263872451548 10.501038303019367248 9.3964546156061441451 8.5016224223992935549 8.1680977887274313076 8.344874398251754144 10.71876235440179137 18.306131451985219627 16.283509058374889378 10.90705765580270814 10.681778978568571503 10.611705937585503179 10.569802406552195606 11.066403012710253506 10.412053472246387997 10.147160789189545227
