LISFLOOD_FP/Result/3_dem_raster/combined_dem_raster/com_dem_raster/com_ascii/generated_dem_combined_angle_90_x_0_y_0.asc
ncols        192
nrows        192
xllcorner    1771145.000000000000
yllcorner    5471774.000000000000
cellsize     10.000000000000
NODATA_value  -999
[rows 23 to 45 of 192, columns 104 to 155 of 192]
-999 -999 -999 -999 -999 -999 -999 -999 -999 -999 -999 -999 -999 -999 -999 -999 -999 -999 -999 -999 -999 -999 -999 -999 -999 -999 -999 -999 -999 -999 -999 -999 -999 -999 -999 -999 -999 -999 -999 -999 100 100 100 100 100 100 100 100 100 100 100 100
22.784683881531499594 26.101023100389685538 16.503233920711398497 18.39293427837919026 16.821939457766223569 19.318469115050703522 16.940807468851655671 18.799151386572518163 18.707436392422064131 20.044600193191985937 20.596768467282476678 16.813390113715914964 17.252078868686236746 16.877648451505525173 17.771661835892846426 18.391265610667293373 16.419568812402733471 16.367952097064097927 16.536616097933649172 17.102756572605635199 19.170649781359557551 16.617164658659174137 100 100 100 100 100 100 100 100 100 100 12.043080624396433009 11.180236589907631028 11.456931544784300314 13.223152543398144942 14.250932088005063392 15.138017581295470038 14.706374069008301575 14.912552601689203158 100 100 100 100 100 100 100 100 100 100 100 100
22.440157191804967596 18.199612960969208331 16.900742377506201564 17.795980914239191151 21.356139180905483244 16.863213163527902339 16.774173409274261815 21.830200520660589802 18.783658678426281341 17.008946458640735955 20.223286175866782344 16.948388745008788447 18.921183897661464357 18.946522697226505727 16.406999628389993262 16.617682481827753094 16.402620157252599142 16.619203892263040956 17.119257395684570611 19.338918038872019878 18.986997154920704389 17.950224406804512256 17.752607144352783308 16.790655401954776238 20.888263166937679927 22.995350130150928436 14.710860275705385902 14.921640030170603808 15.06908894528528009 14.722961392122350333 15.742695915028878773 15.726155075913100134 11.776423817541655126 11.03801187984101162 11.548815735382882863 15.555526922666855327 14.303355144696286771 15.21391585417609349 14.803689244473432041 14.557617681583911562 100 100 100 100 100 100 100 100 100 100 100 100
18.082576898474457039 19.643990544574240431 19.403606230252410825 17.024351702188269542 16.861668725639336941 16.231072166238295296 17.11743171676643982 18.208706702959755575 17.14488181157793889 18.142600021301706903 19.174332868797144158 21.091671845602569135 16.858291163775131594 16.716618202732504983 16.263732621271159928 16.867817544044868328 16.05608291516364261 21.390796363930878243 22.875121384031729121 18.318567623221472473 18.568902768865811481 20.99190468533603493 19.701980841961979962 25.119870119157710064 24.587002191917118665 19.288879566787414888 14.957985965361537239 14.727816603918391536 16.66620945580320523 15.071074397536222023 18.840454426317307934 19.787361350270568749 11.411998140069716356 10.941998871112003755 11.311692833458552698 19.698669384125103932 14.166056033382650625 15.636831843914130502 15.632828951344432511 14.385341118131263372 100 100 100 100 100 100 100 100 100 100 100 100
16.58511484226983157 16.152370570094806368 18.281099910167462497 17.327436128030562656 18.179675061980105966 16.698526718593583951 16.754891436937697335 18.909250181215845998 16.760362125057891802 16.346280789974663605 16.615645442316530733 18.652765926602803859 16.196632623413385943 16.101589229437340833 15.676295416227510771 16.597299515744822429 18.159370114151123232 18.740296828588100198 23.213693236050779944 18.380789963362410333 16.998141467325915244 19.041015689945954392 17.51491112815751805 20.038664831101034025 18.732153440598256822 16.426505676747321871 15.575864840568144132 15.152761139060935136 15.100360174844274397 17.128656776966202813 16.199732213973650374 15.73903793115718841 11.193165645128871688 10.893754402530536396 11.256436674070531723 12.678991977326802498 13.777027096050296961 15.328903908416348756 16.653837733747828054 14.39886657174029061 100 100 100 100 100 100 100 100 100 100 100 100
15.750538903339487362 15.631139686635496133 17.461468719887658807 17.91681101570428325 16.452071400603148987 17.47895874803822025 19.551776678516340269 19.012602877057855011 19.007536541661814056 16.967209577364990025 17.774511920469883819 18.933528537339849862 17.924081697730855467 15.477936941767714174 15.256208248051894572 16.505604853091696782 18.538778008781374496 17.687118831271639863 18.958939056351340469 17.91215847590692789 18.956578419294533688 17.467300108081758481 18.785301517267132709 21.390707810230242814 19.665143701356800676 20.868504478449608541 28.28185302399358747 17.260863666256351934 14.777821687448598809 15.965524790677166678 19.19738632476232354 15.460312566896798003 11.526552108190843526 10.843416955917948741 11.198275317222606162 15.821649245974906961 13.561725905519423918 14.936595699168870865 15.001950433088351744 14.355896794590844223 100 100 100 100 100 100 100 100 100 100 100 100
16.422269789438807663 15.530231900377795995 15.55047156148289389 15.556394958170304932 16.416515867261274764 17.585673202563018691 16.501173134657665997 19.41444165534306876 18.339075652893747304 17.573585477982138769 16.33105127806077661 18.215709179853874389 16.465615638312709024 15.476328181780932169 15.076229209858809099 17.040445402752357751 17.912373276316856163 16.938718016499780816 16.867445811337127282 18.048643442110332558 18.998388492757136703 17.43438181364596673 18.73248279617232015 18.615690469201922497 16.240622500456577626 16.559826791154030445 21.696720965423988758 15.053299735245376567 15.032493022549836326 17.345830432807726851 17.333012893585987513 13.276165242052622162 11.593359498546492503 10.898585556487942583 11.063586349094189032 12.753243178204643371 13.503504996213605338 15.585024845704285923 23.005063418064690239 14.175641646954822761 100 100 100 100 100 100 100 100 100 100 100 100
17.836125111278779087 15.632875713871849044 17.259618938908868557 19.001979301819833523 15.523120130527660265 15.384304125247922457 15.527909101725706265 15.962831579089389322 18.991945248750756292 15.593376770450271707 17.540682242879555019 15.813988565562548061 14.870739930291025033 14.751189292544740539 14.843241917381034156 15.858352923608686424 17.555719981267174035 15.605760700902047589 18.142999778720263038 16.150857746172103901 15.928177024443256116 18.145051164254649478 19.240177662052989405 24.76231729686350036 20.084865054802182982 14.670228846284942392 14.72221291363124962 16.574120136130982672 18.479254987003951527 16.236775498601573986 18.718588673285879054 15.358787451520635514 11.646953507817523032 10.776134721531756 10.729899187248211234 13.336690024199384652 13.444222274975972553 15.131900073842889043 23.019187731003810882 14.100816542028644207 100 100 100 100 100 100 100 100 100 100 100 100
17.988442438416779368 16.903269588622759301 17.830062200431527231 19.731927624795222442 17.354978772338739645 17.720383549184379746 15.358324989439251951 15.215089956414937333 15.00860101180518491 15.835261619646050946 14.806188535212029933 14.702903683503532051 14.746023582581408107 14.694108274969234884 14.962163161868449635 15.255157909219366985 15.212229586953400329 15.32333663718965866 15.479814461736335574 15.717306726369141501 16.176751807989905529 18.874911041500059383 20.284701855402399673 18.465894049296743162 17.911830158073541952 17.822254951270345202 14.387376314360052376 14.443812506723514133 19.752202884152833207 16.62594555764121651 23.042220219470053166 13.379933496899514722 11.774038082343622591 10.885172438755358115 10.912202071460333386 12.269463993102638355 13.261645272010154528 14.10597607338582371 14.365296276268972875 13.706084540012838602 100 100 100 100 100 100 100 100 100 100 100 100
16.531730107171608068 17.771144467939034683 17.075637221109627006 17.945003113816476059 16.619370229692432162 18.063225241922438613 15.886503257119356292 18.108726800581273153 15.302085721100468163 17.48507835172308944 15.012908914708962271 15.164661256334111883 14.914174909109490841 18.473423732617785475 17.445026588532439149 17.200126924478457369 15.675581964655652456 15.646474894401764644 15.912272192013999117 17.542665613608576791 19.838639065510321302 18.189781540080296907 19.864950286030229165 25.837650619285966513 22.940537205308036306 22.343351839927457547 19.702523905001061877 15.426275583599577956 15.217503226117244708 16.032122272939520968 15.371647658662588753 14.013276147652314663 11.715381032934750749 11.052487687718135945 10.833146943655989958 12.652734072733098358 13.189916678814975981 14.369111449715784801 21.416522038092516311 13.736265495399313963 100 100 100 100 100 100 100 100 100 100 100 100
15.446817728831927496 17.754533145560806418 17.259179127836212331 17.78653721718821501 15.538224360232421262 17.020538310113941805 15.574959005425684566 17.995735848759526476 15.421424109551850279 17.662241410547725451 14.956594210359813957 15.223572671361818465 18.28895418190552391 17.242402220941272617 18.735397268192024001 17.194963955890386842 18.19587752682754811 16.220479647075077168 18.88618761176110894 17.832773734171322388 21.358940966716748022 22.54551993844008706 19.916323888730495639 20.79217299684917819 22.181693010359960994 25.865920055027242341 17.245330297103258488 15.071334648914834986 15.159483907852543183 16.449158612358552034 14.889278500910323899 17.079848114136744641 11.729858326145595981 10.795721120129499582 10.775250261515598282 11.722321254424738157 13.278854488843803594 14.102947229677154084 22.289620026947648768 14.218923765036638684 100 100 100 100 100 100 100 100 100 100 100 100
17.738969419449244214 16.363993565240971151 17.933968774922124823 17.650969778593392334 15.248063974575266855 17.832483860931340303 17.557643615405400084 15.170515705072595836 15.158034884360453987 16.661236511449200037 14.824930092033893558 15.155104003222028552 15.648080497282320422 18.021249061469518438 15.324804442339724275 16.515681345779217537 16.883901711972125526 17.460922486587065805 19.066627383635694315 19.136580794365293912 20.55042913743062627 26.028517160752340232 27.460962031747236267 30.730403835249944677 31.096181839319875451 27.678003017628114435 20.289519511268260032 15.097676522316012537 15.156747623672536918 15.255420172362503806 16.215904929074742569 19.129509215968649727 11.729840271625899817 11.015257251174695341 10.745231224172231421 11.632756869372149922 13.348781101170148489 13.951626252225000968 15.673465179095217081 13.858342210689709617 100 100 100 100 100 100 100 100 100 100 100 100
15.607971822552693553 14.64821654384703109 15.330640574383933128 16.351118433570626109 14.934462603657776114 17.210632860353168638 15.86937775195927891 16.251528235178010817 15.796161738923165885 15.502952942590345842 15.498824887238274783 22.019914684415713424 15.846600591350330944 16.557959048840999117 15.578074829781574095 15.307331216390664963 15.506523260291725563 19.555532104035677321 16.798255067629071391 17.311650164097329707 18.003810764054826166 26.002352419031982578 29.277103148405316801 30.324711529932983467 29.516247885189208944 26.510932594754834213 23.119665214845067425 18.415209174913712786 17.842610412457990066 18.967846375112088708 19.130560594524265383 13.288981067619308973 11.247932057863499367 10.918484576685662191 10.730249261408211225 11.696013536630136542 13.44304501034256738 14.104774050448176226 17.930578638768601252 13.707067095122209111 100 100 100 100 100 100 100 100 100 100 100 100
14.587166088718339196 14.673893441724532138 16.719488392057776593 15.260447773886651746 15.648292394555751272 14.968099273102364322 14.619328272856416007 14.990585485069294336 15.008043944413060444 14.696864400678164131 14.859043164317883523 14.933854115536618679 15.649137938624534172 15.187484803325734362 15.700808765453324156 15.289692315990990323 16.008187852419400343 26.961519513554105032 26.777891838431425953 28.151325844198240134 25.658967723797761806 29.52263812580011404 30.563664481684131857 26.641783536755795581 30.162541438173377628 24.196234475837254507 20.246243886368358034 16.722242735050294016 16.068906699399477134 19.231647089450891741 24.957197197791728627 15.021293559770272807 11.189730272848207093 10.961106012821813849 10.533957190819402072 11.679033907747092158 13.76973751881779684 14.160316303484915323 17.320817204904273012 13.691162310953574277 100 100 100 100 100 100 100 100 100 100 100 100
14.404266237746119472 14.981480840131615295 16.620616892344092008 14.230363801033728777 14.698914682016729572 14.63970495231798985 14.525511195779591489 14.658322954140979633 16.398874224750077389 14.496711560462086865 14.394758448265445594 14.357583524193822555 14.800741545837709623 14.730576873179664688 14.79499326399880843 14.659791377304390636 15.54497866290589414 21.502275216659509027 28.382915166980676958 29.768737981821534078 29.576917133492461431 29.595995473351774052 31.341389612045059465 30.706997248129169975 28.628462692658992239 24.272797660297008804 16.567044515127872018 16.140311426518337612 15.514798271412004738 15.049886664895350208 19.75865458529213825 17.299569288147502277 11.280321246078306885 10.844261991950713053 10.627584307496613647 12.658987148021216385 13.953128941861903556 14.149971984579789108 13.965233093469260339 13.628971480282515927 100 100 100 100 100 100 100 100 100 100 100 100
15.355493879234456855 14.23876589288951422 15.886292920957652441 15.223742582470027429 14.878602702771042132 14.229826263336361691 14.233031925048695854 14.49489524592398304 14.501396657045901861 14.299019921038691905 14.222424246994251007 14.470545085644250349 14.591426319079655372 14.845489187059607517 19.124941961709822635 18.343148500817505919 19.483967458036907772 24.713036499553805214 24.079403930966389424 28.21802498708008855 27.940652011110643116 27.610232245411118868 27.128210919228031628 28.891674277147242123 29.829730962429206187 23.715690111682782515 16.517117478836880196 14.983633038517927716 15.307515764613558673 14.105853514899662215 14.180417904791344341 17.652178567441133339 11.990352229826573449 10.79956987524910339 10.449631240552825773 12.193014038537157262 14.031574919829697734 14.959376324595273999 13.781026033234619277 13.402783473230163835 100 100 100 100 100 100 100 100 100 100 100 100
14.257561018835737343 14.175688350651448388 14.734475322240674799 14.204800867065987546 14.866292863567480254 14.321785089760478371 15.101067929679320656 14.62313157486841142 14.201851181269855573 14.276214688308225931 14.389298619791345502 16.793689433185079452 14.671674574424129034 15.08957797534957912 18.436465518561856669 21.83504002593611304 24.326748937638999593 28.712230074005422154 19.76348828497253507 30.2100755678182189 31.840895713033621206 26.158636534699926557 27.837919144099021906 24.44103288805266061 25.526711611079388575 16.888480053039280904 14.325748569929134035 15.036239054965855999 15.248723678968424622 14.024505475743541894 13.878135777626299685 16.900776490576252087 12.450782362751258603 10.785447954964665129 10.580784418515063905 13.595446096469736119 14.937687903474696327 18.359113021826360068 14.008375665183518066 13.348631749227990895 100 100 100 100 100 100 100 100 100 100 100 100
16.660136706685623409 22.380371521461956519 14.621487310201894516 14.221928708914962414 14.321709841611799163 14.238608762883011138 14.402311104553511711 16.727914347928400929 15.23801391520754045 15.279232215025993824 14.545684791060759622 14.991936784564511953 15.65539875579689344 15.013520097873350068 15.739636248781010863 16.509562277528704755 23.541934594563592498 29.19391252861582231 30.302281734278874836 29.945128289373371899 28.123173140183325813 31.404642560589550726 29.04111775079811153 28.791236110440539875 21.021695637843652804 15.370711573264907557 14.15119157426241614 15.535903636099034131 14.636153931138551343 13.914169386203750989 13.960355622717447233 15.443342170639072108 12.280890308717697934 10.78913740615620398 11.023744379527673942 21.063704386103992761 22.584540997827811992 19.087922131837370188 13.643543709946889919 13.437170948924535452 100 100 100 100 100 100 100 100 100 100 100 100
29.076414878018368881 17.37631706686107691 15.471424389883793538 16.412272093336557788 14.377908568567498548 14.399142150171005738 14.578960522857789428 18.951111139355134583 14.671763132312529265 14.769342824527926794 15.622114150533418453 16.425534527416562725 17.929002372414856836 18.098149260584730058 26.443224933357168283 16.259917035731529467 25.273089656712265594 27.855757102053818386 31.603092209505760479 22.082394148480275931 22.749029595316084595 32.823715050674181271 27.334016061599012204 25.813621025081872062 15.782387000988748582 14.807714534842569165 15.517728642073635115 16.841997945353533339 15.578823619501674713 13.908825230564474396 14.089544313805870246 19.389285554415220503 16.01624670551079177 10.929899645519142837 11.734604015074246774 20.885305118394292379 15.907691479599638029 13.908941527342335576 13.521263248992102746 13.475856173919357417 100 100 100 100 100 100 100 100 100 100 100 100
27.914396956235073333 27.755060290028406911 22.763435147600823427 23.171732172496650293 21.690300505383120822 15.921303554217951515 16.362067852329229112 18.181333571603467192 15.198657565100500477 15.77933291650785641 15.295162116384044992 16.666067820906537378 22.757942470535482471 21.333367836837087594 18.984475496966350505 24.157734644598320983 26.725434558586464107 28.822342821572892291 30.850454929657487924 30.300519767274881389 27.215930232329291982 30.831257870756093808 27.981387398458888782 22.012629138440161114 16.518354708734005243 14.680368053854524035 15.273956861956754949 14.813271619162138748 15.265938363474102601 13.778719150172495489 13.524736267775136156 18.774180617064768484 14.1627022797314428 10.751585220517355879 15.063316890657288738 22.488632835276408883 16.537679004942400951 13.801114166670963357 13.362315703985691684 13.487071165422950259 100 100 100 100 100 100 100 100 100 100 100 100
20.575691588335274673 24.082195242223658482 27.752012327366568201 30.475067329014088102 28.995343178926152206 25.63986184416884484 24.169894183447528491 16.670679269844050907 16.257767521567718205 15.550130458305662984 23.208264020190931376 21.25506047357377426 22.825087093364867741 22.111230921746255262 22.06626785039028249 29.29393306611405734 26.306043001434336048 29.306212007632769456 31.190628831875127247 28.692255336479501437 19.605555222804916582 27.742253624005918766 25.601833696618701453 25.733198571860448567 16.468117238767625565 15.085370475433427018 14.659177188175146256 14.819598570869658261 14.060926401815983411 13.786031824360124531 17.056549489165384159 17.8784323544754713 13.267832797942638479 10.534704819275409804 16.988461355787581653 22.601529063632003869 13.468127704840034298 13.773014584835898688 13.435361050753922285 13.450565330615281923 100 100 100 100 100 100 100 100 100 100 100 100
21.197528393003153724 26.635822544973663639 25.273936045968742548 31.836664366941839432 31.494132053824607453 26.147920040615105108 22.353619283258872485 15.383671505815671665 14.57732789726059508 14.7755310139184175 15.672355766731044469 19.700408019083521793 23.620243569852824805 19.064248327643344538 18.604042436289670803 29.972674299292467737 22.925691980850061213 25.055879531938909821 22.069679849620847278 26.147577101050440973 17.689670462890408231 18.258558599958025326 28.417304660457418208 22.66177384902034575 15.965333992888204762 13.502948679252762432 14.578089036705311088 14.800518478203537498 14.230409010921162505 13.482814492968353548 14.966591490650644758 18.261807987204846881 12.011160328332076475 10.393614966538324396 18.245382073453654925 18.221738270420637207 13.945993801059815453 13.679027403311163624 13.277934485380299634 13.378107970519097947 100 100 100 100 100 100 100 100 100 100 100 100
27.271041369378171026 27.849526686117513918 29.024914393476933583 27.869291971287548648 28.48514720542330636 26.626730272360198626 24.829949761409775277 17.709591275004132882 14.603045917728177727 14.713382665099908664 18.508236407172436344 19.201188500320384378 15.81141243852165168 18.817042844907390986 18.978162385539484092 27.444120755921893817 26.660596202955368028 28.22661567553712203 26.624790657816177486 18.820205670911899887 24.197759096375229149 27.294491457350037678 28.257708331276624847 14.86138491591932187 13.580508875357633514 15.544409279761531195 14.814286277141480497 15.611392471469432763 13.590082866597278155 13.180003469229360391 13.624322098084515886 18.416310300645125864 12.124715497859860136 10.630964418082214706 10.952034647594329542 15.836498558341089549 13.687866811186720994 13.696304038760423794 13.475035640359157796 13.250039582478656541 100 100 100 100 100 100 100 100 100 100 100 100
