LISFLOOD_FP/Result/3_dem_raster/combined_dem_raster/com_dem_raster/com_ascii/generated_dem_combined_angle_0_x_0_y_0.asc
ncols        192
nrows        192
xllcorner    1771145.000000000000
yllcorner    5471774.000000000000
cellsize     10.000000000000
NODATA_value  -999
[rows 60 to 79 of 192, columns 45 to 89 of 192]
17.176263251766101803 11.819844226662604925 13.947112376156011848 13.297617801368470936 8.608333046436772662 6.8615604865713351046 7.8768425544832672003 13.82911040674965264 14.651951105506146433 11.996525689919261382 16.72071634915246463 14.287395313325193413 8.0612412724464554969 7.1817255820857370807 7.0325772975208051818 7.0409793084109271177 7.2959330117297795937 7.3730690788332315933 7.4118344059729439621 9.5555023650992083617 11.909060103908771566 14.3769655833254415 14.098470760433652771 14.845891848480579966 10.275351244239418591 13.520138342064397463 11.047740698861595376 11.767474200976257848 14.738468253723015167 13.155377005746931474 14.533367485547501019 13.48679252745512791 10.513182050550891944 10.515136812368327313 9.721095337716411322 20.272724067601163966 20.06764268999922507 7.9527485748498500939 8.1761569926105721606 7.5801428266307304682 7.9236655788757088814 8.8119563136603193954 10.326270669251574219 8.3864318848411283369 7.4518415630230796509
18.255616992818353594 22.889724468842207017 21.940270058948883047 14.579972427654107392 12.006948762694840127 8.8696752185030653948 9.6570061653788670242 13.189718490690591324 15.054246421894323049 15.967295038746440738 9.6996889967787822684 11.887737575008790358 7.6203367517279403387 8.3320522508644430104 7.9115825775258770136 7.73351661800673984 7.6680997447143122159 7.6560035842032716502 7.7143642907394864849 7.7886807115681042646 8.2164445974205833068 16.840745104786563502 18.030219914570675854 13.72114714474181163 14.14101904054275316 15.752303662616617075 5.8181214694243008623 7.3926031445369044803 8.1429059367959055749 9.3224817107024886553 15.021677114521791552 12.208363346154436968 13.944948437652207929 9.7586481480408444611 10.251053511378353633 12.015756260050885373 20.945489110765223018 10.108582333511012763 9.9348333855855841534 10.257032802227053381 8.3255751809365925453 10.188448333060293294 11.464337440005017754 9.4198693803106561262 8.1036075066583688198
18.395128165077107241 13.543800143419312931 22.203021889806549893 21.517118717819830209 23.869845501339714389 16.475785277988912014 13.515782094715151018 11.179631935439486412 8.9436227117054869495 9.320476001699324442 10.061702204203506028 9.1865617617489530033 7.8472325638924598223 7.7020573762359907377 7.4535132634645790972 7.154539146408862571 7.0668041466989048871 6.9237976954728637224 6.6234568425065099007 6.0762645231082164088 5.8031737087835431055 6.6081819745589625015 7.6097321428746118599 6.2349272831005153606 6.0007523398478648247 6.2071175844045303194 6.4116923077369145645 6.8541145080812864165 14.269038034408319859 11.062861063533976136 8.9339819192080511812 9.1880398173317292532 9.7336766223912913887 11.453197342032160222 9.8256458475735151126 9.2072093797960317119 10.441714113210069925 15.846231616461100344 9.5227244777922486207 8.8697019878259233394 9.7877040266235830757 9.9530876016561400377 11.68670412681552051 9.7483428689931113098 9.9828340921317391121
21.734561297014177939 19.737286313273880722 20.708885817536348384 17.062150871920557904 18.083139207680254401 13.265278388461878123 13.525350754139536136 10.330934975212048954 8.7473228455994966879 9.0734511307852301343 10.906615107328725855 7.565420540241536429 6.6091951453780568571 6.3374870226129020878 6.3312774214796503358 6.5553032807613309529 6.2771762679127558471 6.083210228649492457 5.9454934763193456604 5.8005920684277851862 5.66858176535135172 5.6486562297423006385 5.840096692881819429 5.6552700908463524598 5.6434926998359928874 6.2031106991754842994 10.823133422080008614 10.566091658940056419 16.618290338399614114 13.630821417805114137 14.447838601553367965 6.2351102630538823846 9.2174213345400026753 6.7604079547866771094 10.910478319686847115 11.297029823268577076 11.667799635922706969 14.335751850045880929 13.683600169785730571 8.6084674279530872809 9.3903896494579743859 7.81887692984442495 7.9961043475588322593 8.2451450727600015256 10.966481428256576791
12.17182559511311446 21.552609202827945012 10.851738011278213136 7.6525286532633973735 8.343029099968724438 9.4195910463009866476 11.079042942824456119 13.286274291441028339 9.5814923196105237224 13.903106773178533828 8.0664671501575462287 6.1883892397472015645 6.0523833980241006358 6.0764112424396872214 6.7559023041166019752 14.761109748172994927 7.3812262930524079607 6.4167101149288230388 6.5688658300320605932 6.1452334358644016277 6.0394339446395814974 6.1480851120300306079 6.2182633255078503254 6.1649755416610769743 6.0250248360752047816 6.0355599265479549231 14.648104919636935506 17.669344962585711301 11.989646757239912134 17.124898162135842483 12.527480040751131085 15.100478537333660967 12.901642956914255223 9.8535500974706611288 7.0076380329468230812 10.25488609910325799 11.659436881947629061 14.235114579828568537 10.614396181069874814 10.500505352856301045 7.6751217447016770734 8.4419863022157883847 8.3572335267464712416 8.7611543483345535321 7.9677859436083808831
7.1844948119575358092 10.126319028579269244 9.7572290141572750599 11.756131116001407477 10.62931804866127905 13.603459135653864109 17.238124950608977315 15.351689682136377968 13.525860943984699958 6.7041593739545088937 6.3187845525872230468 6.7170896957449608422 7.9893185418776422324 7.1249992839260913868 10.440632213412985863 18.236755084919032299 9.2451751379391815533 8.0078014401557595647 10.892801099857550184 7.7865549240889153637 6.5018474939007075974 6.3719258772407938451 6.2373648877493268472 6.3171558477496869699 6.4145748997593603491 6.2598773146651867094 6.2661620854180508644 6.3449930195588351012 16.854011028166652864 13.353336950391989646 18.359592994493095119 12.44304080387321676 8.9212668021270147278 9.4136299215597087908 8.0625941609697822088 7.0491413915326619488 13.050962167792663493 14.014065696587410415 12.064655702991172959 13.844254268946357911 10.168413717029967103 10.550881433787910879 10.558737296546002682 9.2239776867772000912 8.0671833956539291677
8.3945028999928528179 9.4685172508273751646 8.9855934851267971197 16.602350975934434985 19.211308094063817009 14.919506389245274391 19.530716897992803638 18.771714097693056544 9.2888700876265435369 7.2700267558192104289 11.241668854490681539 10.186015754213505247 10.344503306688165978 11.249432284291930983 11.363627993374933567 6.3579637695404604969 9.3530554791904023659 18.496242981544433803 23.761331658142321288 18.083379331013752278 9.6382568739498619692 6.9121166351847938003 6.4214690875680071613 6.3777914322722111251 6.4084060044321180527 6.4740110541950963707 6.3676157530529442496 6.355447075641803778 8.4299645037339434595 7.184107559753732275 15.536789211011042156 13.035935122594494828 11.817611509097247335 11.987739517962459956 13.730961549662225707 9.3743124342071375565 7.0472210302266358184 15.110732264665449165 11.033901870941749124 9.8857208938880720694 12.108146150106403383 8.4459275594583758107 8.8382458321979520122 10.571784697640303818 9.0720784754719243637
8.584190873620601181 8.6859966313446275166 21.545397470626323155 20.633716379356709325 17.65064545584012734 11.38366487101041713 16.966627433399452229 17.018169146405064396 7.8372554388681408 10.056084629539691733 11.109442194859701303 8.3792161929756261429 6.7011892235783969696 9.8863777670046601997 10.109099646113095972 8.0828941322954239723 7.7794346212095026871 11.374888092244811233 22.354880908768532066 27.969807636735794176 24.381285035743875511 8.7937484813623854052 6.8563461755409438325 6.5266129063785429665 6.5113008972684118802 6.5841728407887689656 6.5027744421463129498 6.3802643919792227933 6.104514817826780515 6.0120210208838154031 6.5724417559299137537 7.6119710177399877438 12.503120842049584738 13.443567213428282869 12.316767469548732805 6.8964058116624986638 6.8914991729337211623 13.881827435788443026 9.5664186932187842416 11.830471930132897995 9.089254795464585257 12.057330901042359272 8.4574752652021061294 8.4855842436844852728 9.6014374748498649836
17.737864522815446122 18.064907919549845872 23.456869328701237976 9.1662237800055628156 19.232735201058417829 9.6716339502994301824 10.900242463512862301 8.5997961516203087484 5.9306472045229998713 5.9757336930389026719 6.7711886278600035283 10.101284873588356916 12.833912083592270648 9.0371603120908439166 8.5760999139180320583 6.8434693331737381783 12.081775246754572706 7.5048638367794433535 13.805007987485366172 21.075302213451895028 29.248573457353376881 26.654565142478809037 15.069579676436672955 7.6564085470977101266 6.6281516831787534727 6.5549372481965955117 6.605460981531130038 6.5928605158666080399 6.2671766899413805518 6.0552979251810894468 6.080178575552179332 6.9327542741836225559 11.303118821398854266 13.251454666606715449 12.017090189297530145 6.5884684355545832801 6.3768661069222476456 10.402487381035088632 11.103767954336392521 11.811525803953868419 12.583328728353119885 7.9011322398679046941 9.3212318907920330702 9.1826680565277296608 10.431965941799010267
21.493068856243876752 19.549664563894804559 15.508121299275844152 7.5192449699744212666 10.630927760242629532 9.3234943129766225667 7.5636497183198390104 5.1863833019666616408 4.7429380037218580313 4.8769870239760555464 5.6297754412223328657 6.2673705083306376906 6.3758081554848322625 7.1760251935483667651 7.1353710101954712641 8.5708142805684133236 8.3333117896717805451 7.4490466338823795311 7.6601267186537720377 17.72073449188649974 17.816379676139984412 27.108693093127637752 24.743190539358678848 16.077697019214625129 7.3603507802439853691 6.7263161733296339406 6.6939915713790298923 6.8733701557057926834 6.663254964925450885 6.3096662992453129704 6.1546796378120749438 6.5677297099504805544 7.6891874405963083206 11.210672361509219641 11.064541354764825698 7.5940246498129182484 6.7556022561752095967 7.7131706313738144232 10.871668660378977833 11.487018910512835745 9.2567159298631978004 9.7506981173070226276 7.8576084444545646335 8.6766347259448615148 8.7996500575706626535
20.006091920740871615 11.119753976488572889 8.9810493567683717941 6.2384898392922263355 4.9624786131892548724 4.8957574268327235245 4.5527230742855229195 4.4132499109654315106 4.5124539385334259123 4.5158984557738364174 4.6121649288105563969 4.6944821340407090204 4.77271488053427273 4.9421376883243208766 5.2956972620932045714 5.7879692510399385341 5.6856760748093613245 6.5540933130363052683 7.8827012111716578957 9.3149086137240768579 10.222935293174636229 12.903877340334899415 27.106161464644262793 20.269111037643384066 14.395313288567738397 7.2636855761018122024 7.0152797841222511721 6.9252107650875727174 6.9852997646321544067 6.5419107978788542113 6.3417806713077977676 6.2488322817293493472 6.8174143044699748728 8.652435568978042113 7.0083541110283498199 7.0720197180942383497 9.4677051727759202748 7.224298636177309163 13.967508946619643595 9.3459784329851292028 11.831590335488169075 11.73411043813108634 8.9723387385986068665 10.476170535100857606 10.491866986716928523
8.9247298962513035292 13.093038897919649699 5.3089796675514175917 4.3909046471315855698 4.4401248663125389982 4.4137019718004681934 4.4533895746522205172 4.3845937589748382734 4.5113568184607597544 4.5536805324383138327 4.5983407549303585427 4.6993361556453061567 4.665711770113514234 4.8643711436207039966 4.8509550195197039812 4.9848748509724289946 4.8759093245039624165 4.7061843719884528525 4.9946495267876747093 5.9163844081843706135 7.8896857369271318206 15.547533210665438475 20.172346465539874316 24.559807088452625834 20.960343478236396209 10.066347861304976163 7.332902197021650359 7.0769295825788463006 7.0511225273231481481 7.0526600450964247457 6.6217185062986958499 7.67738399743163491 6.7053409840893918314 6.9858589256621774766 6.9118669288491787484 6.6912124513595205855 6.7913020331964215615 7.0876902911213397473 15.115904150584539067 11.365765490865957332 12.367779610615107444 9.8799650775886362908 11.2070260307843661 9.7508903071737584867 14.063299395167961237
6.4652964701225297262 3.9181634681233861173 4.3383089564620735956 4.2955394025487754206 4.2373068592376856856 4.1908706423579094036 4.333775808996637835 4.3485094932887564667 4.5174766491727629258 4.4631091505517117568 4.7234671430835701855 4.8637479612240035465 4.9417328049836637405 4.8364386175004678847 5.041552587989516887 5.0043152806643584896 5.0615703322445622092 5.0420225702366279208 4.9461070484651115109 5.0423263170765793006 5.6396942565524001978 8.0553315162652321391 20.095796576498191399 24.283820173287153921 23.597014596765919947 21.742050112413739527 7.8412118003738653371 7.5139421683169969057 7.2461428846851960728 7.1502713223655272046 7.4539270761416922539 6.706591137701646943 6.9035805602733875119 7.1848387020552380022 7.1717695178533844569 6.7892148960482172626 6.8236369404647279069 6.6924389907178563064 12.030924019274777947 11.03355682408999705 12.947226523990080338 9.8529371579682010207 12.146529375882733959 9.8693170481915135639 12.349537007771470343
4.1505009736407902921 4.0478371350336672663 4.0366626792177937588 4.0962890423150399855 4.1356210568337479216 4.1927490399699900436 4.6359187062294688886 4.6840076892293618371 5.0737733715060810979 5.5393029827442115121 6.3039165112747168607 8.6783402891114800326 11.382540707593404861 6.010974787159257815 5.142286634173308002 5.0779882018340067873 5.0764207383456607658 5.127072451648262863 5.1020722455438294318 5.1450701022159686104 5.1140132365643955481 5.7200205622343727185 6.2305428271173894927 12.466308455220776352 13.808339364039436958 9.9855494758281153622 10.270571691269831049 14.325470477134315317 7.7677272986114127562 7.3333862010614963012 7.238260376259268547 7.1135212556081368618 6.8321440554955525926 7.1937378582205422362 9.1965394652565084499 7.1051252656912815553 7.0725263162506273318 8.0619619389272116905 6.716627538749226467 8.7635357549495971341 10.033859593246580388 9.8537105886156624024 10.220690906345096138 9.8908995715791938608 10.296165315117669081
4.2356540202935741846 4.5658224564693510317 4.451230316071774773 4.5122657014043996426 4.6508472968240743839 4.7141119957078601033 5.1556858532179559163 5.6197362275266522502 5.6873563409333067753 6.5084915583380018589 14.9850799522652256 19.404967968674704082 19.910825716687224229 7.973461902443360394 6.2124061220895168134 6.8992214607219475297 5.4195946167383279857 5.2414767236413464246 5.209353033065291072 5.1955957447076563938 5.2352197575835912602 5.222261377140312355 5.3104136241191453038 5.4483825525503206677 7.7630565575635754882 14.174669667608478463 18.513455228742966341 25.852523139649129291 17.772486112249691104 8.863974548544714338 7.3649109559884111675 6.8462665279387877604 7.3931625254802515457 13.069518200603621239 7.6487301228040243117 7.4069295415627331991 7.0624672184856178703 8.2430607492550631576 6.5514242939473206206 7.8739510449974590145 9.1522683219884424233 10.97623420958237439 11.174096341893566375 11.723692316968417515 12.15911024413773589
5.2635135753903385947 5.7052969250737897156 5.7863321691928817359 5.5200000000000004619 5.7803096070378083837 6.1389125298859168467 6.2598888803098091671 6.3739315413153887491 6.5491017557979267494 6.9074403902017529333 8.469702131427673919 16.939480362797308288 17.234536840922682899 7.7209416779995194702 9.1131785125584467977 8.7685783796949827718 7.0245351211267257341 6.5920484146642230883 5.9980738485981675012 6.0081421398534837763 5.9341764385420097128 5.9624688314287723756 5.3413557867279717328 5.353765601178377409 5.5783134667259561823 6.5273056462902747654 12.901230592740574821 24.392947644946278984 24.936539656545996024 15.574656229848073963 8.5401787280989776008 7.110620904649294971 6.9874307820443384287 6.8029029206070958935 7.1945718160619609449 7.9214957738884432814 9.8823148815811041601 6.7803468471082055657 6.6319964047863839696 7.8281876399979104519 9.4395207018001059396 10.443970794854097406 9.6937041894665956221 12.69769909814726816 12.865086408679061947
5.9134007210975756408 5.4503680388200148599 5.2949087183510901156 6.7414459560286719153 6.7534294502501301949 8.5079054893348438071 6.5789019589314543524 6.4191908082342239439 6.379499103734148413 6.911451897724774085 6.9100159023752265597 8.7584434793148897569 7.4124430975089135032 7.0548533480469242107 6.7335578333702761356 6.9490632545079700222 7.1969469239270340566 7.388372798158520105 8.7778606739083944177 17.411820680301925535 16.050765291957684866 7.2707380128825427335 7.4429389162267920454 5.557846665625124416 5.3520239068003157001 5.4857870204929364277 7.3594427691083765808 11.493491407607104193 19.281400773426742745 26.558019470195699085 14.160678731707395883 7.6657040201109598598 7.5801400690004969718 6.8459012669806380558 7.2823690084129220068 14.172944335072305222 6.5812804328718215174 6.859209590299117032 6.7223619168433295101 8.1306642394167347732 11.520054258161371408 9.4808218173493674641 11.614518127340295095 11.419058094977843965 9.9155120285404318992
12.052997464323262022 15.219993058133997721 7.071685860578545757 7.8891986600672270313 8.1580302924930112596 6.5722099774770867953 6.6897381445227930286 6.7283626494468169454 7.055561229868714257 7.6208680314755854468 6.9418402513907029316 7.7431817085263761058 6.9328821332711880743 9.2462388724712063492 7.7626787401873009742 8.142876972696393878 7.4705542774363218328 7.1899129522539491077 13.625608920892624099 20.828683393660146095 25.253061667947061864 21.39100143579680946 14.974798986816622914 7.8509344469116628673 5.44571538260396526 5.3887547784998979239 5.6232756203781866233 8.1096383845030413084 8.3394914373236250782 20.55609476727028806 27.892215502847623299 12.55109499120325367 11.32209889459867469 6.9064895990817722904 9.7347574363625621885 14.679456661178150512 7.2863787410486793306 6.5946758100528999336 6.6955414940229962539 7.6789146847872800095 10.447427268240009113 9.842566849994875966 9.9669831753169848554 10.356205444873261001 12.005313735850046797
9.1890319728228302409 13.899519273219919313 6.8465481476436060859 6.6499355241074935563 9.6461020604767195863 7.3348378761907779833 6.3654257452212421597 6.2898474640233912325 7.6012087919355071364 6.9367766314811509787 6.3835096169039209357 6.3050497309257202971 6.5039910011564652237 7.0906558139998718815 8.0793075860284186973 8.3971389638464284388 7.1407771772131285459 7.0231136862671714738 7.4848016660390461752 8.2644681568219517942 12.266924835434082297 27.311296473407740137 26.873290487200090837 11.706690096562695658 6.1188384267721467324 5.3325526095336206467 5.4615412719514111473 6.2854748681028800306 9.3984971898179683336 20.831234745311419942 30.633748245451638326 26.241785538708160885 9.432944281751762361 10.874522214246921337 7.4300495514738900127 8.2913091342406044504 7.1051099580645775688 6.7869289034712982911 6.675263192696786696 7.3530887572546204112 9.2759572009748900712 9.6844530784564444303 12.155183038128360096 11.910278900822232728 10.646693734349659266
7.7323325950904546744 11.137105629056108569 7.1313697027899367598 8.2400148964870307822 8.4816691408878313041 7.3241759003110979975 6.4675329809246182577 5.7855273667957431982 5.8768780877958084474 5.8490930315624387603 5.8023326939725352602 5.9520112542684993073 6.1731906269830085776 6.4107964409374664783 6.473795878250645508 6.7440676880431356111 6.7855123069864662355 6.7616097261943686192 7.1670244549100532439 7.6078650730084032006 8.0161905847831143035 21.756606288447073894 22.689354986262664227 24.095260425412998728 7.6530410202499057348 5.873101554382392564 5.3871737972404494244 5.6290337970923340905 7.3366955698708711253 12.5910045318646997 27.734533834721883494 30.143801785381970859 10.148473826540852727 7.6349898240469773469 7.2888367537180132061 8.6545687403151969619 10.854135467721720332 7.1466330813113554399 6.7996752300447376172 7.9701083899508011754 12.81189600219039626 12.773813534304531814 10.906889529673804873 11.770685594265238194 11.644675050965973995
