LISFLOOD_FP/Result/3_dem_raster/combined_dem_raster/com_dem_raster/com_ascii/generated_dem_combined_angle_90_x_0_y_0.asc
ncols        192
nrows        192
xllcorner    1771145.000000000000
yllcorner    5471774.000000000000
cellsize     10.000000000000
NODATA_value  -999
[rows 69 to 91 of 192, columns 104 to 155 of 192]
14.941311227771116421 16.072794414929028051 13.41932756721432618 13.939337821894126179 13.223418160177011771 14.71239806473346512 21.613877156331131602 12.84980189841702547 14.39284651537370685 13.408638147423550535 15.529429352405918152 18.111823256888829548 24.913279320758267232 15.477398449580727302 12.411794920399980668 12.22658868010886124 12.478647793489047402 14.806545982222196756 17.695572566490792354 16.042310486752413112 14.172763166758656439 16.85616263195429454 14.435381527444285155 10.774673996845869794 9.1464531367316883603 9.1708555645733369488 9.6678040394635988974 11.263517304370305183 11.995486732549847986 11.827516366534261749 11.848555127811097876 11.840317465630874949 11.806501823198026102 11.751444790998352374 11.71779074946107535 11.770502553765393117 12.579462341467133157 11.515697062630486869 11.464184545570375917 11.576447801928871684 100 100 100 100 100 100 100 100 100 100 100 100
15.758366355657608793 15.931665178568255925 12.168179101405582898 12.422620322422281092 12.469066410415310386 12.601664206575104998 12.656897182290878234 12.318595324968715232 12.256518046373324538 12.098660152887905639 11.868135894375008377 11.934684573422376985 12.097563530095335693 11.813457246523595856 11.568574816570727393 11.619036710273396906 11.366145345511920794 12.380654879151503422 18.337253161643811694 16.018142606544333972 19.240291898171044238 14.734281098767697316 15.901704382517195313 11.432082427457805451 9.5269746685523397645 8.9986429647972023815 9.6989738488596106691 11.386740922889286409 12.085310362987945254 12.207998797930446955 12.069132179120977355 11.854256011250706493 11.761562246594889913 11.606751012897294828 11.612278419178393207 11.649620360559651999 12.424190702371582518 11.360930293361782617 11.180733784464981895 11.559618261680473239 100 100 100 100 100 100 100 100 100 100 100 100
14.80377076255247637 13.753036120655416141 12.1553612064662655 12.431402480065990801 12.417496600874468271 12.558433905070693015 12.490283337200267511 12.251376031716878501 12.088768302032518065 11.97087482168392647 11.694850094078473646 11.595542541648283574 11.552885577837431086 11.515998605965465984 11.496775154173084488 11.490731671292305549 11.189727160466226508 12.021369624501506479 19.213904282712210403 13.721590959741478244 13.103965303509044205 21.049736260533197907 12.224072129221204008 14.10875289408350497 9.0232751522156160462 9.1511990041925894701 9.769424569494688626 11.290454406173042301 12.241252328598354993 11.923577909226825255 11.774829072537899677 11.70177674044326821 11.548448978092144657 11.43468975251377806 11.503652438375976175 11.353376613251976224 12.402814084819182128 11.245932218580362516 11.126908891999587325 11.535375775679765908 100 100 100 100 100 100 100 100 100 100 100 100
16.509029178840236796 14.108650787526949344 14.022519756606122598 13.329770137794580975 12.492475770113722788 12.795526873596479334 12.836922452484898827 12.226189545945929993 12.123111164616348745 12.157572400583218197 11.679050830698177066 11.571687774935208282 11.521469069673869967 11.574259006299280728 11.547211099704789206 11.386229626589683406 11.251869737157811358 11.6947362138854416 19.535561590461387738 14.841840100082574594 12.276735449235557596 21.274989408812736258 12.179312646347808524 13.674060164346354185 9.0529607368983882054 9.0247592717166114085 9.5636692754698717778 11.410423637184436529 11.726074374805159906 12.423395493883528928 11.808072378513674749 11.578125510407184962 11.54098075610810703 11.384645429187228771 11.418324944529359755 11.390100402609583341 12.495188584439111068 11.031748089809081392 11.385756413489694694 11.089687624710437674 100 100 100 100 100 100 100 100 100 100 100 100
12.280364497775751786 12.17408269274838517 12.168008709978213489 12.724547158697859572 12.36306979240308479 12.694773414124675526 12.519888838337887904 11.977576166317879469 11.843014256105499626 11.820759343041196132 11.469372120563154027 11.450053474545679677 11.417666207456282024 11.457806789876526565 11.536286846105399562 11.359757492643216992 11.225458701692259567 11.165042819580222044 16.083851677677735381 14.185123035347212195 11.094757818842120756 14.050263447672904249 11.305061363944989949 14.540657057945823638 9.1621222356002327558 8.9353447020760352615 9.5792578250858415601 11.245839190454770318 11.782502118296624971 11.534349507282620095 11.587540901301158769 11.589226570082647783 11.440749631047179236 11.203770209577019301 11.327478120918616611 11.384864995174041269 12.184584896846127222 11.230772542459638075 11.072228465733871872 10.767406771242496788 100 100 100 100 100 100 100 100 100 100 100 100
12.068728554620729909 11.860822739176066776 11.685088726979829588 12.016472269080828994 12.187127236196314328 12.192220114874375625 11.974815625261680196 11.624497255738891255 11.439494448419548434 11.330045449461993101 11.253541180328612725 11.30331874725079544 11.268962807285483052 11.364625981552444856 11.432287303409401247 11.323269501697998507 11.271875369801399813 11.617169664993516776 14.276909531215547844 15.432849541329531462 10.84917086009126308 11.633351619838418145 10.70214539769005313 13.584865021652847261 9.030780174840478125 8.879305847772265281 9.5461994620886247986 10.858794628291930096 11.425781810106357739 11.355828775896350535 11.708298275236957764 11.425706380215487457 11.184379115052101028 11.136406809190569689 11.147269009559522601 11.067478139982913632 11.71048267729558745 11.174066602279085103 10.867997474442907091 10.607183700384066327 100 100 100 100 100 100 100 100 100 100 100 100
11.719486817493024233 15.036922597671306789 11.532297475316578783 11.737702050078913985 12.116445962900503019 11.820610445787885112 12.122304078661169768 11.42037692960563966 11.311147097405362061 11.441218945751636227 11.333709502780187961 11.311358512181724834 11.330774095183482331 11.279060305693377586 11.34286581682809647 11.265837184338337806 11.218111849443756611 11.415229405307185218 12.101515449226464938 11.800109573505791261 11.466803864386305278 11.072813819700314752 10.685545955101790838 11.444240284671421293 8.8965762389788434206 8.7935624333422879317 9.4182103156022183299 10.326527068552884714 11.248572433537987081 11.453209500421763778 11.417638465660424174 11.399908294490673555 11.146342129353833172 10.993592298058571188 10.861116051414754224 10.85778464654512554 11.66433022567485267 11.023418232338849876 10.849320254211415104 10.635011985389263955 100 100 100 100 100 100 100 100 100 100 100 100
11.819332686916041553 14.359597165449983436 11.401484352652383691 11.718826148749013072 11.704908615961354457 11.508288283075723157 11.545593503388179357 11.27744716713645623 11.232609584471726194 11.309757251337096307 11.276047897868416214 11.312166840131009593 11.203569311958521126 10.947749628894513307 11.338550180530367228 11.053072493489231931 10.887387540993723078 10.928301570705858836 11.500273046815634004 11.535728842870941691 12.186195970114793496 12.231710779465311489 14.195534217495829665 11.305688506807623384 9.4921288307564886111 8.7096016602903478798 9.1255756622908155151 9.9038527266405189664 10.94404589828979546 11.326134067682934514 12.685427819475725286 11.736353388776898043 13.889292072195429384 10.878308863008182783 10.64243013319209652 10.746894254668001523 11.551788138160679509 11.064138590647958793 10.77315088988806302 10.509225699977569946 100 100 100 100 100 100 100 100 100 100 100 100
11.82004008038407683 11.414002120482178881 11.442902876108703936 11.512456971027203778 11.412313515289639554 11.318529955238991747 11.150887609345202733 10.987133709221577504 10.942363956323179153 11.149356906965063985 11.186400354470766416 11.158852305304211683 11.369082963983709433 11.057686728291853839 11.197697078687896877 10.933079157478996279 10.705858733819905382 10.858408654244019687 11.2098744429957069 11.478810932707581571 13.163574323598037807 12.479111595937443013 10.669680588324535364 10.563505381690603713 11.538203252104352714 8.8000238515067152889 8.7267200532820954351 9.4641457206669663549 10.758974205560329906 11.137168296906233778 11.651508685396724019 13.656193413085865984 11.699778797058367985 11.253043528533082096 10.657305143932596536 10.592253479644835323 11.507332317910325514 10.938628236510671954 10.609142241869919943 10.525618381914419786 100 100 100 100 100 100 100 100 100 100 100 100
13.261161164985566074 11.702515580178294741 11.294425598437038971 11.023421037667640476 11.469185182396815392 11.205731788233020296 11.050068312497923984 10.786635467745144368 10.718247224578046684 10.899705887016892802 10.950921120722549418 10.976402682198065364 12.517094366560117535 11.065691050051077227 11.358520818046569545 10.913730719131040203 10.916142680743050164 12.102789941346651759 11.321075630578880222 11.646031746407535579 11.561708481710466501 12.182951204154967684 11.407837368805585854 10.334581493275393882 13.056907180625358933 8.9623852727255659545 8.6412240388379757405 9.154996494273870411 10.265117042982746298 10.84647442078732027 11.238231107194735614 11.575145275864100469 13.575809059743997764 10.923942146549951104 10.561745805076368399 10.56411010601934386 11.469094532070018388 10.735300879175449396 10.47810792863502094 10.426875115198507515 100 100 100 100 100 100 100 100 100 100 100 100
14.20197624659195057 11.101977793833409436 11.070652751287461513 11.236479636358076561 11.124431566028119889 10.871574339733157899 10.77675389101553094 10.800820194612329672 10.747577143246131115 10.814090951666200269 10.731031930882783954 10.737365396159530562 10.77254879640079821 10.998665886838512762 11.211220828925897663 12.643507729859246425 10.738052229451513497 16.203655024164437037 11.623283313539806372 12.155354178579178992 11.456033101325109769 15.652514445655731024 12.909241808452417644 11.22691624095369356 12.86962747461300971 9.3449021794741788938 8.5853978924678315821 9.0062715397728325684 9.8120081041039561853 10.561928124015855346 10.711828635887622241 11.023024486799810617 11.519372258348306914 10.995905890896363388 10.692292638216740031 10.544239063072687657 11.630437117003966208 10.620952423096989392 10.240191927954080953 10.237535122020769762 100 100 100 100 100 100 100 100 100 100 100 100
13.550069743134946165 10.891768436667719655 10.915713955040327932 10.981263552604744405 11.226286128543819132 11.312434631022082243 10.922000205910920911 10.534897818909643163 10.718323730931984983 11.030801578525263551 10.746483029838779899 10.677590756419302664 10.803043976940253756 10.88811575625035033 10.913115702712138599 11.05983867699247547 10.450994617055748392 11.215771850086426298 11.32203506095703105 12.211932584287998438 11.691236302652704637 11.385600055064349689 12.477062914992531617 12.241931521232377378 11.985371499000020634 9.7822857407973344834 8.6028916880057781924 8.5822469316037182097 9.2705342789608060627 10.302185515876509214 10.557199760363827679 10.794821883879523128 11.302249921706563285 10.976090182157749453 10.575251827229854129 10.366870990579517553 11.299797300435955094 10.560664858859343695 10.205669245287841918 10.147540835795620495 100 100 100 100 100 100 100 100 100 100 100 100
10.985535915741641233 10.690194211494601362 10.901966376634900868 11.552714592721185838 17.577730382292987343 12.153224504516025206 20.483550735274633325 11.261265666763749849 11.173618916140108936 11.797283246521452327 11.157888034756474838 14.909037131730855208 10.860835959793636363 10.793549183274121717 10.865994563055172861 10.932046605380326909 10.849724914881084814 10.504241593697120294 10.615316891244461317 12.031417306564321734 11.570520700991844265 11.201488787232328548 11.929930857892150797 17.710758327620265362 11.025538993592528314 13.344549474877858586 8.8678063811903484748 8.6554057665949173384 10.016032819924998165 10.108045137589353857 10.400578719026812635 10.474074309100513958 11.079220920590563182 10.799443015258114897 10.543629486772498893 10.249936395632779806 11.06661884806801055 10.497336405212976729 10.174969145699982676 10.078386245717119607 100 100 100 100 100 100 100 100 100 100 100 100
10.681684402425203118 10.582687207747691005 10.871718339908836626 14.211844837758199844 17.199952886894958937 10.771564242703300707 11.033012358820570853 13.134360961444045302 11.66143338081517733 16.007036614836572141 16.102177955718975255 13.011379156791113232 10.919380970003858877 10.973216462910192703 10.870342595981604461 11.017131749301837473 11.146477909412835672 10.872975965247016816 10.762439116473538903 11.970273021848079509 11.306433717426818575 10.909441630303826187 11.121329522291569347 14.617986804467999917 12.388077253084773588 9.4046584055916078171 9.3448530762451351706 9.0214974185680141261 10.623909304975610368 9.5074046025613210276 9.9572760928190007235 10.393323361915799197 10.629776323507819313 10.707566199213699676 10.512159647630239689 10.22858345934246671 10.764795625592135764 10.413024805970275466 10.045038658747335703 9.8859386967517863809 100 100 100 100 100 100 100 100 100 100 100 100
10.483678327822802956 10.409064395669402003 11.175373475992357086 16.143581840964163376 11.433617658103246484 10.595774752786708106 13.178019614204828258 11.280119118314768656 10.864151976930575216 12.66154218726154923 17.465761384085126906 18.470555875354030206 11.290796142851787565 10.697629764527739837 10.908738698939702161 11.177581154028690236 11.417506939804281885 11.380778004513272705 10.705500978593033068 11.905748970147095989 11.255978845481443784 11.00441581595266527 10.749009396483430123 10.809329370244588731 13.011804477328670515 10.655309347857137681 10.095393814062120441 10.602797875745123335 9.6221229998311095244 9.4149370445959288389 9.7536408124118452179 10.408880177032912684 10.38419107812609532 11.162269589666300007 10.623232975885230189 10.284731196919937091 10.826114024529994495 10.260808069454379066 9.9581059057230074671 9.8336879445128531074 100 100 100 100 100 100 100 100 100 100 100 100
10.254670319609411777 10.389027486625558083 10.292379188645146115 18.622961860706592319 11.32479035516847965 10.43833619245330091 13.161173212738287219 10.819893638019213 10.759773865662525694 19.111353612198065832 20.301271477817028455 20.42748324579798691 11.833637016924921426 10.548578861606918267 11.913105040236290577 11.223993641959706835 13.057766582421358237 12.152306892355639434 14.24607870986286251 11.988699639891024162 11.221730839566369298 10.846457830292500546 10.731031753087513891 10.727974997112360356 10.797161724396852733 15.53658165917248013 13.205292364906970448 12.708047406419725078 10.582146108842719556 9.7253259137284011615 9.1527138050703769068 10.04254480298138219 10.732151970424419929 10.849035034343804895 11.206042643603145947 10.389181745616600239 10.94287381057615427 10.213309630352764401 9.9020330202985533674 9.7384123426303297322 100 100 100 100 100 100 100 100 100 100 100 100
10.243260722573586108 10.310111706238838991 11.451060350660950959 17.772563879749306182 15.603515119784592713 11.183108328495135808 11.74673797382595275 10.839437475743226358 11.271511084419879367 18.475455069618668347 17.954777579657928754 21.260372281980810527 18.924212986685621019 10.88448496264201637 13.797453233645821769 11.350787387251793703 13.501613767386826837 11.83974048614204122 14.296999767880958387 11.948861005969222404 11.679493410632195705 10.855288399812000222 10.944887313789010364 11.283298107331624749 10.672021105654719619 11.046606586201914268 16.058080503857006249 14.743485062553776999 12.383683706183909123 8.8615693569833187127 8.9049668835522020061 9.6318173152997825781 10.830033817241371707 10.791480811106914928 10.741020247392283338 10.568281085644354533 11.133227995923469678 10.116240925934839368 9.7999298006147181894 9.7750362810083348819 100 100 100 100 100 100 100 100 100 100 100 100
10.625299386771844823 12.604851717193360727 12.709348990510523691 11.73059866013190522 12.648797869345047573 17.121825544453578516 16.14156092360526884 12.378472615475546448 13.332203692411740192 11.713677250298951904 11.889587690683972809 11.473466436819574454 13.712325206460914018 13.099712848583727975 13.312428745095962412 11.280366343421228237 10.892144772268400388 13.028778150716856743 13.430231130874469514 11.672190493885782558 11.200105863235460646 11.092535813179670967 11.288987832953610635 11.133182963828012646 11.093791369674919522 10.680346687368643899 13.830692091005984068 15.805741557061145031 10.676617820281773419 8.4763642316354044226 8.5967027808924996179 9.2981468106857043665 10.452986428883880521 10.783315464622873492 10.698192388134929232 10.719013263147768811 11.223722881889944603 11.115525785458812535 9.9612317220301758169 10.069020253114310037 100 100 100 100 100 100 100 100 100 100 100 100
11.164310283029868387 11.691805319998078261 10.582573366503707391 11.030975598704982232 10.536838065453258295 12.273609547790403695 13.730171305655023417 14.369107160364631426 13.045077666077816048 11.404960202446076778 11.191598908640367327 10.794998807633801263 10.12439498416093997 10.345309258196511593 10.852960661080121696 12.809036626596407515 11.0883735184368728 13.60202839114515605 12.858076901096406885 11.205325967628116501 10.840199920169402148 10.927194117765061776 10.808593475802469541 11.481945430489165716 18.342836876535685064 11.147288281866842397 10.343152269955915301 11.920426825085025158 9.0145329328251548873 8.3954863406784152602 8.6133794535350904908 10.038136255609400038 11.073025674579133337 11.017065160169885019 10.84442377829084414 10.511815607592016164 11.26166590276059587 10.093015597372101411 10.030540349066486172 10.062200652736120077 100 100 100 100 100 100 100 100 100 100 100 100
13.571471740422532903 12.028442232845129922 12.642658196822520011 11.739668319746645153 12.829415661867896503 10.454431541153530461 13.110523567522577082 11.811323165941603364 14.239320822426282831 12.658341168981911196 13.53988225136102308 10.270011953560709728 10.577037935998806262 10.324284980300827641 10.198590689741614312 10.32366195063494807 10.393334446428479367 10.747004249917427643 13.108549483824896598 10.665024992337530207 10.643294244670386206 10.731902651154049622 10.874951442571120452 11.274646755563049183 15.873427633329347586 15.077488661336435172 11.831749001188182291 10.235086641900251081 8.8916913273990569877 8.3073630711288188877 8.5682803763795192253 10.101338735662077184 20.336353198753673865 12.853630448745679615 10.851135803179866812 10.513700790417455977 11.092015398995311415 10.119095678382546311 9.9650068252156920323 10.052965039032637051 100 100 100 100 100 100 100 100 100 100 100 100
10.378093758366398802 12.102278889997124978 12.433129080400005861 12.52769745870722673 13.547711952033413496 13.309827790462602337 12.901192679774014849 10.616263412457902504 11.484432122996844683 10.333736218499661064 10.435810030942018756 10.525411452606009632 10.562912467310164644 10.446224355112393667 10.319514307041666612 13.035137268822770906 13.356636957654579589 11.061172625380649492 11.318589374273379633 10.458100329914207904 10.471627004206219169 10.560609792250653882 10.65465192459449284 11.014978877185791717 16.4129962167663912 18.140723525098263025 19.67887463784662927 10.611877373877332431 9.7635612039762822434 8.6248439833470680327 8.3789855930017012042 11.444503113433235342 15.382393890841491668 12.301994856997888306 10.795260577135362468 10.439266866992619853 11.171613470978032367 10.111932860915883836 9.9111709289728562311 10.022786953350911077 100 100 100 100 100 100 100 100 100 100 100 100
14.137695313704428557 10.845186078249936301 11.05228572630981887 11.11128773844589368 13.010530104536224272 11.407837598485780717 12.204711096411207549 15.020822811038396338 10.472358451578216432 10.17874841646147388 10.038805373102020368 12.418658542276263645 11.652795651861156401 13.728022990835237138 13.748026613520057282 10.851093754666468527 11.479076627924529319 14.186972288764799544 11.086161833900103346 10.361136355054117786 10.379881853971477668 10.488591907494182465 10.526539864207959951 10.640453979177976862 10.832886064829414963 11.398227132479760826 13.428643953620651885 10.436091602568355441 9.705375958968318173 8.5189235257572875071 8.4355342717486294646 10.162463404930486277 14.160505998518592818 12.894068823493610054 10.623630562313682191 10.386291241250583894 11.247496248481965608 9.9779861569798580234 10.037785921913663145 10.011989327368986835 100 100 100 100 100 100 100 100 100 100 100 100
10.264327363889961475 9.536670242116970897 10.866647909843857533 9.7850965800689113649 10.475167269827249328 10.412655578871580886 9.7143719621082240678 9.8444741056502014231 10.231609698459536162 10.997628622009509414 10.762196408497594291 11.305672818996148621 11.840633451064338288 13.287966849539074587 12.072619159427038227 10.13081300628943282 10.353061034570963272 15.295284637404998662 10.382055573845088148 10.219835755909194575 10.271601453799771519 10.399102243228799836 10.452611032748139408 10.520937857406181593 10.515016291446956487 10.578277686889331122 10.69494290501300604 10.318176672826522733 9.4899297979200145647 8.4460264034884851014 8.1367034936821607261 10.273732568500388851 11.360192656973397973 12.745956686140553771 10.9863537216656173 10.395226395393374119 10.905647959171886896 9.8263924547742220739 9.9895645609354719596 10.030224717354267128 100 100 100 100 100 100 100 100 100 100 100 100
