LISFLOOD_FP/Result/3_dem_raster/combined_dem_raster/com_dem_raster/com_ascii/generated_dem_combined_angle_0_x_0_y_0.asc
ncols        192
nrows        192
xllcorner    1771145.000000000000
yllcorner    5471774.000000000000
cellsize     10.000000000000
NODATA_value  -999
[rows 60 to 79 of 192, columns 90 to 134 of 192]
7.6407066995318988489 7.6535521082258846093 7.524436766541740873 9.6346025682682743252 9.9088309531646796557 10.645243526532754075 9.4695537015352666543 11.947782795709205317 11.850054117800352671 8.0657039299688051415 10.989672339598788753 11.667515424113281242 11.42305421965300738 12.335626465351840153 14.896936358350975738 8.7437617762805519561 8.4877938324111941171 10.501637507782678682 10.037778305581809946 9.9781602426792517235 12.878511684413760818 11.001672420976838396 10.429915982721610135 13.196468789051406745 10.142939883265359668 15.09202020309522041 18.489174468711961907 10.344162886778640598 9.9270239518083656094 10.230715251448064151 11.51374165539390404 11.069255311198524794 11.204550257381457712 11.053855691598487354 10.946454079720989938 11.109902322240305494 11.327617760933216928 11.486423997239407768 11.513572421764955322 11.401849137694346936 11.394275423722826091 11.529745738326086624 11.485392714517654866 11.332590109422893576 11.437479093005022079
7.576801907167114436 7.7863152955396239818 7.6750680581266879088 8.6595630229419899848 14.318150736300516712 16.298728228567291865 10.443257159332754114 11.736480091020919048 10.542067240446833409 8.6799291806807250538 9.6334096123815147195 11.917449482354975032 10.642210586905227032 12.046182225565717161 11.3987243355566914 10.548042838495103268 8.9855540310805839255 11.784269339401408416 12.371882271444036405 11.109301827514386218 13.272213283923836258 12.894962096025629705 10.881235723248133596 10.263797655844854262 10.224232256226100546 10.374828652457560807 10.194815025071381598 9.8550477600431065639 10.35828296765885348 10.620319217219744701 11.801525052578632824 11.471094040210944698 11.332859218296251314 11.158662128031286542 11.102299163614087973 11.250632730845660845 11.416766106334396369 11.53734174777079069 11.484167529219719839 11.475217808518815232 11.624381598108890046 11.558210864194416345 11.51338131809455767 11.508050728280309727 11.380358925819841431
7.8490654993730251121 7.7507068826391272154 7.9370234419887610855 7.8525195152597895287 14.733297974619290471 15.095542314009460227 12.021115792982861592 11.479708249475899962 9.1303829009780557158 11.956783570989912846 11.220214665907402463 9.9358213885082573569 12.26945991945316905 11.612116554720838479 10.913582921563294903 14.006654593296380185 11.677672880412446332 14.677514931290913225 14.640244433278930103 13.975027050804735396 15.053175865983618564 12.351667051531567409 12.402514735711898552 12.103479001379829683 10.16527599218572675 10.191054472932879804 10.227475920040822288 10.353167486084350557 10.4963033415183844 12.098817972418814293 11.698275255183350652 11.695937630840571586 11.06473937029432264 11.074584097601368526 11.266111718848096146 11.392869076694319475 11.593674994837719794 11.635621881124484034 11.685829602160877627 11.645969761036244705 11.821417438073558159 11.710829956567900823 11.594185121808321171 11.559344974683169127 11.527870100805140297
8.1167387384780251836 8.0522889836718700707 7.7868216971116810399 8.0499772684793402533 7.8602294363900622187 12.522162250092867097 9.1207608403242304007 9.8819413624539080843 9.10768515690117475 9.165919771319147813 11.982575735068969891 11.804951736605694634 12.074967204096173745 13.669698174283862357 10.037031726772916329 13.933693488390016313 13.874797425803743423 13.045917994511713189 13.176200496577827437 12.938716421643830401 18.697788633360481469 12.32438322855910684 14.613337676423993727 13.946840428130386158 13.677974334850681259 10.534192761681371309 10.958848867139755257 10.848412076346333421 10.551626738486135082 10.661589014533259245 11.44796087029065923 10.999827205131575525 11.02757820433523861 11.218453747202344672 11.34420828551360394 11.649282775699859371 11.641170555147565935 11.721171646848771886 11.698560102499351743 11.767127665661050173 11.616588137798400382 11.594089265753094509 11.627720839466432423 11.577833942624913277 11.670960754698352702
10.316468429440721621 10.404932595701739118 8.5804769888426601909 7.9490441100071507208 8.228178197626288437 8.1677952191541205451 8.238095064675080792 13.377616271829651851 11.433774856222525429 9.1983415628551625787 9.7429109781724410055 9.0079796960479860957 12.053090583630623911 9.9880399005129714141 11.252231017451268968 12.237468586526837555 9.9416528019655725501 9.4207615704081444363 9.6053040648166323479 11.414563801468156967 13.874052609382914625 15.965922135661340775 14.380398526919558222 10.977147828077487901 17.146676687210813839 11.966993567312506741 10.416488911617078017 12.297661173059475814 10.423647691667635939 10.64628525064735598 10.882051461654350888 10.892906512920896844 11.123938943213676822 11.305749133897014858 11.521912313583904108 11.656747865836077693 11.722612735963105379 11.769785609373577984 11.814338249012628523 11.728794372147318015 11.569573155305290513 11.279463131436742174 11.458076875741390666 11.808890123609309342 11.606123091835822692
10.412666290583429074 8.7597451528447702884 9.9884069977111824556 7.8699231708407433317 8.20383498729051297 8.2501742491146252689 8.1453476383723284471 9.1487287040631688484 11.421979824537073611 12.218072087933363079 9.4153090566769517267 10.691577868301967769 13.183336232542837152 11.810211636228178378 13.166816010857791852 11.106511820136899971 9.2033965713651291196 10.149782778370276759 10.230964027651424431 9.8089747975679628667 10.827449681198013209 10.880111609612560741 17.31022421550943946 12.320997101708764276 10.265365290976992796 10.769988193122280506 13.183238036867075849 10.313857663215902249 11.162260372007025921 10.521799716473394071 10.768151275992078553 10.922146960293359186 11.234630627494880173 11.439562657483083541 11.618010352184407807 11.689286506162286372 11.784166734251931175 11.901896062954232747 11.978781367385666456 11.70826342491531058 11.545595918548999137 11.552392881041521733 11.290490611949302036 11.366138213361750786 11.601942883338681511
8.5704128105444556951 10.907084242171865895 8.3371575288829191663 12.313085903356112638 13.9388851459196772 8.4816233054302347938 8.4138109243115799529 8.2652839655423022691 10.128216348717506534 11.946936759690293783 11.460960354830444174 10.149656508281703182 9.5019252182247395666 10.679606560862721309 8.6291086511304779805 9.8617325852724668778 10.466566480797302674 14.853847007501407518 14.022952097858176757 12.357208240487524975 9.7637606892575679041 17.310926084920026824 12.64445619271858412 12.32994836123569371 12.883269296637632095 10.562932386298498955 10.466846549032570834 10.639059099231369387 10.374168716717987238 11.692300416343419656 10.718951049815794718 10.819632712169461541 11.111253626160623398 11.468540591019342756 11.585230483847000826 11.724605233044391284 11.889964760170192548 12.026008671617859136 12.040476943713288804 11.883567480128570892 11.831716711722508606 16.344873779474905717 12.419281274743818599 11.529019013430023222 11.453832536241691287
10.546425326014706059 8.2099381542768234965 8.611821973552997278 9.5634455938020899168 14.910564141111121828 8.4082953528738428872 8.4025622959445644966 8.6960271064466283519 8.6016765929004659341 9.4118996818490110456 12.116159134676063758 9.7630209561127418993 9.9941416195990360194 9.5219760325219446884 9.6809655685591380347 16.412734409176984229 11.54266503772424457 9.4131992200227347922 10.122377511746339707 13.844929765510011421 10.796056483849758578 12.106952764163224856 10.185653770525231465 10.74238496538002785 10.67061030739279559 11.210982978847457758 10.467642459697827917 14.355282072649091063 11.740767152871725898 10.80363373865488974 11.254685282088763287 10.917634458408963738 10.94565459356362247 11.199815622564262441 11.558351293454334652 11.74526858882456537 12.007689287505673548 12.149381517754056503 12.064314370475894833 11.84706188609323263 11.919406097798860955 11.76774030013654837 11.63818818233284702 11.434412731018717579 11.618256310760980199
8.7777889948852152457 9.9924530713862118603 9.3340751671407637957 11.153551828960633685 10.125965848178033468 8.4196523935664018268 8.1944949250980059219 8.6459366678136628792 9.4804843169647199375 8.7234652502310190414 12.648182844355360999 9.7974900191592766419 11.449220741624360542 10.660084159902110557 10.31367349284698065 11.78406293323226528 9.1927188381442856979 14.10243430310531032 10.456234804730600629 11.171885812626770829 10.307790008889732292 11.363115188685641854 12.304115074801016405 10.748333052517274666 10.34135803738831072 12.446777384224711582 13.164623114543005045 11.874034080621447274 15.407602234030548516 11.152228022125850515 11.496747011831812912 11.988580697441157952 11.503629233001515075 11.109569175005795216 11.275803470326509981 11.81046682761043165 12.00323425329181326 12.108493207390587543 11.983152635610494485 12.769011286517269355 15.954174299203012666 11.884052822999136012 11.652658452580372028 11.612989636338902244 11.731126058642146859
14.429940452286810881 9.4230462435826076728 11.189206602121474887 9.4338930486013552468 8.5721220526282255747 8.3676323494575175488 8.390976413873897144 8.5573139357514715897 8.7875818750153147363 8.9546433578263506803 9.0361599398757572743 9.4465859308798272309 10.173645997236034688 9.947838113694812634 11.078581649514926966 13.007267373006973443 12.692082119794232398 15.771045792028122179 12.186606419630447107 12.028354052969184806 12.929696047571505702 10.436198399387510705 12.663154763403326797 10.304972235729838559 10.223259560873151131 10.929327645644955069 12.88143302249892308 16.511954784528892759 12.024434483051939182 12.490917404197469764 11.120783965265980342 11.741399944791867327 11.572219449679119307 13.017037788174041779 11.158756844068916436 11.342632458660000694 11.811897218713628632 11.93411445712776775 12.009477170348089814 12.033570091233169563 12.182720745771735693 11.754711580737204457 11.582095778066049618 11.819172246894392941 12.716812321643327977
8.9773231097674131007 9.5059267099224200592 11.921697861461623802 12.777604606573945034 10.282786349093742118 8.6718319325076009818 8.5369265180578874919 10.132459550257214786 9.0755748569060958886 8.999420931350762487 9.8512586963610555557 9.1669076643926477033 12.844545570677162516 13.08303635514691976 10.681352962906343507 10.442508097051753424 10.7108180266487647 11.32430207006249212 12.491912713938544854 10.903385226651749917 12.134048968200053409 14.13248560957941713 9.9953882668730500427 9.7002076965303789535 9.6682770628072063346 10.088615137875402539 12.994247620915732711 13.289475460693530806 12.280188397465416017 15.107810538258425126 11.757670621498872876 11.328336634811096317 11.679176979938603154 11.420381249837655346 12.651952915686049295 11.43563276794095529 11.455808824928773504 11.650864714541487643 11.930293653268165599 12.19054402059730613 12.517356797921323164 11.706162562758297696 11.871549477472024492 12.057838646739376998 12.108694786913716257
10.432139530103272662 11.575052267648494819 12.962273778718159889 9.9518152983500645092 8.8134970302828605782 8.4772586824806666073 10.41122579500610712 10.214941050549423807 9.1260826492506268437 8.8537800832356161607 10.772621592373861077 9.5578082852290418003 9.5087475044778191346 11.058793647745543964 11.273928966115136063 12.069715077779596513 11.760373200508512426 10.400126559398643167 12.778209036868513948 10.782437599653688309 11.018728976250908858 10.16696108977775026 9.4732770458120576507 12.499960108100600209 9.8968521032659744208 9.823488974865247414 11.742299320583049038 14.275266330236307866 11.980914244594515594 13.781860140430799433 14.006115331734729779 13.167824848249459535 11.470663349190273195 11.56435178063589575 10.881953188602176752 11.054389956743726486 12.471503914968700144 11.771705273960352045 12.22395611672743243 12.025425099094855241 11.820283639809121112 11.820100920847588455 12.084968688523526126 13.017523458561660377 12.743036383321360461
11.979662243831642243 10.411985952067684735 10.717731419695823547 9.4309941712844906903 8.7948821640452763404 9.3423787214860674055 12.898941205755670936 10.094122941975541607 9.1785034790112245418 9.1707670384339170511 8.9396989180625521243 9.2754861017916798716 10.681787827276139069 9.6812017290457017538 10.237038924244167504 10.813753920773708117 12.292779557248190159 12.871467009207858467 10.764207887705772748 12.463911937753184844 11.362983293885292824 9.2430461342649330447 9.4197268465273644722 11.022971622543886738 9.7383624059108715443 10.210344645109433515 11.011862227111398838 11.362842120708426918 11.474085619927771873 12.075710332075498599 15.83651241245965835 11.929785327852760801 11.846837645303500253 11.896119384467617408 11.228229317453569891 11.064056618568351098 13.295682463722505062 12.454976211579998235 13.120675449719888306 12.410057232004740868 12.19390201419300368 12.185263569049240573 12.753115964545596484 14.761000627732347112 13.056743693984943278
14.525360735775423748 10.02098349882311723 9.5010825051420333409 9.3391536362191427401 9.476605795750234762 12.960986633325518369 14.659481291538794423 11.962583887368040791 9.1814852140033043071 9.0894253808384508631 9.3804264095714895433 9.5837231427733158284 9.2979251114704091208 12.458311994242350806 10.068936828949965445 10.311681162250435406 12.090658827545722076 12.716688479956317792 10.290759984456956388 10.796213546404246131 9.3061173568770474418 9.5906675230161280155 11.312339639942083025 11.344412436468330085 11.279467246003685332 11.447186711756001998 13.118349509784145823 13.812003662630401024 11.931469876880326453 12.580301771559236457 12.412747627905124759 13.380608556846379287 12.679633634155807798 11.875093318160054423 11.892944252436681296 12.146161904708382195 15.809618978683785073 13.385197675167244569 11.729947560530710859 11.974950897248822557 13.241439878013842701 15.537268547395049367 14.836923647752012556 15.63428037854066055 15.653226736576188571
10.872716434565411703 9.8942230990922119815 9.481365697603241216 9.7301353588443681986 12.27838799421132876 14.231717936757316778 12.109644631894525446 9.4225182972926457836 9.5482404567659404648 12.407015165691209546 9.4988274441387350322 9.4672195297714694107 9.2265725679711216856 9.5487078548784207754 10.07580916968420226 11.699860624397409481 12.200551471007049287 12.770697112918806937 10.258937091953271192 9.7928187127685362157 12.512087737344685934 11.241049992774970079 14.213370420127210636 11.404686190197802276 12.836914043067222835 13.610247693881531106 13.613347402084308158 14.067724467513032849 12.271467143748575168 14.769319494325518605 11.890136127985572401 13.427109994556531092 14.635139228696834479 12.888045493914479067 12.296875912431222133 12.818035625181675385 14.429981898922289218 12.547637036382868203 11.616080237916120765 11.588392110175124827 12.351958436433655208 12.791169763194734088 14.998813871065054926 12.912960806736748509 12.562093836908339028
9.8454075589620444475 9.6323378889850079787 9.7001203576720360644 9.8604794009430349888 9.6839018564562060476 10.745236195469992424 9.644345685341884078 10.503259614979665315 9.559675306550664331 12.493900100119102348 12.153438401304189398 12.060218655954805911 11.257509587730437417 9.2585022476989866647 9.6857586807422002551 9.6920186355624640129 11.519557882136769678 10.288224752740090295 10.194168162039737524 14.383745715375070517 13.653151391181355123 12.30635108803839195 12.057407732739894968 14.896166809334483006 12.974454554317944144 11.492659719449681788 11.886119865265104778 13.349670886678087101 14.264960043390832567 13.530564449272242555 12.819705979847775268 12.474845871549527843 13.259272351552001012 12.721912612391161446 12.654413567276614927 14.668811821272713658 12.761524096190902 13.238384941619766977 12.719422824600647104 11.790066204808992367 11.729083605159670967 11.795892937165211478 11.82555573035253893 11.812930887342327324 11.826011825934118704
9.6973838661352100843 9.5060444797666967531 10.583023708536627439 16.084812980110779534 9.6664941022016357408 11.699258028279107435 10.205604555893279084 10.075729329040326476 9.6308398170599840427 9.6630040443635678571 9.8624762148407683071 9.0176806980503254607 9.4676390573220352564 10.856157454917191529 10.121027500791875298 9.7981893304745106832 9.5917993511181673938 11.099548572075077502 18.529047855117386945 11.782741339217963628 12.164502796843065013 14.641785731107340496 12.110626642814809273 12.881275602801579794 13.880872442576198011 14.686542462386034558 16.204189590206652838 16.40889508232856997 14.816270417164595585 12.219023997900768208 17.456371212690253714 12.575633742399928039 12.403421685468753566 13.081210294202696431 12.457828882796569303 12.654755444852916924 12.572624035821624133 12.769698522637074944 14.226774213720895901 14.798236887248672033 15.774802332086633072 12.354832319887758985 14.791481186203341736 13.780406796970341432 12.769551277646431942
10.731714727412706267 10.026852906841858371 9.9370919104906274555 12.371386289411480774 12.374883821419977892 14.534450795155931857 12.163992635098521689 10.025351792129074013 9.8838875280711473437 12.522510975763525565 11.409274782784072144 13.005523716936972178 10.098544192856824253 13.744151834911024324 10.21491048347271402 9.5068801387097092714 9.8821586311157716409 16.044889260228149652 13.915557856943358672 14.039617844213093889 15.60126751952565094 12.009524527546204808 11.693202441586677764 12.02484998798978566 13.162602513067797716 14.752552997063327567 13.078379767887282625 12.61440009623135694 15.657920784364989686 15.807081635425907606 16.957667238353632655 12.932346576908601676 14.165223949905232814 15.315261019211558136 13.600911391193044153 13.125874643381878926 12.477420297084373502 14.580407676350747082 13.589000954649964825 13.819147931543716012 11.933897079591956114 16.493392049506564234 13.89260062686089725 14.397378326859877617 14.991777707648656914
14.436877792355389261 9.4734511278083921582 12.123827394632256116 18.603021893782884177 10.979721174805192163 11.278026801893378916 11.088489025480653183 10.097861376561892754 12.005986881869436189 13.272564376889976145 10.966917093720569554 12.558923550036627859 13.823097458740999599 11.596727665410396568 9.9338259625850007239 9.8941012373273853342 9.7288551394939926098 10.613724443756813898 16.041174380533849586 12.749816237196727187 14.02406007787424258 14.771616692276740679 14.591880381919489551 12.862361274745680362 13.792223482392966361 15.096706163440499537 19.243376868553170311 16.021306434244738881 13.972727133566399615 15.317385541191157472 12.843762705861049511 13.662818412188794781 14.703762635141059079 14.816546707484082646 11.935663819751852088 12.876118154848835928 12.435988893680484324 12.57533198367610261 14.866193240505689133 13.181436497785677275 12.14321379639731191 15.963989540581110305 15.127565296111663784 15.336809550994422224 12.993511051051667593
10.829063644102262742 9.5830055534103966153 11.813187174630192189 13.549733892698334614 13.532268654383990736 11.045077553456996711 10.353689128266687192 10.767585984732194859 14.544938601532887645 15.288223683852439905 13.353949652635078493 10.357933557989285944 10.295821366563430388 11.133931135842752624 10.526523096621238196 14.021195668066560813 11.768925090918871845 10.225734744875797588 9.7778167390748578214 15.529071469675765016 12.350276648130783741 13.974509552188148831 12.358647673796175681 10.562122333111727102 11.350333770402286859 12.37480291997227333 14.407813626982470367 16.544237566608753554 14.384184432615718663 14.725253927245686825 12.691184892113934524 14.679782606122099509 15.312015244832537064 18.221820847281975375 13.89785253303737278 13.00069143871475319 12.750826615205859582 14.484401803098997163 13.360558935400304037 13.695104877644496355 11.926754066347324823 13.729409731741681 15.777039720403921663 14.995497438420757774 13.964399349142617268
