LISFLOOD_FP/Result/3_dem_raster/combined_dem_raster/com_dem_raster/com_ascii/generated_dem_combined_angle_90_x_0_y_0.asc
ncols        192
nrows        192
xllcorner    1771145.000000000000
yllcorner    5471774.000000000000
cellsize     10.000000000000
NODATA_value  -999
[rows 115 to 137 of 192, columns 104 to 155 of 192]
13.616319297831591228 11.218667455833120528 11.378739836114103667 9.1260427631589795539 9.2629444674493512935 7.1643500373936639392 6.5370004888679806854 6.4742160452661208225 6.6178149510807848799 6.5411900571405459104 6.9236937034618826203 7.2274549362512328088 8.7044255610524405853 10.24699917429632734 13.297436142098804979 8.2641305122025645602 6.6120559845762807427 6.8256646869478103667 7.1975757393969024278 7.1774037764696050345 7.312859520749539044 9.3428141021621051721 9.469617798428132005 11.937206791703180997 22.495702864755866557 10.929590431850085608 10.317278376544710028 9.364395618453196235 9.1932747230264020288 9.1165560033788306527 9.0334988262556557004 8.9075842405230485355 8.8536167662054587879 8.7910474544769527938 8.5616771044509576427 8.6346547992690503293 8.5522295650708919368 8.4990838582247256738 8.5304717215813496978 8.5792377537095294571 100 100 100 100 100 100 100 100 100 100 100 100
9.2724745788505078536 9.3143308304923859708 8.7034861724912087055 8.6537318427915330687 13.930394122843532401 10.929643681220433393 10.756955141567305034 13.766352833039716685 12.290820942253841253 10.051705546837478522 7.9063729249138994248 10.679092972953286633 10.220461821986296158 7.2719970201612387228 7.6378607361480561622 8.1508439754960750889 10.002450027332054461 9.3658379090835701675 11.521491235104166506 9.1043772199493080421 17.347741697453603393 22.973576477039721055 23.588404968420903174 23.015031807514230167 10.570931654379261744 10.465675406297673788 9.2668104019167358842 9.1844484867238538328 9.0960299027106987779 8.9048157531588962854 8.8092872332895204579 8.7530222981327021614 8.7652830723036032623 8.5880971078720982348 8.4954905673551390777 8.5704365497213483849 8.4630522276597481834 8.5358321752193351273 8.4254560074317517149 8.4616568868855903673 100 100 100 100 100 100 100 100 100 100 100 100
12.768441464924414674 16.26669702618552904 19.502661986568408992 17.632119111481699747 9.4774829562379760972 9.8256928839356501015 17.252197876492889606 18.342357053994188476 11.572386824971214736 8.618212520680675226 15.585623425734436154 24.874769789696767219 23.670612481742882238 20.225013330932508637 11.338872673807617986 12.112655185620985421 18.472609884099494337 23.205519743542556199 24.581684380627464748 21.226217812664419426 22.020261870390775982 19.508864191462482296 15.666107327281226347 12.363437138021556194 9.9242792915033639645 9.0526484277476022555 9.002692342925772806 9.0303037663486804831 8.8193909045484826237 8.7505506071112737487 8.6712640372088820584 8.6070518556674215915 8.5357413144447491504 8.4327423511688746061 8.4703532569402266716 8.4618403117875953257 8.442682748019711525 8.4249641407354811662 8.3709113476391578956 8.1804489894221426027 100 100 100 100 100 100 100 100 100 100 100 100
17.299846293334269376 20.07346999820853739 20.342253091249911989 18.018557414631747093 13.231458575124026567 20.296593093082439196 12.970271131617444382 18.038572128173363751 20.469448054827232397 11.76850196220027378 17.206267294549604685 16.892773544896083848 12.034841368579579424 10.555938028293939013 10.35773639803620938 13.621473269778997306 20.022077029423368089 16.02570415143353344 14.659481496753196339 12.792959513662609083 11.532514588813459255 10.856872949490115943 9.4333955450363404793 9.1349764579661165698 8.8989056677668134654 8.8863993483475081092 8.7983748879600014448 8.7716428465038784879 8.6225576480669925417 8.5570961059384131886 8.5020719493245362486 8.4964937588866362717 8.4290823285780707153 8.3376009560343202764 8.4170791144573833265 8.4336709354819561213 8.3763958107803802022 8.3427457680327599121 8.5198784679789341112 8.3991789071959406243 100 100 100 100 100 100 100 100 100 100 100 100
9.5096965815623928364 10.144009844607879245 9.3246850688447562305 9.7886512396827409788 7.4122718578445700999 10.540728020608558069 9.0256322941073232613 8.8781847878629189807 8.3814039488842144721 9.0047120014632433538 8.9365306490635383341 8.9289046731319032801 8.2828883802521779955 8.7231935992650591061 8.4740676594531318955 8.8313357922418322943 8.862099636467247521 8.8383255905665318863 8.892781032928935403 8.9792973394707473744 9.165315085376203541 8.8921062008992546311 8.7841812547360991204 8.6403944946530035764 8.740955327147768017 8.6715463955924310113 8.6175748124689928176 8.5348749221906246021 8.4269374409409820714 8.4665740750137494786 8.3939299992228786351 8.3887154354799484679 8.3822925618661265901 8.3650265736936102456 8.3356241696501776062 8.3627394662419813898 8.21593337500686971 8.2043234423985538228 8.4405281390120876495 8.3198625487100485998 100 100 100 100 100 100 100 100 100 100 100 100
10.513081838665659262 11.009130845523991127 10.431073079983129048 9.1517345689566784728 9.2271740231114751651 9.3308959285734562883 9.2460459844907276761 9.4765958069670137576 9.3524488990905734198 10.385616216935126488 10.031271973816926035 11.135282289311875914 10.586526498347843983 11.856959053809800864 8.7996084356843891072 8.5894808639968296404 8.8045477162785363845 8.5315070353610025222 8.0927409477425022999 8.4266217841504680308 8.4827742127561567287 8.5595460863400916196 8.3775237038629359887 8.3766245169535729076 8.5174451759825604569 8.6059721118155625419 8.4729196301275067071 8.3158737633992174665 8.2374668963008748079 8.2756791653471157844 8.2806225623812714787 8.3156314249521869897 8.2746793831984923884 8.3066994360263901598 8.3214778962204292156 8.2009553158718002663 8.1717429961023739793 7.9032949665807539219 8.3128541180621979834 8.2404786346568528188 100 100 100 100 100 100 100 100 100 100 100 100
10.92605401283696942 8.8421385415524458296 10.247293527296440274 10.938522429536622127 11.245634691966417407 11.291753764850188446 11.216920131254338955 10.841072848993462685 10.553028980041895935 10.769782810021713004 11.804117367319674869 12.023252802111038307 11.493794771677139366 11.173728802877310073 9.1538213876348546449 9.9643512253749566554 11.160606560335482484 11.861213487760885243 10.351618902981352122 10.860866624656315693 8.3399545481015096016 8.2518196174081097638 8.2526818447516756549 8.3300790883269417719 9.148815239690375023 14.540094150955043872 8.8212726776371166437 8.1805783242833527424 8.2432673703540917387 8.1900763477081302 8.1279073414543479004 8.1699556042372183384 8.2060488953410235524 8.2310484045538458986 8.2295395397954393957 8.0895925213126780307 8.3123524563299007184 8.1980326645603085467 8.2205172898579412788 8.2030501316348374274 100 100 100 100 100 100 100 100 100 100 100 100
9.6479145784417017495 10.588511483019066972 11.607365211432203012 12.681626296391858233 12.881729250878246162 12.807631225269236808 11.853157733382861494 9.7967308676450350902 8.6070626702514623219 8.8077258344312454597 10.0205257174118465 11.658165336385405197 12.239583919178784299 10.90233462320743385 10.604805904763949798 12.370859347638166525 12.866987556202413856 13.415461408771967911 13.23174535138350727 11.096555250706584772 8.8448422863633933133 8.3541572572052693602 7.8385171662619415045 8.2581307912526504822 11.613716401973036341 14.778066678980133375 11.609020151938798548 8.237975100342842083 8.1741842936829858246 8.1134915493020542954 8.0885991934907117695 8.1338881687627733186 8.0992586899408660628 8.1057463864490770789 8.0586438340883415066 8.1270101338313125439 8.2499292246105131454 8.1690100300344550277 8.1594248692298592118 8.1411889394668524034 100 100 100 100 100 100 100 100 100 100 100 100
10.378960591207956554 11.299887908085748833 12.475226123603716744 12.830649956749279994 12.97653331515582309 12.467479236016831834 10.958754585344321342 8.5427031549986622849 8.1800957402802705332 9.1325800092760243132 10.686707067142124927 12.369887655355880085 11.967680434891709851 11.694222788914498068 13.714715706288680863 14.730964377950796163 14.824033774706091293 14.620202212768816707 13.70472279690162587 12.877223864526662567 14.767706748627226432 8.5347628622737818915 8.3636748883059031101 8.3253047085006972594 8.1745736520944713988 8.5848449132683395391 9.0221458272745618245 8.292420162246006754 7.9032997619368750009 7.962785506987321682 7.8739641087690950272 7.9320232535852515099 8.0529978583743009324 8.0504021699039824966 8.0537829602228310222 7.6819869005918146598 8.0752354027711827911 8.0948256773446658485 8.0653197370412907929 7.8794346446048733057 100 100 100 100 100 100 100 100 100 100 100 100
11.802279888581995948 12.080768675182472549 12.823350421810326694 12.671380776793633061 13.017189155117359078 11.541944628620164792 9.5707216159696137936 9.231195875605205714 10.140069210985535264 10.994277032702216346 11.268954837541233616 12.44850836720557119 14.054614349296358 14.041033298301709209 14.827520302073915914 15.271440616077043728 15.474685100263631199 14.835231777816046517 13.850549451009189994 11.843595754020261879 8.9748440673100482456 8.2789521523579132634 8.0616746245602275422 8.1386873721939547721 8.8431006853601576978 8.5324423850972568317 8.2443233542176894701 7.9502173948422187877 7.8205680200135638813 7.6586942072485300059 7.5834836398588629791 8.0320504544368240829 8.2978988429611195698 7.9225468971036843158 7.9398517199570370906 7.9391609674944048081 7.8389437443503338088 7.9346331701232122313 7.9041271729319779737 7.8259570128255848687 100 100 100 100 100 100 100 100 100 100 100 100
11.367201674828539382 11.416447298455125292 12.00463446656553046 11.827700273693427135 11.499875147832803179 9.9452815430663257246 9.4536363237600937737 10.399491303136400688 11.455746723642365126 11.463357897644248951 11.808724644262126091 13.26224898419894771 13.668265918743616183 13.826906467507461329 14.497409640750902327 15.290837389859012418 15.751752002480520432 18.492801327156247027 21.391786071709457673 17.854631791980335009 9.3311069137072895074 9.0455317117255731318 8.833400213886587693 8.3875328952549015327 7.9456037671054078331 7.9875724441006976662 8.2298592080913568481 7.9312680595756654967 8.0202230116788673087 7.9739717843454815949 7.8941074972945814991 8.0038944039233914651 7.9719920871978597887 7.7972575805569022123 7.7155447952767399755 7.7152106639140338729 7.7079682468183028377 7.7365562156470426558 7.6215779233310652074 7.6869941388907578883 100 100 100 100 100 100 100 100 100 100 100 100
10.550883805048687947 10.596343308115905302 10.689647179075119965 10.834590466014415 10.086023162617637539 9.1828685932885889542 9.6482392904533060829 10.389610228975437067 10.991933686915556834 11.330811829830379267 11.541563928795566696 12.103067222235264211 12.889227799646553407 13.894155877754840844 14.706336954664493533 15.585817948268887889 16.080879870816023214 20.171043968916197997 21.287036705263922443 22.689091030286537176 21.336487271472368121 18.783359571156175605 18.39822570734703433 9.3614197203193185715 9.1477861816884846746 8.6519141452031167461 8.5988848702185549655 8.7034369151672343889 8.1106278933711397627 8.2749814325055002229 8.1752607405953927611 9.1786674283676745745 9.0118747386799000765 8.4450881948251641518 7.8353867260884619839 7.6321701673571640256 7.5586828499681342208 7.5902228957049384661 7.6128041698518078562 7.5976921963959442863 100 100 100 100 100 100 100 100 100 100 100 100
10.132140619687589833 9.7942547730348898938 9.6467693715883875427 9.5405990286298028025 8.8610470355721346891 8.1627314561781680879 10.024913131227561891 10.648623972377881941 11.094787978101813053 10.35804172292872849 10.80004902005607903 11.57218398265102266 13.967917512541347946 18.874221262774554475 15.323519234010817058 15.934198453709322862 22.021621723147340788 22.7115767806607316 23.073152666003966971 23.029007730560579148 20.148978309613063686 15.214160931055292991 15.845506324798456887 11.316289206786526833 10.754994437302912047 10.211996061770783228 14.221121650231483002 20.374506653060166173 11.700911390876061802 15.451217941433318614 12.05198830372723684 11.805397946560466593 11.834614429425817761 11.174850401194042604 9.6705732775814272628 8.6292208735278013165 7.8801171789408668289 7.6536151441908977233 7.5563266215705802153 7.6429091546011251879 100 100 100 100 100 100 100 100 100 100 100 100
15.227547544146522895 12.367223930691459088 11.031093285268559256 10.590553453729471656 9.1592412905472322393 6.7397549808781374026 7.6614891051130449284 9.5811709792492134596 11.081910927857636651 14.109149160509545595 16.792057686362962698 19.956211285294717328 23.520980144100125386 24.025498190652822217 17.470878028767657497 21.542248354290070012 22.976468106099019906 16.569835262990277869 16.744268357942541314 15.182126491663719747 13.474667515076504287 12.883283913638663876 12.590734553030943133 12.272796181435666085 11.895998400072322454 11.724965325440784625 13.683039832931772395 13.217968960723942118 13.173290031853879256 12.438368104909876877 12.016942070703841239 12.036055435048004014 13.474811889360307049 11.592700060357097769 11.412485514390944275 11.369053176652929693 9.3818573962175761949 8.3415825360840170077 7.4234237209363085341 7.8522550195283207231 100 100 100 100 100 100 100 100 100 100 100 100
19.677174658720932854 17.58123472154041167 16.690142701341642351 14.244402005719917881 8.1984022719649747302 6.2500866238448553602 7.9249292448879478101 9.3385276395689231776 10.598596473280812447 19.076751192000582336 22.863995313819600597 24.153372488437593546 24.570589052073845693 25.060676524655288944 24.09057325404308969 24.533754030138918978 21.70500556595710151 22.612610418778153587 21.956141645083128822 14.184101815703009208 13.246960370462565137 12.858035456327929325 12.600616153504855532 12.416409940696336633 12.305595669933302005 12.302323492302535968 12.456698133118022653 12.486182125997718373 12.299082894130252797 12.105617063972097469 12.252732427992913955 11.992901994511994346 11.97125719726120785 11.616592583788573734 11.327515356651758793 13.205593039850281656 10.901159466664985587 9.9325874339732624918 8.8454012128110868218 8.4336113656653655113 100 100 100 100 100 100 100 100 100 100 100 100
22.213303867227470079 20.256088575267892082 17.485680153513044388 15.570773503866311316 12.470174023690603349 8.1339655147436484839 9.2054376132647508513 15.111228621796975347 20.03185673131496003 22.910097262463821721 25.089229191455668655 24.890992580870410222 27.710515471479777005 27.687021490459443385 26.779711837411337427 25.392120114535011055 21.483473666669144819 24.173586210360465287 18.886405565613070934 12.591743368315460927 13.004376030324046098 13.030238820068806405 12.904837149401693353 12.704601193668839443 12.696061518505167953 12.59931922382479641 12.513259909190415087 12.626372831398024132 12.211419212740356244 11.969715651406334089 11.973792354457279075 12.04152320136681098 12.068431620338854415 11.748369787454452151 11.165666295556201604 10.930806235535342807 10.808710017815768012 10.364430179419180433 9.6768756466127037186 9.3514644089347527256 100 100 100 100 100 100 100 100 100 100 100 100
24.38947378212683148 22.11912647364017559 18.987526140660278884 16.77111690317467918 18.392458579412565456 19.912571815590137447 21.61433453558632678 23.159139165428754836 24.593757427387718195 27.019925403326105595 26.907427522248475782 28.17000460102547521 28.79268666924794573 28.508182239582929185 26.318676960562672917 24.830532325825778628 13.261592162190048327 20.100788103288987685 16.392666608511802906 12.501968277935823437 13.231648613464500386 13.406302296439836397 13.228406430557232198 12.998037156442791229 12.78981105423182818 12.652020081892406012 12.383164911991688228 12.770327854442241389 12.35241860581582074 12.294848790564484986 12.268316241043965675 12.172877521171715287 12.208725687918638769 12.083608068994175611 11.4252016424929419 11.007102323644154751 10.745085382975883448 10.53609805962857493 9.9643009522229366581 9.5832939553779503683 100 100 100 100 100 100 100 100 100 100 100 100
26.792477615669934465 24.115528041766552292 20.897524516869271594 19.667464933368048463 23.659781671050584606 23.308681489174141177 25.2291351432878308 24.320397259401470791 26.585794953160757359 28.460000000000000853 27.973946344148274079 29.271172239276822324 29.385888444215591875 29.209265056293048701 27.948286774000884236 24.462005568446869574 24.724310757123756588 26.066837701815707362 14.257745079110474506 12.960047182522215437 14.028691768824005592 14.134955927991166291 13.941221286042042138 13.425956980891248449 13.063495243239708898 12.611660189889748906 12.572441040144266111 12.832623918656157258 12.495000251990653339 12.598977060020327912 12.492081202072437662 12.221755357108600393 12.189071440691783721 12.261008920047267168 11.821558463418877949 11.459376209638190147 10.738512284207232028 10.679660390599622133 10.324091277438412817 9.9171272966485943812 100 100 100 100 100 100 100 100 100 100 100 100
27.943762779046259936 26.242878413207705535 23.951393117309439873 21.955677270697616876 24.033117059883664979 25.498283534159366326 26.289445847533936984 24.676533967873822917 22.794513439756784123 26.555012446096306178 27.033577227844098445 28.250882383553612698 30.279462333275589003 30.397541875856031623 28.964289786406279603 27.662196416622812478 21.464643721095242768 19.152711761273717883 13.791381749617540819 14.526050856700800651 15.074544489323605134 14.980196600133066198 13.996295809709264901 13.052037779798908446 12.502248918665237909 12.741481163817839573 12.833319541867897584 12.384378664341692655 12.58176883408391511 12.496394341619140533 12.581424087698252379 12.51247657090095089 12.107422362770696722 12.631387078443928829 12.141839156567268532 11.458921726413388242 11.05867564133511749 10.755679167393445539 10.570279391985295092 10.260287785307948383 100 100 100 100 100 100 100 100 100 100 100 100
29.973066312147462753 26.480449570266493708 25.145161783068051164 23.868087745537753364 23.894303767680877826 27.028973721847290079 25.269878556170230155 24.679067472319864862 27.606287283435655411 29.536865870349320318 29.897352062603765432 31.274178601130646626 32.389880964304879285 32.618236647414143192 30.336152325485041814 28.135120584747276951 29.28652918037408881 12.714273787056898257 16.020958036809780367 16.57894509387050519 16.152481454195044108 14.745765386367267524 13.450819866685291615 12.815649042483165942 12.743104260931932714 12.435165617768937807 12.374718581117926774 12.461227150049722923 12.49622863576000853 12.496375007063441842 12.307390515223627148 12.240697523691247639 12.432375091884011908 12.348896991469331397 12.406837877141491333 11.626570031068705902 11.18020498152317721 10.79868593454252057 10.587974738579919887 10.379349009312445418 100 100 100 100 100 100 100 100 100 100 100 100
31.147140258075751262 28.954385364778740808 26.114341064883664245 24.058654241444649813 27.251626258672047243 28.148534282594937395 26.673870093823985883 27.418474139898016517 30.088865717229158037 32.480735115629876475 33.739004172638686896 32.942275798593307456 36.073667161145557714 35.786178199194615956 33.897831883205917336 31.009714414878470023 29.425596902627869866 25.013876215971848183 18.743404071540446409 18.055061725762737268 17.132715942282985111 14.781319046729434419 13.355533714967148029 12.906863514784570057 12.531326598449496146 12.43002883305254791 12.647987303352280719 12.490297376953696684 12.700441155758600331 12.419340637781143499 12.329931220463365094 12.427909392208464467 12.457404491715900363 12.142105517820452221 11.854452902682757198 11.649177358836434237 11.214919629818476565 10.845763514063166966 10.587503862167645607 10.39601878457522055 100 100 100 100 100 100 100 100 100 100 100 100
32.929837631118502372 29.995310042217845137 26.618184896256387617 25.136726634371605371 26.795847297861019598 28.610826497205231078 27.651466762076850614 31.150975675388956176 33.970838516716533206 36.051547735931904981 37.192743632979478718 35.624837439376456416 36.682491739011936716 36.44673110932806992 34.385141102159828108 31.061879555463139724 27.862258841351664529 24.730681085920043216 21.016343519619184121 18.613214639173172316 16.730749137685577921 15.302659058774660039 13.929137612170212179 12.967573820668382822 12.900206971930300526 12.378304800279899212 12.518476173878360314 12.4278208828338812 12.338732849425070981 12.417816277447618845 12.456857833605788244 12.540922100840798947 12.422905469890734409 12.053103483265143581 11.788918846326508216 11.407398175568408405 11.068606211795792404 10.766805665420397631 10.545803572755685806 10.428075221458788846 100 100 100 100 100 100 100 100 100 100 100 100
34.692046891577689394 30.773311487635968575 28.552190588553351347 25.733752320520551393 25.576387611397279898 28.515004299457718417 30.183293873142243768 35.481386854945220932 36.258571871557649047 38.875089451064368973 39.350175560429825339 37.510987269738357952 38.161902656820586799 37.039690038747401957 32.606248691184170241 28.64156806352394824 26.092245181257482045 24.341147981423819857 21.601526945444668115 18.596690705499355545 17.336186009367455796 15.525788535920185041 14.150425046119822881 13.466760373368988013 13.195964014885825932 12.595131047235142319 12.437242153984120918 12.369237410122840615 12.350844706630855541 12.359010195768961538 12.60712945203219526 12.936554234932799545 12.431425392229623839 12.012247823843129169 11.675706538029608339 11.285993128140562547 10.977211967446173446 10.812181657670043577 10.646768244395079961 10.52809997042625767 100 100 100 100 100 100 100 100 100 100 100 100
