LISFLOOD_FP/Result/3_dem_raster/combined_dem_raster/com_dem_raster/com_ascii/generated_dem_combined_angle_0_x_0_y_0.asc
ncols        192
nrows        192
xllcorner    1771145.000000000000
yllcorner    5471774.000000000000
cellsize     10.000000000000
NODATA_value  -999
[rows 120 to 139 of 192, columns 135 to 179 of 192]
15.607650741466914113 14.374034745195023888 16.71126953197587639 14.755963049613372462 19.259581565673151715 14.527405447480486345 17.337197419924887498 18.02525031383886045 24.154407596967743643 27.616876868895246844 28.273265041264885156 26.660596200877417772 22.925691983779064032 26.306042997053896926 26.725434558443296851 25.273089655907650553 23.541934594651323209 24.326748937656073934 19.483967457451019101 15.54497866505335324 16.008187852540324059 15.506523260774843109 16.883901712138325024 18.195877526746272679 15.675581965259709705 15.212229586941408144 17.555719982347799402 17.912373276045933324 18.53877800880410831 18.159370114268618579 16.056082916076771738 16.402620157244925281 16.419568812394917501 -999 -999 -999 -999 -999 -999 -999 -999 -999 -999 -999 -999
17.009765604598445776 16.835975047415136174 14.563668564906922853 14.945719574500857973 17.14689114909938894 16.730124594495791257 14.804485380181489518 22.632573749793685636 28.072386497236529124 29.873006748527675569 29.71281064214868195 28.226615672856606665 25.055879532730671144 29.306212007504221617 28.822342821734093121 27.855757102810585479 29.193912529309233861 28.712230074536254421 24.713036500061171807 21.502275216734641816 26.961519514460896119 19.555532103438221014 17.460922486743019277 16.220479646795666895 15.64647489502926625 15.323336637480906575 15.605760703745348295 16.938718016834915403 17.687047300339443723 18.740296828642335925 21.390796363408327352 16.619203892270579814 16.367952097074436324 -999 -999 -999 -999 -999 -999 -999 -999 -999 -999 -999 -999
16.043444547906833719 14.955087114030353845 14.195300531698594071 18.66915076235229165 18.56598201903365819 16.42975197243832497 15.805769244345526658 27.957914191383910207 29.206851522907573582 27.00147899429226328 28.919538789965777426 26.624790657383716308 22.069679848364323504 31.190628831996196624 30.850454929266888371 31.603092208992372036 30.302281732976680928 19.763488286542074235 24.079403913939930959 28.382915167001709023 26.777891838544874759 16.798255069172363108 19.066627383671594487 18.886187611828194832 15.912272192508565283 15.479814461950189397 18.142999778002192102 16.867445811348972029 18.958939056385382571 23.213693232484601481 22.875121371674936199 17.119257395776923403 16.536616097881552179 -999 -999 -999 -999 -999 -999 -999 -999 -999 -999 -999 -999
15.820672933631074741 15.713428357070382546 14.872542613500925768 15.473416507618772187 16.337930775834291097 21.655434281927242068 23.555058966470785009 28.524158246033898934 28.733542382896512635 30.585460336757947175 27.071297045775445156 18.820205670629079009 26.14757709974746902 28.692255336261279552 30.300519766931738985 22.082394149926152238 29.945128288329460275 30.210075568847042149 28.218024990443261402 29.76873798221075873 28.151325844258874298 17.311650164598113122 19.13658079428338965 17.832773734312844738 17.542665613270340685 15.717306726773792036 16.150857746200731668 18.048643441997320735 17.912158475876349684 18.380789963293448608 18.318567623183181325 19.338918044508517369 17.102756572796533163 -999 -999 -999 -999 -999 -999 -999 -999 -999 -999 -999 -999
18.66497856354092022 14.701882531081984951 28.432082182380465696 17.249234289944933352 15.047526380090060272 21.357247526654280279 23.421828806636153075 26.004617664670934829 29.754708565816070376 30.796299752562479313 29.76059947555198093 24.197759094596221985 17.689670462509777593 19.605555223517995955 27.215930231711610077 22.749029598582275469 28.123173129230213618 31.840895711524861866 27.94065200999691001 29.576917132698692825 25.658967724678703348 18.003810763731998179 20.550429137408347202 21.358940965970681702 19.838639066260562061 16.176751808816440814 15.928177012075350305 18.998388493147459144 18.956578419207691155 16.998141467028670348 18.568902768920654722 18.986997155130104886 19.170649781379960785 -999 -999 -999 -999 -999 -999 -999 -999 -999 -999 -999 -999
17.488916196230686495 19.144334248492494766 20.767489292292562908 13.291288936937080578 17.897439244229548905 14.622278357523345704 20.550777786513112488 25.886842054216877784 24.750655506657590621 29.482749300085082211 26.433249118829682089 27.294491455141436376 18.258558601115787212 27.742253595071879602 30.831257889656388471 32.823715073671522191 31.404642554618053651 26.158636538178669184 27.610232246226480868 29.595995473393536201 29.522638125657277186 26.00235241914291251 26.028517161564721505 22.54551993846498803 18.189781539220149398 18.874911041732993056 18.14505116460021128 17.434381818124219166 17.467300108759996391 19.041015689941581002 20.991904689103353832 17.950224406673982003 16.617164660392852227 -999 -999 -999 -999 -999 -999 -999 -999 -999 -999 -999 -999
17.333862038112002324 18.139218872166761543 15.61708474022789872 13.618538650735089846 20.291039292091358703 16.458188508219944168 13.927336567571076742 16.13480010304109058 16.894162981966939441 22.305845292821157244 23.974293755872118084 28.25770833857892228 28.417304666815727643 25.601833694058676372 27.981387399763310242 27.334016060470126774 29.041117751042477835 27.837919143653760301 27.128210915420261529 31.341389612497852823 30.563664481082220448 29.277103147665066274 27.460962031527447635 19.916323888639478668 19.864950286094760656 20.284701855661854353 19.240177667764044145 18.732482796148502757 18.785301517350575295 17.514911128492101966 19.701980841799741739 17.752607144410404771 100 -999 -999 -999 -999 -999 -999 -999 -999 -999 -999 -999 -999
15.982940463548494847 15.151847522108985444 13.324150919902118417 15.938615340053948088 18.478041538852529868 22.297845066663285252 18.346317969078658194 16.367473773100211787 15.353777867396008361 15.782209299767986366 15.540686587772514216 14.861384914817891811 22.661773847384946379 25.733198572208848987 22.012629137988824368 25.813621025828044964 28.791236109893663553 24.441032885986974321 28.891674276062463633 30.706997248287063229 26.641783541049566253 30.324711529071706195 30.730403835372115395 20.792172996442751298 25.837650617823136656 18.46589404907598464 24.762317297562919549 18.615690469665441498 21.390707811062739552 20.03866483118815367 25.119870119324936297 16.790655402183016776 100 -999 -999 -999 -999 -999 -999 -999 -999 -999 -999 -999 -999
14.637221904193914668 15.400239768956703656 12.471675756748366481 17.016096950609746585 20.490149573788347226 18.225045254438590803 15.594521448216905668 16.120528786294794799 15.906165160558776606 15.494515718520604608 15.497181585669453696 13.580508873373130285 15.965333992891050485 16.468117238104877487 16.51835470919047566 15.782386998564074787 21.021695637228273057 25.526711629551936511 29.82973096577797989 28.628462693381457882 30.162541440483057187 29.516247885178479748 31.096181838513185625 22.181693009350606616 22.940537205297449219 17.911830157509310624 20.084865054217257097 16.240622501452083526 19.6651437018042472 18.732153440486840168 24.587002191983401644 20.888263167538937637 100 -999 -999 -999 -999 -999 -999 -999 -999 -999 -999 -999 -999
15.353362924763287012 14.211573739536408567 13.763163055071320429 12.928248689854743958 14.831536861718207732 22.232387780509146324 15.723705972970520861 13.68061725600604106 15.045421763187789566 15.356803343720883959 15.152717834280807097 15.544409279742602337 13.502948680634061063 15.085370475898402631 14.680368053706320808 14.807714534891596614 15.370711573225110058 16.888480050566531787 23.715690113449113596 24.272797660437706924 24.196234474525809333 26.510932596198099276 27.678003016242275436 25.865920054969855357 22.343351839984155305 17.822254952271656236 14.67022884659814963 16.559826787561465977 20.868504479400904472 16.426505677356182389 19.288879567693239636 22.995350129945620665 100 -999 -999 -999 -999 -999 -999 -999 -999 -999 -999 -999 -999
14.583882750540187345 14.697450489400193163 13.872451379189080001 12.987646862264746517 15.808643442504214605 24.174685702174695479 12.885947816692670642 12.808165095561458102 14.970753201975437463 15.333201327955574556 18.404705102915112747 14.814286277061905039 14.578089036724520611 14.659177188119885571 15.273956861925391593 15.51772864203809732 14.151191574192965916 14.325748570632974577 16.517117478648930984 16.567044515053556353 20.246243886567736325 23.119665216105641292 20.289519510151656334 17.245330297028473865 19.702523902788641408 14.387376314402009925 14.722212913753070396 21.696720954802234615 28.281853028869857525 15.575864845893596211 14.957985965104843018 14.71086027479189795 100 -999 -999 -999 -999 -999 -999 -999 -999 -999 -999 -999 -999
12.596044213320197969 12.353612238330981654 12.433710342917470015 12.572048661536241454 12.988858673707950331 13.707766250620228021 12.895067115712455674 12.86028852904730968 12.969634108448133247 13.227640709865854163 15.146418809320145726 15.611392471834630413 14.80051847798381992 14.819598570858325104 14.813271619672146784 16.841997940507077658 15.535903635978046466 15.036239054864227072 14.983633037581755687 16.140311426469885703 16.722242733173548146 18.41520917508152877 15.097676521564920904 15.07133464900616282 15.426275583039108952 14.443812506243023819 16.574120135894251149 15.053299736532036235 17.260863665221371832 15.152761138936265084 14.727816603926427774 14.921640030105674413 100 -999 -999 -999 -999 -999 -999 -999 -999 -999 -999 -999 -999
16.629175306720505034 12.827034272830374562 12.34382925812353804 12.280200407952058583 12.353015748564104115 12.680903021616616755 12.852526016979691548 12.867414500261965316 12.904226644172611671 12.93210471254949212 13.242179333633272265 13.59008286654570874 14.230409011253239981 14.060926401428135435 15.265938363725512161 15.578823619557216063 14.636153930966807835 15.24872367849250665 15.307515765836877009 15.514798274433475811 16.068906701633196121 17.842610412351046278 15.156747623661704694 15.159483908169246291 15.217503225790560251 19.752202882840478537 18.479254987019380962 15.032493023409131183 14.777821687508801318 15.100360174877000219 16.666209455616662893 15.069088945574810268 100 -999 -999 -999 -999 -999 -999 -999 -999 -999 -999 -999 -999
11.227310114756051007 14.721260030247478312 14.423316720361961885 12.381266505690749824 12.388413157104618989 12.551531187111152121 12.627728270478851158 12.976104801500246921 13.705223947125237061 13.109802244407779526 13.136106618175555028 13.18000346915144938 13.482814492934215522 13.786031824323105255 13.778719150169502328 13.90882523061388909 13.914169386173666609 14.024505475663177734 14.105853514767572321 15.049886664931582558 19.231647088613009089 18.967846375057082042 15.255420171865573309 16.449158612180191597 16.032122272879540503 16.625945557066174274 16.236775499709278137 17.345830432709920643 15.965524790843732106 17.128656775111309685 15.07107439759212042 14.722961392234124034 100 -999 -999 -999 -999 -999 -999 -999 -999 -999 -999 -999 -999
9.8090523252732921833 10.152944603336999663 11.44736498243059053 12.294479625498151876 16.530988687585654873 15.591525460549226167 12.845603036505051975 12.965079357675906024 12.808152692279293206 13.24551739045474541 13.600189011067628897 13.624322098150592808 14.96659149114398879 17.056549490643963196 13.524736270194965826 14.089544313776807272 13.960355622700195255 13.878135777612223833 14.180417904813257479 19.758654593973052016 24.957197196998723854 19.130560595982164074 16.215904928900624071 14.889278501916502151 15.371647658536859993 23.04222021997584946 18.718588673484774176 17.333012898043694605 19.197386325233665616 16.199732211616382216 18.840454426444640745 15.74269591467845153 100 -999 -999 -999 -999 -999 -999 -999 -999 -999 -999 -999 -999
11.2883129582408408 10.211380239876994835 9.9906429504254035123 10.425268139072935369 16.264822349936530088 15.943460956723606969 11.97909854394329443 12.684716166045275187 12.347683749887915283 13.629832648117130134 17.761272253052762693 18.416310299853229537 18.261807987369714112 17.878432353996863924 18.77418061932884541 19.389285554214897189 15.443342170875357766 16.900776490727178469 17.65217856761809756 17.299569288000238743 15.021293560299703529 13.288981068150889087 19.129509215740558403 17.079848116471026742 14.013276147391307447 13.379933490750259395 15.35878745166490944 13.27616524243568108 15.460312548569074664 15.739037930738739135 19.787361349781708242 15.726155073447763755 100 -999 -999 -999 -999 -999 -999 -999 -999 -999 -999 -999 -999
18.705976270372172365 16.963873100259192483 11.393821093402189959 10.395655489042670894 10.374162669700631056 10.272390690769391597 10.202356315322656855 10.530486016157196261 10.419371052457147897 10.395450461671833509 10.80381689540515211 12.1247154980792331 12.01116032885917484 13.267832797847745496 14.162702279657557014 16.016200270044286924 12.280890308582726789 12.450782362463097996 11.990352229736490841 11.280321245611380832 11.189730272745736173 11.247932057707053843 11.729840271713094069 11.729858326227194709 11.715381032993832378 11.77403808225596471 11.64695350782875316 11.593359498632958449 11.526552108219528137 11.193165645720712931 11.411998140225152909 11.776423817495647484 12.043080624016580416 -999 -999 -999 -999 -999 -999 -999 -999 -999 -999 -999 -999
12.981373259881941351 16.913427339615747513 18.158082336835335013 18.179879609104755644 16.501301469502216435 12.054539309298403893 10.806691342407837908 10.597613739435409741 10.255279172782179486 10.287605286608398458 10.261595827815426674 10.630964418077400779 10.393614966534522992 10.534704818997434828 10.751585220161629763 10.929899645551744314 10.789137406206936731 10.785447954964642037 10.799569875237015282 10.844261991933956679 10.961106012825384326 10.918484576709218459 11.015257251195604837 10.795721118793501603 11.052487687642404524 10.885172438780010395 10.776134721858946719 10.898585556508274763 10.843416955802938517 10.893754402539446602 10.941998870992822646 11.038011879815453398 11.180236589944376746 -999 -999 -999 -999 -999 -999 -999 -999 -999 -999 -999 -999
18.460957038993456081 17.437282558667480004 14.278019894789425237 15.619401054124278261 18.797417153444989424 17.805001894593992517 16.493217155683367992 20.653494004557632735 19.334422512475232026 13.056479848684301004 12.354502085447515825 10.952034651359200623 18.245382073522986133 16.988461355818326837 15.063316890837699091 11.734604014956808271 11.023744380246180086 10.580784418622238618 10.44963124057806958 10.627584307497603078 10.533957190684988703 10.730249261472840416 10.745231224109744517 10.775250261593761536 10.833146943681475349 10.912202071479063292 10.729899187250657278 11.063586349002047626 11.198275317345071755 11.256436674167204615 11.311692833561222571 11.548815735354747147 11.456931544852295701 -999 -999 -999 -999 -999 -999 -999 -999 -999 -999 -999 -999
24.36808291612168631 23.145342836226419081 22.508620128053301812 13.769034540817079559 14.551485764494454855 21.220458904815959755 13.316027800537872494 14.283234612015345277 14.138081728697928341 13.279068502389895556 13.640144930839756654 15.836498557439023571 18.221738270671242077 22.601529065339242663 22.488632834337444422 20.885305120186327343 21.063704389579406495 13.595446096155658466 12.193014038969234747 12.658987148064090533 11.679033907917677482 11.696013536763190999 11.632756869202642847 11.722321254610953645 12.652734069783161175 12.26946399319189851 13.336690025013144378 12.753243181067226431 15.821649247379902192 12.67899196882147983 19.698669390152790726 15.555526922881096397 13.22315254180231392 -999 -999 -999 -999 -999 -999 -999 -999 -999 -999 -999 -999
