LISFLOOD_FP/Result/4_LISFLOOD_FP/combined_output/combined_angle_45_x_0_y_0/out-0012.elev
ncols         192
nrows         192
xllcorner     1771145.000000
yllcorner     5471774.000000
cellsize      10.000000
NODATA_value  -9999.000000
[rows 84 to 111 of 192, columns 64 to 127 of 192]
-9999.000 -9999.000 -9999.000 -9999.000 -9999.000 -9999.000 10.347 10.361 10.500 10.592 10.630 10.714 -9999.000 -9999.000 -9999.000 -9999.000 -9999.000 -9999.000 -9999.000 11.540 11.540 11.528 -9999.000 -9999.000 -9999.000 11.177 11.070 -9999.000 11.140 -9999.000 -9999.000 -9999.000 -9999.000 -9999.000 -9999.000 -9999.000 -9999.000 -9999.000 -9999.000 -9999.000 -9999.000 -9999.000 -9999.000 12.374 12.374 12.374 12.375 12.381 12.522 12.543 12.547 -9999.000 -9999.000 -9999.000 -9999.000 -9999.000 -9999.000 -9999.000 -9999.000 -9999.000 -9999.000 -9999.000 -9999.000 -9999.000
10.689 10.685 -9999.000 -9999.000 -9999.000 -9999.000 -9999.000 -9999.000 -9999.000 -9999.000 10.653 11.222 -9999.000 -9999.000 9.477 -9999.000 -9999.000 -9999.000 -9999.000 -9999.000 11.630 -9999.000 -9999.000 -9999.000 -9999.000 11.241 11.200 -9999.000 11.142 -9999.000 -9999.000 -9999.000 -9999.000 -9999.000 -9999.000 -9999.000 -9999.000 -9999.000 -9999.000 -9999.000 -9999.000 -9999.000 12.373 12.373 12.373 12.373 -9999.000 -9999.000 12.553 12.553 12.553 12.553 -9999.000 -9999.000 -9999.000 -9999.000 -9999.000 -9999.000 -9999.000 -9999.000 -9999.000 -9999.000 -9999.000 -9999.000
10.694 10.700 10.701 10.693 -9999.000 10.698 10.692 -9999.000 10.692 10.695 -9999.000 11.482 -9999.000 -9999.000 10.291 -9999.000 11.815 11.815 -9999.000 11.699 11.701 11.727 -9999.000 -9999.000 -9999.000 11.262 11.231 11.193 11.145 -9999.000 -9999.000 -9999.000 -9999.000 -9999.000 -9999.000 -9999.000 -9999.000 -9999.000 -9999.000 -9999.000 -9999.000 -9999.000 12.373 12.374 12.372 12.372 12.371 -9999.000 -9999.000 12.553 12.554 12.554 12.554 12.555 12.556 -9999.000 -9999.000 -9999.000 -9999.000 -9999.000 -9999.000 -9999.000 -9999.000 -9999.000
-9999.000 10.697 10.699 10.697 10.697 -9999.000 10.698 10.702 10.690 10.694 -9999.000 11.491 11.507 -9999.000 11.473 -9999.000 11.815 11.815 -9999.000 -9999.000 -9999.000 11.750 11.756 11.765 11.774 11.745 -9999.000 -9999.000 -9999.000 -9999.000 -9999.000 -9999.000 -9999.000 -9999.000 12.205 12.205 -9999.000 12.205 -9999.000 -9999.000 -9999.000 12.386 -9999.000 12.388 -9999.000 -9999.000 12.371 -9999.000 -9999.000 -9999.000 12.554 12.554 12.554 12.558 12.559 12.561 -9999.000 -9999.000 -9999.000 12.607 -9999.000 -9999.000 -9999.000 -9999.000
-9999.000 -9999.000 10.698 10.699 10.699 10.697 10.697 10.698 10.697 10.694 10.697 -9999.000 11.522 11.531 11.566 11.616 11.789 11.815 11.816 11.817 -9999.000 11.787 -9999.000 -9999.000 11.838 11.867 11.879 11.893 11.907 11.953 11.987 11.993 -9999.000 -9999.000 12.204 12.205 12.205 12.205 12.202 -9999.000 12.387 12.387 12.387 12.387 -9999.000 -9999.000 -9999.000 -9999.000 -9999.000 -9999.000 12.554 12.554 -9999.000 12.559 12.561 12.564 -9999.000 -9999.000 12.599 12.623 12.624 12.616 -9999.000 -9999.000
-9999.000 10.698 10.700 10.699 10.699 10.699 10.697 10.698 10.698 10.694 -9999.000 10.699 11.325 -9999.000 -9999.000 11.722 11.798 11.814 11.816 11.818 11.821 11.819 11.844 11.850 11.855 11.874 11.877 11.893 11.911 11.954 11.985 12.007 12.182 12.195 12.204 12.205 12.205 12.207 12.208 12.209 -9999.000 -9999.000 12.386 12.387 -9999.000 -9999.000 -9999.000 -9999.000 -9999.000 -9999.000 -9999.000 -9999.000 12.555 12.559 12.562 12.568 12.580 -9999.000 -9999.000 12.627 12.629 12.630 -9999.000 -9999.000
10.701 10.700 10.700 10.700 10.701 10.698 10.699 10.698 10.698 10.693 10.694 10.695 10.696 -9999.000 -9999.000 -9999.000 -9999.000 11.815 11.817 11.821 11.824 11.821 -9999.000 -9999.000 -9999.000 11.901 -9999.000 -9999.000 -9999.000 11.955 -9999.000 12.136 12.173 -9999.000 -9999.000 12.203 12.202 12.165 12.209 12.211 12.329 12.382 12.384 12.394 12.421 12.426 12.428 -9999.000 -9999.000 -9999.000 12.526 12.536 12.550 12.560 12.568 12.581 12.591 12.593 12.615 12.626 12.629 12.632 12.633 12.633
10.699 10.699 10.699 10.700 10.702 10.699 10.697 10.696 10.695 10.696 10.691 10.691 10.615 -9999.000 -9999.000 11.814 11.814 11.815 11.817 11.827 11.829 11.830 11.833 11.833 -9999.000 11.925 11.930 -9999.000 -9999.000 11.956 -9999.000 12.164 12.176 12.178 -9999.000 12.201 -9999.000 11.029 -9999.000 12.287 12.330 12.362 12.381 -9999.000 12.424 12.427 12.430 12.435 12.460 12.488 12.503 12.529 12.547 12.568 12.580 12.592 12.597 -9999.000 12.622 12.624 -9999.000 12.633 12.633 12.634
10.699 10.699 10.700 10.700 -9999.000 10.696 10.693 10.695 10.694 10.693 10.692 10.690 -9999.000 -9999.000 11.036 11.683 -9999.000 11.717 -9999.000 11.828 11.830 11.832 11.839 -9999.000 11.929 11.930 11.935 -9999.000 11.956 11.957 12.096 12.174 12.177 12.183 12.190 12.199 12.202 -9999.000 -9999.000 -9999.000 12.331 12.352 12.378 12.401 12.422 12.427 12.432 12.439 12.453 12.476 12.499 12.525 12.555 12.582 12.593 12.601 12.608 12.615 12.621 12.626 12.630 12.633 12.634 12.634
10.698 10.697 10.700 10.701 10.695 10.694 10.692 -9999.000 -9999.000 10.693 10.692 10.691 10.693 10.695 10.797 10.722 10.721 10.885 -9999.000 11.830 11.831 11.833 11.853 11.890 11.921 11.935 11.939 11.947 11.954 11.958 11.967 12.131 12.177 12.184 12.191 12.201 12.206 12.215 12.231 12.247 12.315 12.346 12.363 12.388 12.422 12.428 12.432 12.439 12.450 12.470 12.501 12.536 12.575 12.592 12.601 12.607 12.611 12.615 12.622 12.629 12.631 12.633 12.634 12.635
10.696 10.697 10.699 10.700 10.698 10.694 10.693 10.692 10.663 10.693 10.691 10.691 10.693 10.693 -9999.000 -9999.000 -9999.000 -9999.000 -9999.000 -9999.000 11.820 11.831 -9999.000 -9999.000 11.933 11.938 11.941 11.949 11.954 11.958 11.962 12.120 12.169 12.170 12.184 12.207 12.209 12.214 12.161 12.240 -9999.000 -9999.000 12.358 12.370 -9999.000 12.430 12.432 12.437 12.445 12.453 -9999.000 -9999.000 12.590 12.603 12.607 12.612 12.616 12.620 12.624 12.629 12.632 12.634 12.635 12.636
10.697 10.699 10.699 10.699 -9999.000 10.691 10.694 10.690 10.689 10.690 10.691 10.693 10.692 10.694 10.699 -9999.000 -9999.000 9.554 11.611 -9999.000 11.756 -9999.000 11.935 -9999.000 -9999.000 11.940 -9999.000 11.951 11.953 -9999.000 11.962 -9999.000 12.169 -9999.000 12.210 12.210 12.213 12.220 12.229 12.235 -9999.000 -9999.000 12.335 -9999.000 -9999.000 12.430 12.430 -9999.000 -9999.000 -9999.000 -9999.000 -9999.000 -9999.000 12.610 12.613 12.616 12.619 12.621 12.628 12.631 12.634 12.635 12.636 12.637
-9999.000 10.700 -9999.000 10.699 -9999.000 -9999.000 10.697 10.689 10.688 10.684 10.689 10.692 10.696 10.697 10.700 10.699 10.697 -9999.000 11.666 11.666 11.668 -9999.000 11.935 -9999.000 11.941 11.941 11.943 11.949 11.953 -9999.000 11.962 -9999.000 12.169 -9999.000 12.210 -9999.000 12.213 -9999.000 12.234 12.235 12.266 12.286 12.298 -9999.000 12.398 12.407 12.412 -9999.000 -9999.000 -9999.000 -9999.000 -9999.000 -9999.000 12.615 12.617 12.619 12.622 12.626 12.630 12.633 12.635 12.636 12.637 12.638
-9999.000 -9999.000 -9999.000 -9999.000 -9999.000 -9999.000 -9999.000 -9999.000 10.692 10.687 10.690 -9999.000 10.698 10.701 10.701 10.702 10.699 -9999.000 11.665 11.656 11.612 -9999.000 11.935 11.937 11.940 11.942 11.944 -9999.000 11.954 11.955 -9999.000 10.501 12.154 12.209 12.210 -9999.000 12.214 12.222 12.236 12.238 12.263 12.280 12.285 -9999.000 12.397 12.395 12.395 12.393 -9999.000 -9999.000 -9999.000 -9999.000 -9999.000 12.617 12.619 12.623 12.626 12.629 12.632 12.634 12.637 12.638 12.639 12.640
-9999.000 -9999.000 11.053 -9999.000 -9999.000 -9999.000 -9999.000 -9999.000 -9999.000 10.684 10.694 10.689 10.700 10.701 10.703 10.703 10.705 10.706 -9999.000 11.228 11.507 11.769 11.897 11.920 11.928 11.944 11.946 11.948 -9999.000 11.956 11.956 -9999.000 -9999.000 -9999.000 12.210 12.211 12.212 -9999.000 12.238 12.255 12.266 12.270 12.271 12.268 -9999.000 12.374 -9999.000 12.373 -9999.000 -9999.000 -9999.000 -9999.000 -9999.000 -9999.000 -9999.000 12.628 12.630 12.632 12.635 12.636 12.638 12.640 12.643 12.644
11.049 11.052 11.054 11.056 11.057 -9999.000 -9999.000 -9999.000 -9999.000 -9999.000 -9999.000 10.698 10.700 10.701 10.704 10.705 10.707 10.708 10.711 10.721 -9999.000 -9999.000 -9999.000 11.924 11.941 11.944 11.948 11.950 -9999.000 11.958 12.178 12.206 12.207 12.207 12.210 -9999.000 12.213 12.214 -9999.000 12.267 12.267 12.267 12.267 12.268 12.291 12.345 12.349 12.352 -9999.000 -9999.000 -9999.000 -9999.000 -9999.000 -9999.000 -9999.000 12.631 12.633 12.634 12.636 12.638 12.640 12.644 12.646 12.648
11.050 11.054 11.057 11.061 11.064 11.067 11.070 11.072 -9999.000 -9999.000 -9999.000 -9999.000 10.702 10.703 10.704 10.705 10.708 10.709 10.710 10.712 -9999.000 11.036 11.720 11.906 11.921 -9999.000 11.952 11.953 11.958 11.958 12.177 12.206 12.206 12.207 -9999.000 12.213 12.213 12.243 12.266 12.245 12.267 12.267 12.268 -9999.000 12.272 -9999.000 12.350 12.350 -9999.000 -9999.000 -9999.000 -9999.000 -9999.000 -9999.000 -9999.000 12.635 12.636 12.637 12.638 12.640 12.642 12.645 12.648 12.652
11.051 11.055 11.057 11.061 11.064 11.069 11.073 11.077 11.081 11.084 11.086 -9999.000 10.930 10.704 10.706 10.708 10.708 10.709 10.711 10.712 10.714 10.723 -9999.000 -9999.000 -9999.000 11.953 11.953 11.956 11.969 -9999.000 12.206 12.206 12.206 12.206 -9999.000 -9999.000 -9999.000 12.266 12.267 12.267 12.267 12.267 12.268 12.268 12.271 12.272 -9999.000 -9999.000 -9999.000 -9999.000 -9999.000 -9999.000 -9999.000 -9999.000 -9999.000 12.637 12.638 12.638 12.640 12.641 -9999.000 12.649 12.652 12.662
11.053 11.055 11.058 11.061 11.065 11.069 11.073 11.078 11.082 11.086 11.092 11.095 11.064 -9999.000 10.858 10.710 10.710 10.711 10.712 10.713 10.714 10.715 -9999.000 11.952 11.952 11.953 11.953 -9999.000 12.068 -9999.000 12.206 12.206 12.206 -9999.000 -9999.000 -9999.000 -9999.000 -9999.000 12.266 12.267 12.267 12.267 -9999.000 12.270 12.272 12.272 -9999.000 10.272 -9999.000 12.282 12.281 -9999.000 -9999.000 -9999.000 12.631 -9999.000 12.639 12.640 12.642 12.645 12.649 -9999.000 -9999.000 12.721
-9999.000 11.057 11.063 11.065 11.067 11.070 11.073 11.078 11.085 11.089 11.094 11.100 11.108 11.113 11.107 -9999.000 -9999.000 10.712 10.712 10.714 10.715 10.715 10.714 11.891 11.952 11.952 -9999.000 -9999.000 12.151 12.193 12.205 12.206 -9999.000 12.223 -9999.000 -9999.000 -9999.000 -9999.000 12.266 12.266 12.267 -9999.000 -9999.000 12.272 12.272 12.272 12.271 12.241 12.281 12.282 12.282 12.284 12.285 12.469 12.631 12.634 12.639 12.641 12.644 12.649 12.652 12.665 12.689 12.724
-9999.000 -9999.000 -9999.000 11.062 11.067 11.070 11.072 11.076 11.088 11.091 11.097 11.103 11.112 11.122 11.139 11.153 -9999.000 -9999.000 10.714 10.715 10.717 10.717 -9999.000 -9999.000 -9999.000 -9999.000 -9999.000 12.192 12.191 12.203 12.205 12.208 -9999.000 12.223 12.224 -9999.000 -9999.000 -9999.000 12.266 12.266 12.268 12.272 12.272 12.270 12.273 12.274 12.280 12.280 12.281 12.281 12.282 12.284 12.284 12.285 -9999.000 -9999.000 12.640 12.642 12.647 12.652 12.654 12.662 12.703 12.728
-9999.000 -9999.000 -9999.000 11.051 11.064 11.069 11.073 11.080 11.088 11.093 11.100 11.106 11.115 11.128 11.150 11.172 11.197 -9999.000 -9999.000 -9999.000 10.723 10.720 -9999.000 -9999.000 12.338 -9999.000 12.282 12.193 12.203 12.204 12.207 12.214 12.218 12.220 12.225 12.233 12.257 12.266 12.266 12.266 12.268 12.272 12.273 12.273 -9999.000 -9999.000 12.280 12.280 12.281 12.281 12.282 12.281 12.284 12.284 12.284 -9999.000 12.640 -9999.000 12.655 12.655 -9999.000 12.703 12.718 12.724
11.035 11.038 11.042 11.045 -9999.000 11.068 -9999.000 -9999.000 -9999.000 -9999.000 -9999.000 -9999.000 11.114 -9999.000 11.172 11.188 11.225 11.263 11.283 11.205 10.763 -9999.000 -9999.000 12.338 12.338 12.338 12.339 -9999.000 12.203 -9999.000 12.218 12.218 12.218 12.219 -9999.000 -9999.000 12.264 12.266 12.267 12.259 12.272 12.272 12.273 12.274 12.274 12.273 -9999.000 12.279 12.280 12.277 12.282 12.283 12.284 12.284 -9999.000 12.284 -9999.000 12.658 12.658 12.659 12.689 12.712 12.721 12.724
11.035 11.038 11.041 11.043 11.045 -9999.000 -9999.000 -9999.000 -9999.000 -9999.000 -9999.000 -9999.000 -9999.000 -9999.000 11.163 -9999.000 11.259 11.291 11.319 11.341 -9999.000 -9999.000 12.142 -9999.000 12.338 12.338 12.339 12.340 -9999.000 12.246 12.230 12.223 12.220 -9999.000 -9999.000 -9999.000 -9999.000 12.267 12.268 12.268 12.270 -9999.000 -9999.000 12.276 -9999.000 -9999.000 -9999.000 12.280 12.279 12.280 -9999.000 -9999.000 12.284 12.284 12.284 12.284 -9999.000 -9999.000 12.658 12.667 12.691 12.712 12.723 12.724
11.035 11.038 11.041 11.044 11.048 11.050 11.053 -9999.000 -9999.000 -9999.000 11.073 -9999.000 -9999.000 -9999.000 -9999.000 -9999.000 -9999.000 11.317 11.338 11.372 11.393 11.493 12.144 12.332 12.337 12.338 12.339 12.340 12.341 12.297 12.238 -9999.000 12.220 -9999.000 -9999.000 -9999.000 -9999.000 12.268 12.268 12.269 12.271 12.274 12.277 12.278 -9999.000 12.281 12.281 -9999.000 -9999.000 -9999.000 12.283 -9999.000 12.284 -9999.000 12.284 12.284 -9999.000 12.627 12.642 12.660 12.680 12.702 12.730 12.741
11.034 11.037 11.042 11.046 11.050 11.054 11.059 11.064 11.068 11.070 11.072 -9999.000 -9999.000 11.129 -9999.000 -9999.000 -9999.000 -9999.000 11.370 11.398 11.412 11.440 12.064 12.329 12.334 12.337 12.340 12.341 12.342 12.344 -9999.000 -9999.000 12.219 12.219 -9999.000 -9999.000 12.269 12.269 12.269 12.270 12.271 12.273 -9999.000 12.280 12.280 12.281 12.282 12.283 12.283 12.283 12.283 12.283 12.283 12.283 12.284 -9999.000 12.589 12.600 12.616 12.646 12.678 12.710 12.736 12.768
11.034 11.037 11.041 11.046 11.052 11.055 11.061 11.066 11.069 11.073 11.078 11.088 11.106 11.138 -9999.000 -9999.000 -9999.000 -9999.000 -9999.000 11.416 11.436 11.462 11.486 -9999.000 -9999.000 -9999.000 -9999.000 12.343 12.345 12.347 -9999.000 -9999.000 12.220 12.219 -9999.000 12.278 -9999.000 12.269 12.270 12.270 12.271 12.274 12.278 12.281 12.281 12.282 12.283 12.283 12.283 12.283 12.283 -9999.000 12.283 -9999.000 -9999.000 12.569 12.575 12.588 12.601 12.635 12.664 -9999.000 12.776 12.823
11.035 11.038 11.041 11.046 11.053 11.056 11.061 11.066 11.071 11.074 11.079 11.088 11.148 11.398 11.728 11.807 11.810 -9999.000 -9999.000 11.439 11.458 11.479 11.508 11.527 -9999.000 -9999.000 -9999.000 -9999.000 12.350 12.353 12.357 12.359 -9999.000 -9999.000 -9999.000 12.276 12.274 12.270 12.270 12.270 12.273 12.278 12.282 12.282 12.282 12.282 12.283 12.283 -9999.000 12.283 12.283 -9999.000 -9999.000 12.545 12.552 12.561 12.570 12.581 12.595 12.620 12.679 12.755 12.777 -9999.000
