LISFLOOD_FP/Result/4_LISFLOOD_FP/combined_output/combined_angle_45_x_0_y_0/out-0011.wd
ncols         192
nrows         192
xllcorner     1771145.000000
yllcorner     5471774.000000
cellsize      10.000000
NODATA_value  -9999.000000
[rows 102 to 135 of 192, columns 77 to 153 of 192]
0.000 0.480 0.626 1.088 1.300 1.335 1.367 1.148 0.313 0.000 2.099 0.766 1.763 2.374 0.000 1.194 0.000 0.127 2.076 1.545 0.000 0.000 0.000 0.000 0.000 0.525 2.647 2.033 1.657 0.000 0.000 2.344 2.023 0.000 0.000 0.000 0.452 0.926 0.000 0.000 0.000 0.423 0.000 1.732 1.628 1.624 1.588 2.240 0.000 0.000 0.877 1.235 1.169 1.028 1.917 2.181 0.000 1.630 4.179 4.348 3.888 3.576 2.372 1.861 1.562 1.204 1.057 1.199 1.346 1.260 0.983 0.457 0.386 1.272 1.399 1.793 2.176
3.824 1.945 0.000 0.000 1.042 1.101 1.125 0.948 0.630 0.000 0.000 1.437 2.325 0.000 0.000 1.460 1.336 2.390 2.408 0.000 1.254 0.000 0.000 0.000 0.000 2.436 0.538 0.580 0.000 0.000 2.199 2.600 2.375 0.002 0.000 1.501 0.801 0.152 0.810 1.443 0.229 1.696 1.905 1.342 1.461 1.458 1.597 1.863 1.122 1.019 0.836 1.324 0.000 0.000 1.739 0.719 3.622 4.221 4.410 3.737 3.540 2.290 1.575 1.458 1.433 1.355 1.356 1.659 1.549 1.476 1.334 1.170 1.284 1.338 1.345 1.019 0.836
4.996 4.802 3.838 0.000 0.000 0.000 0.736 1.012 0.445 0.000 0.000 0.000 0.000 0.000 2.313 0.752 2.061 2.095 2.286 0.000 0.953 1.231 0.000 0.000 0.000 1.216 2.391 0.000 1.944 1.653 0.000 2.036 0.849 1.887 2.124 2.017 2.320 1.789 1.553 2.088 1.918 0.000 0.000 1.410 0.995 1.352 1.681 1.998 1.610 0.500 1.113 0.548 1.470 1.782 0.401 3.440 4.351 4.478 4.250 3.696 2.125 1.475 1.492 1.197 1.575 1.515 1.469 1.539 1.518 1.539 1.273 1.201 1.227 1.341 0.910 0.900 1.210
4.901 4.848 5.272 4.485 0.000 0.000 0.000 1.045 0.000 0.000 0.000 2.988 0.000 0.000 0.000 2.540 2.367 1.810 2.333 2.737 2.087 1.806 1.948 1.192 2.548 2.525 0.234 0.000 0.466 0.710 1.602 0.000 0.000 1.328 0.780 0.995 1.337 0.688 0.000 0.656 1.193 0.825 0.000 1.276 0.000 0.436 1.536 0.000 0.639 0.879 1.225 0.000 0.532 2.371 0.182 3.304 4.585 4.276 3.470 2.465 1.713 1.642 1.501 1.479 1.465 1.587 1.548 1.597 1.634 1.450 1.355 1.433 1.400 0.625 1.063 1.268 1.397
0.000 3.814 4.686 5.053 4.439 2.298 0.365 0.417 0.000 0.000 2.308 3.288 3.447 2.346 0.000 2.633 0.000 0.248 2.599 2.480 2.197 0.000 0.000 1.845 2.684 2.013 0.000 2.281 1.126 0.786 1.325 2.342 0.662 0.000 0.499 0.347 0.000 0.717 0.541 1.840 1.885 0.000 0.699 0.000 0.528 1.290 1.425 0.687 1.177 1.551 1.490 0.473 0.330 1.878 0.000 4.349 4.546 3.875 3.156 2.014 1.838 1.637 1.596 1.630 1.586 1.647 1.647 1.600 1.537 1.492 1.549 1.195 0.812 1.203 1.503 1.443 0.000
0.000 0.023 0.000 4.500 4.985 4.916 3.961 0.000 0.000 3.148 0.000 3.299 3.802 3.707 3.225 0.000 0.971 2.077 2.021 0.825 0.000 0.000 0.000 0.000 2.881 2.512 2.228 0.649 0.000 0.000 1.065 0.000 0.000 0.000 0.377 0.848 1.780 0.000 0.000 1.609 1.632 1.649 1.034 0.000 0.000 0.362 0.574 1.267 1.589 1.760 1.503 0.000 2.059 0.375 3.473 4.520 4.286 3.700 2.478 1.989 1.749 1.775 1.555 1.733 1.790 1.816 1.755 1.611 1.638 1.587 0.777 1.118 1.447 1.654 1.408 0.000 0.000
0.000 0.000 0.000 0.000 4.246 4.708 5.258 5.126 0.595 0.252 2.630 3.738 3.827 3.811 3.746 3.285 0.709 1.381 0.000 1.962 0.000 0.000 0.000 0.000 2.217 2.896 1.051 0.976 1.020 2.432 2.096 0.000 1.530 1.163 0.000 0.000 0.000 1.906 0.000 0.965 0.000 1.377 1.184 0.000 0.541 0.740 0.899 1.586 0.297 1.860 0.727 0.000 1.979 1.270 4.406 4.593 3.965 3.006 2.230 1.885 1.718 1.705 1.803 1.774 1.929 1.836 1.805 1.762 1.667 0.752 1.518 1.620 1.789 1.733 0.000 0.000 0.000
0.000 0.000 0.000 0.000 0.000 2.716 4.798 5.187 4.528 0.526 2.830 1.808 1.274 2.957 3.766 3.720 2.692 0.000 0.000 1.982 2.393 0.000 0.000 2.007 2.561 2.473 2.599 1.139 0.707 0.000 1.967 1.346 1.735 0.078 0.864 1.875 0.785 1.405 0.633 1.674 0.755 0.178 0.000 1.123 1.386 1.422 1.439 1.682 1.853 1.966 0.809 0.258 1.152 3.600 4.515 4.528 3.847 2.556 2.068 1.404 0.000 1.965 2.168 2.065 2.086 1.837 1.988 1.729 0.841 1.762 1.890 1.910 1.916 0.000 0.000 0.000 0.000
1.443 0.000 0.000 0.000 0.000 0.000 4.080 4.007 5.211 4.862 0.000 0.000 0.000 0.000 2.777 3.648 3.156 0.000 0.000 1.795 0.904 0.000 0.296 0.000 1.789 0.921 2.371 1.966 1.524 0.003 2.217 0.000 0.096 1.921 2.407 1.606 1.781 0.176 0.000 0.239 0.000 0.000 1.880 1.969 1.764 1.736 1.154 1.279 0.000 1.960 1.681 1.169 3.442 4.193 4.674 4.129 3.019 2.520 1.974 1.374 1.374 0.321 2.213 2.188 2.118 1.890 1.969 0.800 1.902 2.237 1.945 1.758 0.000 0.000 0.000 0.000 0.000
0.864 1.344 2.873 2.790 0.000 0.000 0.670 3.555 4.210 5.370 4.931 0.000 0.000 0.000 0.000 2.750 3.455 2.714 1.774 0.000 0.000 0.000 0.079 0.152 0.779 1.096 1.164 0.391 1.660 2.005 2.512 1.457 2.017 1.666 1.542 0.000 1.360 1.350 0.000 0.000 1.081 2.012 2.105 2.040 1.858 1.750 1.575 1.416 1.827 1.964 0.000 0.201 3.143 4.124 4.312 3.439 2.847 2.512 2.107 1.417 0.000 0.000 2.430 2.359 2.136 2.207 0.861 2.112 2.127 2.063 1.734 0.000 0.000 0.000 0.000 0.000 0.000
0.119 1.573 2.906 3.264 0.000 0.000 0.000 0.000 2.021 4.768 5.230 2.927 0.000 0.000 0.000 1.898 3.418 3.272 3.447 2.698 0.000 0.000 0.000 0.000 0.000 1.455 0.181 0.000 0.000 1.564 0.961 0.000 1.967 2.315 0.000 0.000 0.000 0.000 0.000 2.463 2.293 2.221 2.127 2.040 1.839 1.762 1.562 0.515 1.487 2.037 0.000 0.000 3.938 2.658 2.053 3.147 2.682 2.566 2.113 1.510 1.933 2.161 2.484 2.496 2.367 1.454 2.026 2.046 1.904 1.895 0.000 0.000 0.000 0.000 0.000 0.000 0.000
0.000 0.661 2.536 3.426 3.314 2.398 0.000 0.000 3.212 3.232 4.836 4.865 3.162 0.000 0.000 2.409 2.292 3.386 3.537 3.471 3.287 3.100 2.737 1.881 0.000 0.000 0.000 1.224 1.167 2.141 1.069 0.000 0.000 0.000 0.000 0.000 0.000 1.819 2.252 2.389 2.294 2.222 2.144 2.002 1.903 1.720 0.000 0.000 0.000 1.967 0.000 0.000 1.206 4.210 3.706 3.323 2.783 2.486 1.972 1.621 2.375 2.562 2.625 2.488 1.523 1.924 2.164 2.381 2.343 0.000 0.000 0.000 0.000 0.000 0.000 0.000 0.000
0.000 0.000 1.229 2.218 3.378 3.082 1.164 0.000 0.000 0.000 2.348 0.000 4.807 3.234 2.807 0.000 0.000 1.547 3.392 3.524 3.487 3.446 3.382 3.261 3.093 2.259 1.414 0.399 1.374 0.000 0.000 0.724 0.000 0.362 1.907 2.328 2.451 2.449 2.469 2.375 2.339 2.201 2.130 2.043 1.938 1.840 0.000 0.000 1.201 2.389 0.000 0.000 2.881 3.465 3.382 3.002 2.740 2.037 2.154 2.300 2.432 2.575 2.480 1.520 2.032 2.296 2.400 2.691 0.000 0.000 0.000 0.000 0.000 0.000 0.000 0.000 0.000
0.000 0.628 1.465 1.865 2.510 2.599 3.015 2.266 0.000 0.000 3.657 1.343 4.966 5.107 0.001 0.000 0.000 0.000 2.543 3.529 3.512 3.476 3.403 3.360 3.336 3.329 3.257 3.209 3.101 3.008 2.928 2.644 2.650 2.666 2.683 2.622 2.558 2.502 2.440 2.389 2.371 2.247 2.162 2.041 1.975 1.921 0.369 0.000 0.000 2.377 1.259 3.689 4.364 3.918 3.647 2.833 2.394 2.358 2.380 2.530 2.606 2.438 1.505 2.207 2.479 2.475 2.585 0.000 0.000 0.000 0.000 0.000 0.000 0.000 0.000 0.000 0.000
0.000 0.795 1.798 1.524 1.295 1.540 1.358 2.701 1.714 0.000 1.765 3.642 1.889 4.748 2.494 1.291 0.000 0.000 1.558 3.500 3.523 3.519 3.433 3.414 3.401 3.303 3.257 3.200 3.144 3.087 3.035 2.941 2.818 2.762 2.705 2.615 2.560 2.517 2.415 2.378 2.321 2.271 2.154 2.084 2.083 1.976 1.771 0.000 2.067 2.618 4.173 4.552 4.460 4.394 3.161 1.738 2.036 2.445 2.559 2.736 2.864 1.717 2.349 2.640 2.692 2.661 0.000 0.000 0.000 0.000 0.000 0.000 0.000 0.000 0.000 0.000 0.000
1.658 1.724 1.999 1.244 1.668 1.713 1.572 1.871 1.024 0.000 0.000 2.388 0.232 5.158 4.976 1.998 0.000 2.812 3.151 3.454 3.540 3.450 3.430 3.411 3.348 3.293 3.192 3.132 3.087 3.082 3.014 2.935 2.782 2.794 2.688 2.619 2.547 2.474 2.392 2.352 2.284 2.224 2.170 2.111 2.028 1.859 1.938 2.432 2.932 4.094 4.431 4.594 4.321 3.425 2.713 2.147 2.307 2.452 2.568 2.787 2.097 2.409 2.687 2.956 2.920 0.000 0.000 0.000 0.000 0.000 0.000 0.000 0.000 0.000 0.000 0.000 0.000
3.828 2.864 2.376 2.592 2.295 1.933 1.536 1.416 1.824 0.000 0.000 1.660 4.174 0.000 5.825 5.594 4.408 4.354 0.000 3.124 3.437 3.432 3.418 3.456 3.356 3.324 3.232 3.138 3.089 3.069 3.027 2.914 2.733 2.718 2.634 2.564 2.501 2.424 2.342 2.298 2.245 2.241 2.145 2.017 1.792 0.467 0.016 2.931 3.320 4.243 4.484 4.088 0.000 1.896 2.221 1.703 0.000 2.467 2.737 1.953 2.437 2.783 2.987 2.956 0.000 0.000 0.000 0.000 0.000 0.000 0.000 0.000 0.000 0.000 0.000 0.000 0.000
2.555 3.063 3.278 3.397 2.866 1.598 1.046 0.895 2.097 0.000 0.000 0.000 1.773 0.000 2.223 5.817 3.892 4.318 3.614 0.000 3.288 3.476 3.467 3.476 3.411 3.337 3.258 3.128 3.078 3.078 2.973 2.936 2.816 2.673 2.716 2.567 2.491 2.413 2.342 2.285 2.289 2.178 2.007 0.000 0.825 1.895 2.353 3.476 4.379 4.723 4.554 2.193 0.000 0.000 2.098 2.327 2.406 2.470 1.984 2.647 2.920 3.109 3.062 0.000 0.000 0.000 0.000 0.000 0.000 0.000 0.000 0.000 0.000 0.000 0.000 0.000 0.000
1.225 1.635 2.455 2.713 2.787 2.805 2.407 2.003 1.035 2.311 2.251 0.000 2.186 3.030 3.368 5.239 5.800 0.785 3.989 3.479 2.924 3.299 3.304 3.448 3.413 3.340 3.267 3.195 3.065 2.975 2.935 2.903 2.833 2.684 2.639 2.546 2.474 2.392 2.361 2.345 2.327 1.828 1.672 0.286 1.970 1.563 0.000 3.429 4.654 3.216 2.087 0.627 0.000 1.113 2.133 2.366 2.281 1.716 2.679 3.055 3.170 3.218 0.000 0.000 0.000 0.000 0.000 0.000 0.000 0.000 0.000 0.000 0.000 0.000 0.000 0.000 0.000
2.103 0.698 0.845 1.441 1.151 1.391 1.403 1.526 1.721 2.891 3.894 0.000 0.000 0.000 0.000 0.000 5.315 5.243 2.647 3.474 3.452 3.317 1.992 3.345 3.389 3.294 3.252 3.172 3.099 3.011 3.030 2.881 2.785 2.675 2.586 2.528 2.487 2.398 2.324 2.125 2.002 1.954 1.841 1.961 0.000 0.000 0.000 4.160 4.959 4.833 2.537 0.000 0.000 2.177 2.413 2.449 1.746 2.996 3.108 3.303 3.291 0.000 0.000 0.000 0.000 0.000 0.000 0.000 0.000 0.000 0.000 0.000 0.000 0.000 0.000 0.000 0.000
1.152 1.466 0.641 0.650 0.451 0.123 0.000 0.000 0.000 0.962 2.544 3.579 3.085 0.000 0.000 0.000 1.531 5.432 4.849 2.515 3.626 3.054 0.000 3.052 2.977 0.976 3.184 3.152 3.097 3.032 2.969 2.900 2.794 2.634 2.589 2.520 2.495 2.076 0.398 0.000 2.115 2.281 1.427 0.000 0.000 0.000 3.851 4.778 4.986 4.485 3.197 0.003 2.394 2.520 2.531 1.752 2.660 2.907 2.972 3.104 0.000 0.000 0.000 0.000 0.000 0.000 0.000 0.000 0.000 0.000 0.000 0.000 0.000 0.000 0.000 0.000 0.000
0.000 0.890 1.875 1.464 0.929 0.013 0.000 0.000 0.000 0.000 1.037 2.482 4.640 1.937 0.000 0.000 2.197 5.316 5.165 3.512 0.000 0.000 1.765 2.915 1.506 2.463 2.317 2.967 3.010 3.088 2.950 2.847 2.797 2.735 2.636 2.551 2.258 0.790 0.000 0.000 0.000 1.998 0.773 0.000 2.326 3.624 4.793 5.043 3.907 2.485 1.619 2.166 2.416 2.561 1.897 2.830 2.951 3.004 2.952 0.000 0.000 0.000 0.000 0.000 0.000 0.000 0.000 0.000 0.000 0.000 0.000 0.000 0.000 0.000 0.000 0.000 0.000
0.000 0.000 1.558 1.991 1.488 0.448 0.000 0.000 0.000 0.000 0.000 1.352 2.589 3.069 2.806 0.000 0.000 0.000 0.780 4.657 0.000 0.000 0.000 2.043 3.020 0.151 0.000 0.000 0.006 2.040 2.989 2.663 2.805 2.752 2.609 2.378 0.571 0.000 0.000 0.000 0.000 0.053 2.984 3.601 4.486 4.986 5.214 3.486 1.582 2.294 2.502 2.568 2.160 2.164 2.944 3.013 2.958 2.969 0.000 0.000 0.000 0.000 0.000 0.000 0.000 0.000 0.000 0.000 0.000 0.000 0.000 0.000 0.000 0.000 0.000 0.000 0.000
0.000 0.000 0.000 2.369 2.316 1.269 0.826 0.125 0.445 0.794 1.503 2.050 1.717 2.461 2.380 2.696 0.000 0.000 0.000 4.785 0.000 2.023 0.000 0.475 2.960 3.395 0.000 1.848 0.000 0.000 0.000 1.190 2.090 2.283 1.619 0.000 0.000 0.000 1.916 0.000 0.000 2.486 4.131 4.661 5.214 4.787 1.451 0.000 0.000 0.793 2.711 1.893 2.506 2.932 2.982 2.927 2.909 0.000 0.000 0.000 0.000 0.000 0.000 0.000 0.000 0.000 0.000 0.000 0.000 0.000 0.000 0.000 0.000 0.000 0.000 0.000 0.000
0.000 0.000 0.000 1.641 2.212 2.557 2.475 2.612 2.627 3.099 3.823 3.835 3.029 1.371 1.715 2.999 3.133 1.751 0.000 0.000 4.627 4.916 5.591 3.119 2.986 2.732 2.939 2.495 0.347 0.000 0.000 0.000 0.000 0.000 0.000 0.000 0.710 2.543 2.982 2.680 0.873 4.363 4.983 5.294 4.596 2.096 0.000 0.000 0.000 0.000 2.389 2.874 2.912 2.750 2.944 2.982 0.000 0.000 0.000 0.000 0.000 0.000 0.000 0.000 0.000 0.000 0.000 0.000 0.000 0.000 0.000 0.000 0.000 0.000 0.000 0.000 0.000
0.000 0.000 0.000 0.000 0.000 4.688 3.373 2.869 2.401 2.310 3.058 3.585 3.763 2.188 0.563 0.765 3.353 3.452 2.332 2.655 4.482 4.391 5.877 5.773 0.400 0.000 0.531 3.507 3.492 3.495 3.128 2.277 3.147 0.864 3.126 2.934 3.313 3.785 4.531 4.675 5.012 5.512 5.405 4.937 2.420 0.000 0.000 0.000 0.000 0.000 2.905 2.981 3.096 3.002 2.999 0.000 0.000 0.000 0.000 0.000 0.000 0.000 0.000 0.000 0.000 0.000 0.000 0.000 0.000 0.000 0.000 0.000 0.000 0.000 0.000 0.000 0.000
0.000 0.000 0.000 0.000 4.907 5.481 3.862 1.933 1.807 1.075 0.558 1.555 1.751 0.880 0.510 0.964 2.221 4.115 3.528 1.469 0.000 0.000 2.992 5.366 4.679 0.000 0.000 4.411 4.372 4.140 4.002 3.866 3.782 3.865 4.056 4.236 3.384 5.228 5.451 5.518 5.527 5.187 4.537 2.934 0.000 0.000 0.000 0.000 1.068 2.491 3.066 3.131 3.109 2.606 0.000 0.000 0.000 0.000 0.000 0.000 0.000 0.000 0.000 0.000 0.000 0.000 0.000 0.000 0.000 0.000 0.000 0.000 0.000 0.000 0.000 0.000 0.000
0.000 0.000 0.000 0.629 5.697 5.484 0.956 1.794 0.956 1.104 0.886 0.949 0.601 0.225 0.457 1.145 2.802 3.834 5.256 3.370 0.000 0.000 0.000 1.837 5.310 5.341 5.587 5.912 5.777 5.826 5.498 5.531 5.424 5.593 5.559 5.599 5.640 4.952 3.001 3.287 4.346 4.127 2.822 0.000 2.534 0.000 0.000 1.320 2.786 3.082 3.204 3.260 3.295 0.000 0.000 0.000 0.000 0.000 0.000 0.000 0.000 0.000 0.000 0.000 0.000 0.000 0.000 0.000 0.000 0.000 0.000 0.000 0.000 0.000 0.000 0.000 0.000
0.000 0.000 0.000 0.000 2.851 0.147 4.072 0.240 0.000 1.335 0.769 0.000 0.000 0.000 0.861 1.672 2.451 1.607 3.589 4.793 3.249 0.000 0.000 0.000 0.000 2.496 5.004 5.749 5.688 5.022 4.705 4.740 5.562 5.539 5.406 4.886 4.967 0.000 0.000 0.000 0.000 2.591 2.518 1.691 2.488 2.514 2.687 3.116 3.118 3.209 3.371 3.378 0.000 0.000 0.000 0.000 0.000 0.000 0.000 0.000 0.000 0.000 0.000 0.000 0.000 0.000 0.000 0.000 0.000 0.000 0.000 0.000 0.000 0.000 0.000 0.000 0.000
0.000 0.000 0.000 0.000 0.000 0.000 0.000 0.000 0.000 1.541 0.762 0.000 0.000 0.000 0.000 0.000 0.000 0.780 1.563 3.617 4.489 3.818 0.566 0.000 0.000 0.000 2.085 3.409 3.460 0.000 0.000 0.000 0.000 3.572 0.000 3.590 0.000 0.000 0.000 0.000 0.000 1.550 2.535 2.947 3.093 3.124 3.159 3.206 3.236 3.372 3.485 0.000 0.000 0.000 0.000 0.000 0.000 0.000 0.000 0.000 0.000 0.000 0.000 0.000 0.000 0.000 0.000 0.000 0.000 0.000 0.000 0.000 0.000 0.000 0.000 0.000 0.000
0.000 0.000 0.000 0.000 0.000 0.000 0.000 0.000 0.000 0.000 0.000 0.000 0.000 0.000 0.000 0.000 0.000 0.000 0.000 2.141 5.135 4.098 3.562 1.993 1.243 0.000 0.000 0.000 0.000 0.000 0.000 0.000 0.000 0.000 0.000 0.000 0.000 0.000 0.000 0.000 2.250 2.961 3.071 3.242 3.299 3.249 3.321 3.341 3.386 3.430 0.000 0.000 0.000 0.000 0.000 0.000 0.000 0.000 0.000 0.000 0.000 0.000 0.000 0.000 0.000 0.000 0.000 0.000 0.000 0.000 0.000 0.000 0.000 0.000 0.000 0.000 0.000
0.000 0.000 0.000 0.000 0.000 0.000 0.000 0.000 0.000 0.000 0.000 0.000 0.000 0.000 0.000 0.000 0.000 0.000 0.000 0.000 3.138 4.381 4.158 3.760 3.283 1.953 0.296 0.000 0.000 2.644 1.216 0.465 0.000 2.555 1.366 0.944 1.470 1.585 2.644 3.014 3.348 3.317 3.412 3.358 3.393 3.440 3.435 3.509 3.512 0.000 0.000 0.000 0.000 0.000 0.000 0.000 0.000 0.000 0.000 0.000 0.000 0.000 0.000 0.000 0.000 0.000 0.000 0.000 0.000 0.000 0.000 0.000 0.000 0.000 0.000 0.000 0.000
0.000 0.000 0.000 0.000 0.000 0.000 0.000 0.000 0.000 0.000 0.000 0.000 0.000 0.000 0.000 0.000 0.000 0.000 0.000 0.000 4.235 4.534 4.205 4.218 4.035 3.733 3.540 3.277 3.422 3.233 2.771 2.662 2.603 2.933 3.073 3.353 3.199 3.181 3.265 3.194 3.214 3.347 3.431 3.577 3.615 3.523 3.564 3.550 0.000 0.000 0.000 0.000 0.000 0.000 0.000 0.000 0.000 0.000 0.000 0.000 0.000 0.000 0.000 0.000 0.000 0.000 0.000 0.000 0.000 0.000 0.000 0.000 0.000 0.000 0.000 0.000 0.000
0.000 0.000 0.000 0.000 0.000 0.000 0.000 0.000 0.000 0.000 0.000 0.000 0.000 0.000 0.000 0.000 0.000 0.000 0.000 0.000 3.955 4.923 4.520 4.398 4.278 4.013 3.911 3.756 3.762 3.599 3.530 3.526 3.513 3.494 3.541 3.344 3.355 3.333 3.362 3.437 3.441 3.409 3.393 3.398 3.573 3.753 3.712 0.000 0.000 0.000 0.000 0.000 0.000 0.000 0.000 0.000 0.000 0.000 0.000 0.000 0.000 0.000 0.000 0.000 0.000 0.000 0.000 0.000 0.000 0.000 0.000 0.000 0.000 0.000 0.000 0.000 0.000
