LISFLOOD_FP/Result/4_LISFLOOD_FP/combined_output/combined_angle_45_x_0_y_0/out-0010.elev
ncols         192
nrows         192
xllcorner     1771145.000000
yllcorner     5471774.000000
cellsize      10.000000
NODATA_value  -9999.000000
[rows 112 to 139 of 192, columns 63 to 125 of 192]
10.168 10.171 10.174 10.179 10.192 10.212 10.220 10.231 10.243 10.253 10.293 10.315 -9999.000 -9999.000 11.501 11.573 11.600 11.603 -9999.000 -9999.000 -9999.000 -9999.000 11.000 11.010 11.030 11.071 -9999.000 -9999.000 -9999.000 12.145 12.147 12.149 12.151 12.152 -9999.000 -9999.000 -9999.000 -9999.000 -9999.000 11.840 -9999.000 -9999.000 -9999.000 11.902 11.897 -9999.000 11.866 11.866 -9999.000 -9999.000 -9999.000 -9999.000 -9999.000 12.326 12.333 12.346 12.358 12.369 12.380 12.392 12.416 12.541 12.623
10.169 10.172 10.175 10.178 10.189 10.208 10.221 10.234 10.250 10.273 10.347 10.417 -9999.000 -9999.000 -9999.000 11.588 11.605 11.609 11.614 11.616 -9999.000 -9999.000 11.025 11.030 11.076 11.116 11.389 -9999.000 -9999.000 12.147 12.148 12.150 12.152 12.153 12.156 12.158 12.161 12.162 -9999.000 -9999.000 -9999.000 12.064 12.061 11.929 11.914 -9999.000 -9999.000 -9999.000 -9999.000 -9999.000 -9999.000 12.298 12.305 12.319 12.329 12.340 12.353 12.364 12.375 12.381 -9999.000 -9999.000 -9999.000
10.165 10.174 10.174 10.176 10.178 10.104 -9999.000 -9999.000 -9999.000 -9999.000 10.414 10.567 -9999.000 -9999.000 -9999.000 -9999.000 11.614 11.615 11.617 11.618 11.622 -9999.000 -9999.000 -9999.000 11.236 -9999.000 11.606 11.646 11.646 -9999.000 -9999.000 12.152 12.153 12.154 12.156 12.159 12.162 12.167 12.171 12.175 12.177 12.136 12.143 -9999.000 -9999.000 12.220 -9999.000 12.253 12.258 12.263 12.272 12.286 12.299 12.312 12.323 12.336 12.349 12.362 12.373 12.381 -9999.000 -9999.000 12.791
-9999.000 -9999.000 -9999.000 -9999.000 -9999.000 -9999.000 -9999.000 -9999.000 -9999.000 -9999.000 -9999.000 10.733 11.208 -9999.000 -9999.000 11.622 11.620 11.619 11.620 11.622 11.626 11.630 -9999.000 -9999.000 11.347 11.553 11.636 11.673 -9999.000 -9999.000 -9999.000 -9999.000 12.153 12.154 12.156 12.159 12.163 12.168 12.174 12.180 12.187 12.193 12.198 12.206 12.213 12.220 12.228 12.237 12.249 12.259 12.269 12.281 12.294 12.306 12.318 12.331 12.345 12.361 12.375 12.386 12.444 -9999.000 -9999.000
-9999.000 -9999.000 -9999.000 -9999.000 -9999.000 -9999.000 -9999.000 -9999.000 -9999.000 -9999.000 -9999.000 -9999.000 11.468 11.543 -9999.000 11.622 11.624 11.624 11.627 11.630 11.633 11.635 11.637 -9999.000 11.491 11.609 11.642 11.745 11.825 11.863 -9999.000 -9999.000 12.150 12.154 12.156 12.159 12.164 12.169 12.176 12.182 12.189 12.195 12.200 12.207 12.213 12.220 12.228 12.236 12.246 12.256 12.266 12.277 12.289 12.302 12.314 12.327 12.342 12.361 12.383 12.415 12.484 -9999.000 12.841
-9999.000 -9999.000 -9999.000 -9999.000 -9999.000 -9999.000 -9999.000 -9999.000 -9999.000 -9999.000 -9999.000 -9999.000 11.529 11.579 11.609 11.621 11.626 11.630 11.635 11.637 11.638 11.639 11.647 -9999.000 -9999.000 11.635 11.709 11.804 11.860 11.893 -9999.000 12.063 12.120 12.149 12.154 12.158 12.164 12.171 12.178 12.184 12.191 12.197 12.202 12.208 12.214 12.220 12.227 12.235 12.243 12.253 12.263 12.274 12.286 12.297 12.309 12.322 12.338 12.360 12.390 12.452 12.569 12.782 12.828
-9999.000 -9999.000 -9999.000 -9999.000 -9999.000 -9999.000 -9999.000 -9999.000 -9999.000 -9999.000 -9999.000 -9999.000 11.568 11.603 11.617 11.626 11.632 11.637 11.640 11.642 11.644 11.650 11.667 -9999.000 -9999.000 11.721 11.799 -9999.000 11.923 11.957 11.981 11.997 -9999.000 12.151 12.152 12.156 12.164 12.172 12.180 12.187 12.193 12.199 12.204 12.210 12.215 12.220 12.227 12.233 12.241 12.250 12.259 12.270 12.282 12.294 12.305 12.316 12.330 12.357 12.389 12.610 -9999.000 12.815 12.827
-9999.000 -9999.000 -9999.000 -9999.000 -9999.000 -9999.000 -9999.000 -9999.000 -9999.000 -9999.000 -9999.000 -9999.000 11.629 11.623 11.626 11.631 11.637 11.641 11.644 11.648 11.657 11.670 11.681 -9999.000 -9999.000 -9999.000 11.864 -9999.000 11.954 11.970 11.985 11.998 12.019 -9999.000 12.145 12.152 12.163 12.175 12.183 12.190 12.196 12.201 12.206 12.211 12.216 12.221 12.226 12.232 12.239 12.247 12.256 12.267 12.279 12.291 12.301 12.311 12.316 -9999.000 12.689 12.765 12.798 12.815 12.822
-9999.000 -9999.000 -9999.000 -9999.000 -9999.000 -9999.000 -9999.000 -9999.000 -9999.000 -9999.000 -9999.000 -9999.000 11.636 11.634 11.636 11.639 11.643 11.647 11.652 11.664 11.684 11.714 11.825 11.992 12.005 -9999.000 11.923 11.952 11.962 11.975 11.989 12.019 12.042 12.069 12.114 12.138 12.161 12.180 12.188 12.194 12.199 12.204 12.208 12.213 12.217 12.221 12.226 12.231 12.237 12.244 12.252 12.263 12.276 12.289 12.299 12.308 12.314 12.580 12.736 12.748 -9999.000 12.814 12.817
-9999.000 -9999.000 -9999.000 -9999.000 -9999.000 -9999.000 -9999.000 -9999.000 -9999.000 -9999.000 -9999.000 -9999.000 11.636 11.636 11.642 11.681 11.690 11.677 11.683 11.690 11.713 11.770 11.889 11.996 12.019 -9999.000 -9999.000 -9999.000 -9999.000 -9999.000 12.006 12.022 12.041 12.070 12.095 12.114 12.157 12.191 12.195 12.197 12.203 12.207 12.210 12.214 12.218 12.221 12.225 12.230 12.235 12.240 12.248 12.258 12.274 12.287 12.302 12.310 12.314 12.314 -9999.000 -9999.000 -9999.000 12.812 12.814
-9999.000 -9999.000 -9999.000 -9999.000 -9999.000 -9999.000 -9999.000 -9999.000 -9999.000 -9999.000 -9999.000 -9999.000 -9999.000 -9999.000 11.699 11.750 11.869 11.908 11.945 11.897 -9999.000 -9999.000 -9999.000 12.056 12.099 12.167 12.182 -9999.000 -9999.000 -9999.000 12.026 12.030 12.033 12.056 12.092 12.102 -9999.000 12.212 12.208 12.208 12.208 12.210 12.212 12.215 12.218 12.222 12.225 12.229 12.233 12.237 12.242 12.249 12.254 -9999.000 12.308 12.312 12.321 -9999.000 -9999.000 -9999.000 12.798 12.806 12.811
-9999.000 -9999.000 -9999.000 -9999.000 -9999.000 -9999.000 -9999.000 -9999.000 -9999.000 -9999.000 -9999.000 -9999.000 -9999.000 -9999.000 -9999.000 11.916 12.033 12.053 12.070 -9999.000 -9999.000 -9999.000 -9999.000 -9999.000 12.153 12.185 12.197 12.223 -9999.000 -9999.000 12.029 12.031 12.033 12.037 -9999.000 -9999.000 12.248 12.248 12.276 12.220 12.213 12.212 12.213 12.216 12.219 12.222 12.225 12.228 12.231 12.234 12.238 12.243 -9999.000 -9999.000 -9999.000 12.318 12.502 -9999.000 12.769 12.777 12.790 12.799 12.807
-9999.000 -9999.000 -9999.000 -9999.000 -9999.000 -9999.000 -9999.000 -9999.000 -9999.000 -9999.000 -9999.000 -9999.000 -9999.000 -9999.000 -9999.000 -9999.000 12.063 12.096 12.111 12.148 -9999.000 -9999.000 -9999.000 -9999.000 -9999.000 12.213 12.224 12.246 12.263 -9999.000 -9999.000 -9999.000 12.037 12.037 -9999.000 -9999.000 -9999.000 12.349 12.456 12.506 -9999.000 -9999.000 -9999.000 12.219 12.220 12.223 12.226 12.228 12.230 12.232 12.234 -9999.000 -9999.000 -9999.000 -9999.000 12.693 12.742 12.748 12.757 12.767 12.782 12.792 12.807
-9999.000 -9999.000 -9999.000 -9999.000 -9999.000 -9999.000 -9999.000 -9999.000 -9999.000 -9999.000 -9999.000 -9999.000 -9999.000 -9999.000 -9999.000 -9999.000 -9999.000 12.128 12.138 12.165 12.175 12.219 12.224 12.224 12.225 12.226 12.232 12.261 12.299 12.376 -9999.000 -9999.000 -9999.000 12.037 -9999.000 12.635 -9999.000 12.515 12.556 12.577 -9999.000 12.650 -9999.000 -9999.000 -9999.000 12.226 12.227 12.227 12.228 -9999.000 -9999.000 -9999.000 12.721 -9999.000 -9999.000 12.739 12.742 12.745 12.751 12.758 12.767 -9999.000 -9999.000
-9999.000 -9999.000 -9999.000 -9999.000 -9999.000 -9999.000 -9999.000 -9999.000 -9999.000 -9999.000 -9999.000 -9999.000 -9999.000 -9999.000 -9999.000 -9999.000 -9999.000 12.142 12.156 12.190 12.198 12.205 12.211 12.219 12.223 12.225 12.229 12.264 12.342 12.436 12.525 12.564 -9999.000 -9999.000 12.635 12.635 12.635 12.628 12.595 12.597 12.619 12.650 12.668 -9999.000 -9999.000 -9999.000 -9999.000 -9999.000 -9999.000 -9999.000 12.719 12.720 12.721 12.722 12.725 12.737 12.739 12.742 12.746 12.752 -9999.000 -9999.000 -9999.000
-9999.000 -9999.000 -9999.000 -9999.000 -9999.000 -9999.000 -9999.000 -9999.000 -9999.000 -9999.000 -9999.000 -9999.000 -9999.000 -9999.000 -9999.000 -9999.000 -9999.000 -9999.000 -9999.000 12.201 12.201 12.205 12.209 12.217 12.223 12.226 12.229 12.238 12.421 12.521 12.579 12.601 12.620 12.630 12.635 12.635 12.636 12.638 12.626 -9999.000 12.657 12.681 12.685 12.687 12.689 12.692 12.694 12.698 12.704 12.706 12.711 12.717 12.721 12.724 12.728 12.733 12.736 12.739 12.742 -9999.000 -9999.000 -9999.000 -9999.000
-9999.000 -9999.000 -9999.000 -9999.000 -9999.000 -9999.000 -9999.000 -9999.000 -9999.000 -9999.000 -9999.000 -9999.000 -9999.000 -9999.000 -9999.000 -9999.000 -9999.000 -9999.000 12.207 12.199 12.201 12.204 12.208 12.212 12.219 12.227 12.229 12.250 12.470 12.572 12.604 12.616 12.624 12.632 -9999.000 -9999.000 12.639 12.643 12.654 -9999.000 -9999.000 12.684 12.685 12.687 12.689 12.692 12.695 12.698 12.702 12.705 12.709 12.716 12.721 12.724 12.728 12.731 12.733 12.736 -9999.000 -9999.000 -9999.000 -9999.000 12.783
-9999.000 -9999.000 -9999.000 -9999.000 -9999.000 -9999.000 -9999.000 -9999.000 -9999.000 -9999.000 -9999.000 -9999.000 -9999.000 -9999.000 -9999.000 -9999.000 -9999.000 12.200 12.199 12.194 12.203 12.204 12.208 12.212 12.216 12.224 12.230 12.450 12.558 12.603 12.615 12.621 12.631 12.642 -9999.000 -9999.000 -9999.000 12.655 12.666 12.675 12.681 12.684 12.685 12.687 12.690 12.693 12.696 12.698 12.701 12.704 12.706 12.713 12.720 12.724 12.728 12.730 12.731 -9999.000 12.737 -9999.000 -9999.000 12.765 12.772
-9999.000 -9999.000 -9999.000 -9999.000 -9999.000 -9999.000 -9999.000 -9999.000 -9999.000 -9999.000 -9999.000 -9999.000 -9999.000 -9999.000 -9999.000 -9999.000 -9999.000 -9999.000 12.201 12.201 12.202 12.202 -9999.000 12.213 12.214 -9999.000 -9999.000 -9999.000 12.604 12.611 12.616 12.627 12.643 12.657 12.673 -9999.000 -9999.000 -9999.000 -9999.000 12.681 12.683 12.684 12.685 12.687 12.690 12.693 12.696 12.698 12.701 12.703 12.704 -9999.000 -9999.000 -9999.000 -9999.000 12.731 12.732 12.734 12.737 12.740 12.745 12.753 12.763
-9999.000 -9999.000 -9999.000 -9999.000 -9999.000 -9999.000 -9999.000 -9999.000 -9999.000 -9999.000 -9999.000 -9999.000 -9999.000 -9999.000 -9999.000 -9999.000 -9999.000 -9999.000 -9999.000 -9999.000 -9999.000 -9999.000 -9999.000 12.213 12.213 -9999.000 -9999.000 -9999.000 -9999.000 -9999.000 -9999.000 12.646 12.656 12.673 12.687 12.694 12.700 -9999.000 -9999.000 -9999.000 12.684 12.684 12.685 -9999.000 -9999.000 -9999.000 -9999.000 12.698 -9999.000 12.703 -9999.000 -9999.000 -9999.000 -9999.000 -9999.000 12.731 12.731 12.733 12.736 12.739 12.743 12.749 12.757
-9999.000 -9999.000 -9999.000 -9999.000 -9999.000 -9999.000 -9999.000 -9999.000 -9999.000 -9999.000 -9999.000 -9999.000 -9999.000 -9999.000 -9999.000 -9999.000 -9999.000 -9999.000 -9999.000 -9999.000 -9999.000 -9999.000 -9999.000 -9999.000 -9999.000 -9999.000 -9999.000 -9999.000 -9999.000 -9999.000 -9999.000 -9999.000 -9999.000 12.683 12.695 12.700 12.706 12.708 12.709 -9999.000 -9999.000 -9999.000 -9999.000 -9999.000 -9999.000 -9999.000 -9999.000 -9999.000 -9999.000 -9999.000 -9999.000 -9999.000 -9999.000 -9999.000 12.727 12.729 12.730 12.732 12.734 12.737 12.741 12.745 12.751
-9999.000 -9999.000 -9999.000 -9999.000 -9999.000 -9999.000 -9999.000 -9999.000 -9999.000 -9999.000 -9999.000 -9999.000 -9999.000 -9999.000 -9999.000 -9999.000 -9999.000 -9999.000 -9999.000 -9999.000 -9999.000 -9999.000 -9999.000 -9999.000 -9999.000 -9999.000 -9999.000 -9999.000 -9999.000 -9999.000 -9999.000 -9999.000 -9999.000 -9999.000 12.704 12.707 12.709 12.710 12.711 12.712 12.712 -9999.000 -9999.000 12.716 12.716 12.716 -9999.000 12.718 12.718 12.719 12.720 12.721 12.723 12.724 12.725 12.727 12.729 12.731 12.733 12.735 12.738 12.742 12.746
-9999.000 -9999.000 -9999.000 -9999.000 -9999.000 -9999.000 -9999.000 -9999.000 -9999.000 -9999.000 -9999.000 -9999.000 -9999.000 -9999.000 -9999.000 -9999.000 -9999.000 -9999.000 -9999.000 -9999.000 -9999.000 -9999.000 -9999.000 -9999.000 -9999.000 -9999.000 -9999.000 -9999.000 -9999.000 -9999.000 -9999.000 -9999.000 -9999.000 -9999.000 12.709 12.710 12.710 12.711 12.712 12.713 12.715 12.715 12.716 12.716 12.717 12.717 12.717 12.718 12.718 12.719 12.720 12.721 12.722 12.723 12.725 12.726 12.728 12.730 12.731 12.734 12.736 12.739 -9999.000
-9999.000 -9999.000 -9999.000 -9999.000 -9999.000 -9999.000 -9999.000 -9999.000 -9999.000 -9999.000 -9999.000 -9999.000 -9999.000 -9999.000 -9999.000 -9999.000 -9999.000 -9999.000 -9999.000 -9999.000 -9999.000 -9999.000 -9999.000 -9999.000 -9999.000 -9999.000 -9999.000 -9999.000 -9999.000 -9999.000 -9999.000 -9999.000 -9999.000 -9999.000 12.711 12.711 12.711 12.712 12.713 12.714 12.715 12.715 12.716 12.716 12.717 12.717 12.717 12.718 12.718 12.719 12.720 12.720 12.721 12.723 12.724 12.725 12.727 12.728 12.730 12.732 12.734 -9999.000 -9999.000
-9999.000 -9999.000 -9999.000 -9999.000 -9999.000 -9999.000 -9999.000 -9999.000 -9999.000 -9999.000 -9999.000 -9999.000 -9999.000 -9999.000 -9999.000 -9999.000 -9999.000 -9999.000 -9999.000 -9999.000 -9999.000 -9999.000 -9999.000 -9999.000 -9999.000 -9999.000 -9999.000 -9999.000 -9999.000 -9999.000 -9999.000 -9999.000 12.712 12.712 12.712 12.712 12.712 12.712 12.713 12.715 12.715 12.716 12.716 12.716 12.717 12.717 12.717 12.718 12.718 12.719 12.719 12.720 12.721 12.722 12.723 12.724 12.725 12.727 12.728 12.730 -9999.000 -9999.000 -9999.000
-9999.000 -9999.000 -9999.000 -9999.000 -9999.000 -9999.000 -9999.000 -9999.000 -9999.000 -9999.000 -9999.000 -9999.000 -9999.000 -9999.000 -9999.000 -9999.000 -9999.000 -9999.000 -9999.000 -9999.000 -9999.000 -9999.000 -9999.000 -9999.000 -9999.000 -9999.000 -9999.000 -9999.000 -9999.000 -9999.000 -9999.000 -9999.000 12.712 12.713 12.712 12.713 12.713 12.713 -9999.000 12.715 12.716 12.716 12.716 12.716 12.717 12.717 12.717 12.718 12.718 12.719 12.719 12.720 12.721 12.721 12.722 12.723 12.724 12.725 12.727 -9999.000 -9999.000 -9999.000 -9999.000
-9999.000 -9999.000 -9999.000 -9999.000 -9999.000 -9999.000 -9999.000 -9999.000 -9999.000 -9999.000 -9999.000 -9999.000 -9999.000 -9999.000 -9999.000 -9999.000 -9999.000 -9999.000 -9999.000 -9999.000 -9999.000 -9999.000 -9999.000 -9999.000 -9999.000 -9999.000 -9999.000 -9999.000 -9999.000 -9999.000 -9999.000 -9999.000 -9999.000 12.713 12.713 12.713 12.713 12.713 -9999.000 12.716 12.716 12.716 12.716 12.716 12.717 12.717 12.717 12.718 12.718 12.718 12.719 12.719 12.720 12.721 12.722 12.722 12.723 12.724 -9999.000 -9999.000 -9999.000 -9999.000 -9999.000
-9999.000 -9999.000 -9999.000 -9999.000 -9999.000 -9999.000 -9999.000 -9999.000 -9999.000 -9999.000 -9999.000 -9999.000 -9999.000 -9999.000 -9999.000 -9999.000 -9999.000 -9999.000 -9999.000 -9999.000 -9999.000 -9999.000 -9999.000 -9999.000 -9999.000 -9999.000 -9999.000 -9999.000 -9999.000 -9999.000 -9999.000 -9999.000 -9999.000 12.713 12.713 12.714 12.714 12.714 -9999.000 12.716 12.716 12.716 12.716 12.716 12.717 12.717 12.717 12.718 12.718 12.718 12.719 12.719 12.720 12.720 12.721 12.722 12.722 -9999.000 -9999.000 -9999.000 -9999.000 -9999.000 -9999.000
