LISFLOOD_FP/Result/4_LISFLOOD_FP/combined_output/combined_angle_45_x_0_y_0/out-0012.elev
ncols         192
nrows         192
xllcorner     1771145.000000
yllcorner     5471774.000000
cellsize      10.000000
NODATA_value  -9999.000000
[rows 112 to 139 of 192, columns 64 to 127 of 192]
11.036 11.037 11.042 11.046 11.052 11.056 11.062 11.067 11.071 11.083 11.091 11.086 -9999.000 11.730 11.785 11.810 11.813 -9999.000 -9999.000 -9999.000 -9999.000 11.521 11.530 11.544 11.570 -9999.000 -9999.000 -9999.000 12.354 12.356 12.359 12.362 12.363 -9999.000 -9999.000 -9999.000 -9999.000 -9999.000 12.270 12.270 -9999.000 -9999.000 12.291 12.289 -9999.000 12.282 12.283 -9999.000 -9999.000 -9999.000 -9999.000 -9999.000 12.527 12.533 12.544 12.555 12.565 12.575 12.586 12.607 12.698 12.770 12.801 -9999.000
11.038 11.038 11.041 11.045 11.051 11.057 11.063 11.069 11.077 11.100 11.118 -9999.000 -9999.000 -9999.000 11.799 11.815 11.819 11.825 11.827 -9999.000 -9999.000 11.538 11.543 11.575 11.600 11.774 -9999.000 -9999.000 12.356 12.357 12.361 12.363 12.366 12.369 12.371 12.374 12.376 -9999.000 -9999.000 -9999.000 12.352 12.350 12.300 12.295 -9999.000 12.279 -9999.000 -9999.000 -9999.000 -9999.000 12.502 12.508 12.520 12.529 12.540 12.550 12.561 12.569 12.575 12.522 -9999.000 -9999.000 12.862 -9999.000
11.037 11.038 11.040 11.043 11.045 11.047 11.000 -9999.000 11.096 11.122 11.174 -9999.000 -9999.000 -9999.000 -9999.000 11.824 11.825 11.827 11.829 11.832 -9999.000 -9999.000 -9999.000 11.682 -9999.000 11.925 11.955 11.955 -9999.000 -9999.000 12.363 12.365 12.367 12.369 12.372 12.375 12.380 12.384 12.388 12.391 12.377 12.382 -9999.000 -9999.000 12.431 -9999.000 12.462 12.465 12.470 12.479 12.491 12.503 12.514 12.524 12.535 12.547 12.558 12.568 12.574 -9999.000 -9999.000 12.918 12.918 -9999.000
-9999.000 -9999.000 -9999.000 -9999.000 -9999.000 -9999.000 -9999.000 -9999.000 -9999.000 -9999.000 11.259 11.530 -9999.000 -9999.000 11.833 11.830 11.830 11.831 11.833 11.836 11.840 -9999.000 -9999.000 11.765 11.895 11.948 11.976 11.967 -9999.000 -9999.000 -9999.000 12.366 12.367 12.369 12.372 12.376 12.381 12.387 12.393 12.399 12.405 12.410 12.418 12.424 12.431 12.438 12.447 12.457 12.466 12.476 12.487 12.498 12.509 12.520 12.531 12.544 12.557 12.569 12.578 12.619 -9999.000 -9999.000 12.952 12.999
-9999.000 -9999.000 -9999.000 -9999.000 -9999.000 -9999.000 -9999.000 -9999.000 -9999.000 -9999.000 -9999.000 11.714 11.772 -9999.000 11.833 11.834 11.835 11.837 11.840 11.842 11.844 11.847 -9999.000 11.853 11.932 11.956 12.033 12.097 12.127 -9999.000 -9999.000 12.363 12.367 12.369 12.372 12.377 12.382 12.388 12.395 12.401 12.407 12.412 12.419 12.425 12.431 12.438 12.446 12.454 12.464 12.473 12.483 12.494 12.505 12.516 12.527 12.541 12.557 12.574 12.600 12.652 -9999.000 12.963 12.969 12.996
-9999.000 -9999.000 -9999.000 -9999.000 -9999.000 -9999.000 -9999.000 -9999.000 -9999.000 -9999.000 -9999.000 11.763 11.802 11.824 11.833 11.837 11.840 11.844 11.846 11.847 11.848 11.853 -9999.000 -9999.000 11.953 12.025 12.080 12.125 12.151 -9999.000 12.293 12.340 12.363 12.368 12.372 12.377 12.384 12.390 12.397 12.403 12.409 12.414 12.420 12.425 12.431 12.438 12.444 12.452 12.461 12.470 12.480 12.491 12.501 12.512 12.523 12.537 12.556 12.580 12.628 12.722 12.907 12.950 12.967 12.985
-9999.000 -9999.000 -9999.000 -9999.000 -9999.000 -9999.000 -9999.000 -9999.000 -9999.000 -9999.000 -9999.000 11.794 11.820 11.831 11.838 11.842 11.847 11.849 11.850 11.852 11.857 11.868 -9999.000 -9999.000 12.012 12.071 -9999.000 12.177 12.204 12.225 12.239 -9999.000 12.365 12.366 12.370 12.377 12.385 12.392 12.399 12.405 12.411 12.416 12.421 12.426 12.431 12.437 12.443 12.450 12.458 12.467 12.477 12.488 12.498 12.508 12.518 12.530 12.554 12.580 12.733 12.862 12.936 12.947 12.961 12.972
-9999.000 -9999.000 -9999.000 -9999.000 -9999.000 -9999.000 -9999.000 -9999.000 -9999.000 -9999.000 -9999.000 11.831 11.835 11.838 11.842 11.846 11.849 11.852 11.856 11.862 11.872 11.880 -9999.000 -9999.000 -9999.000 12.123 -9999.000 12.202 12.215 12.229 12.240 12.257 -9999.000 12.361 12.367 12.377 12.387 12.396 12.402 12.407 12.413 12.418 12.422 12.427 12.431 12.436 12.442 12.448 12.455 12.464 12.474 12.485 12.496 12.505 12.514 12.519 -9999.000 12.807 12.874 12.914 12.935 12.943 12.953 12.962
-9999.000 -9999.000 -9999.000 -9999.000 -9999.000 -9999.000 -9999.000 -9999.000 -9999.000 -9999.000 -9999.000 11.844 11.843 11.845 11.848 11.851 11.855 11.859 11.868 11.883 11.905 11.988 12.127 12.139 -9999.000 12.171 12.198 12.207 12.219 12.232 12.257 12.276 12.299 12.336 12.356 12.375 12.392 12.400 12.405 12.410 12.415 12.419 12.423 12.427 12.432 12.436 12.441 12.446 12.453 12.460 12.470 12.482 12.494 12.504 12.512 12.517 12.686 12.842 12.855 -9999.000 12.935 12.937 12.941 12.945
-9999.000 -9999.000 -9999.000 -9999.000 -9999.000 -9999.000 -9999.000 -9999.000 -9999.000 -9999.000 -9999.000 11.845 11.845 11.850 11.875 11.883 11.877 11.882 11.886 11.903 11.945 12.038 12.131 12.153 -9999.000 -9999.000 -9999.000 -9999.000 -9999.000 12.247 12.261 12.276 12.299 12.321 12.337 12.372 12.402 12.406 12.408 12.414 12.418 12.421 12.425 12.428 12.432 12.436 12.440 12.444 12.450 12.456 12.466 12.480 12.493 12.506 12.513 12.517 12.518 -9999.000 -9999.000 -9999.000 12.932 12.934 12.935 12.938
-9999.000 -9999.000 -9999.000 -9999.000 -9999.000 -9999.000 -9999.000 -9999.000 -9999.000 -9999.000 -9999.000 -9999.000 -9999.000 11.887 11.923 12.005 12.038 12.063 12.023 -9999.000 -9999.000 -9999.000 12.186 12.228 12.292 12.306 -9999.000 -9999.000 -9999.000 12.263 12.267 12.270 12.288 12.317 12.326 -9999.000 12.419 12.416 12.418 12.419 12.421 12.423 12.426 12.429 12.432 12.435 12.439 12.443 12.447 12.451 12.457 12.463 -9999.000 12.512 12.516 12.523 -9999.000 -9999.000 -9999.000 12.918 12.926 12.931 12.934 12.937
-9999.000 -9999.000 -9999.000 -9999.000 -9999.000 -9999.000 -9999.000 -9999.000 -9999.000 -9999.000 -9999.000 -9999.000 -9999.000 -9999.000 12.046 12.143 12.163 12.179 12.209 -9999.000 -9999.000 -9999.000 -9999.000 12.279 12.310 12.321 12.345 -9999.000 -9999.000 12.267 12.268 12.270 12.274 -9999.000 -9999.000 12.447 12.447 12.464 12.427 12.423 12.422 12.424 12.427 12.430 12.433 12.436 12.438 12.441 12.444 12.448 12.452 -9999.000 -9999.000 -9999.000 12.521 12.649 -9999.000 12.888 12.896 12.909 12.919 12.927 12.935 12.945
-9999.000 -9999.000 -9999.000 -9999.000 -9999.000 -9999.000 -9999.000 -9999.000 -9999.000 -9999.000 -9999.000 -9999.000 -9999.000 -9999.000 -9999.000 12.173 12.207 12.223 12.260 -9999.000 -9999.000 -9999.000 -9999.000 -9999.000 12.336 12.346 12.368 12.384 -9999.000 -9999.000 -9999.000 12.273 12.274 -9999.000 -9999.000 -9999.000 12.522 12.602 12.626 -9999.000 12.742 12.427 12.429 12.431 12.433 12.436 12.438 12.440 12.442 12.444 -9999.000 -9999.000 -9999.000 -9999.000 12.804 12.859 12.866 12.875 12.886 12.901 12.912 12.927 12.939 12.949
-9999.000 -9999.000 -9999.000 -9999.000 -9999.000 -9999.000 -9999.000 -9999.000 -9999.000 -9999.000 -9999.000 -9999.000 -9999.000 -9999.000 -9999.000 -9999.000 12.242 12.253 12.282 12.295 12.331 12.344 12.346 12.347 12.348 12.355 12.382 12.418 12.490 -9999.000 -9999.000 -9999.000 12.274 -9999.000 12.751 -9999.000 12.646 12.686 12.704 -9999.000 12.770 -9999.000 -9999.000 -9999.000 12.436 12.437 12.437 12.438 -9999.000 -9999.000 -9999.000 12.838 -9999.000 -9999.000 12.856 12.859 12.863 12.869 12.876 12.885 -9999.000 -9999.000 12.946 12.949
-9999.000 -9999.000 -9999.000 -9999.000 -9999.000 -9999.000 -9999.000 -9999.000 -9999.000 -9999.000 -9999.000 -9999.000 -9999.000 -9999.000 -9999.000 -9999.000 12.257 12.272 12.309 12.318 12.326 12.332 12.340 12.346 12.348 12.352 12.385 12.458 12.549 12.637 12.676 -9999.000 -9999.000 12.751 12.751 12.752 12.746 12.719 12.721 12.742 12.771 12.786 -9999.000 -9999.000 -9999.000 -9999.000 -9999.000 -9999.000 -9999.000 12.836 12.837 12.838 12.840 12.843 12.854 12.856 12.859 12.864 12.870 -9999.000 -9999.000 -9999.000 -9999.000 12.945
-9999.000 -9999.000 -9999.000 -9999.000 -9999.000 -9999.000 -9999.000 -9999.000 -9999.000 -9999.000 -9999.000 -9999.000 -9999.000 -9999.000 -9999.000 -9999.000 -9999.000 -9999.000 12.320 12.321 12.325 12.331 12.339 12.346 12.349 12.352 12.363 12.528 12.628 12.690 12.712 12.733 12.744 12.751 12.751 12.753 12.754 12.745 -9999.000 12.776 12.799 12.802 12.804 12.806 12.809 12.811 12.816 12.821 12.823 12.828 12.835 12.839 12.842 12.846 12.850 12.853 12.856 12.860 -9999.000 -9999.000 -9999.000 -9999.000 -9999.000 12.936
-9999.000 -9999.000 -9999.000 -9999.000 -9999.000 -9999.000 -9999.000 -9999.000 -9999.000 -9999.000 -9999.000 -9999.000 -9999.000 -9999.000 -9999.000 -9999.000 -9999.000 12.323 12.321 12.321 12.325 12.329 12.334 12.342 12.351 12.353 12.377 12.577 12.678 12.714 12.727 12.736 12.745 -9999.000 -9999.000 12.756 12.760 12.771 -9999.000 -9999.000 12.801 12.802 12.804 12.807 12.809 12.812 12.816 12.819 12.822 12.827 12.833 12.838 12.842 12.845 12.848 12.851 12.853 -9999.000 -9999.000 -9999.000 -9999.000 12.901 12.909 12.923
-9999.000 -9999.000 -9999.000 -9999.000 -9999.000 -9999.000 -9999.000 -9999.000 -9999.000 -9999.000 -9999.000 -9999.000 -9999.000 -9999.000 -9999.000 -9999.000 12.320 12.320 12.317 12.323 12.325 12.329 12.335 12.339 12.347 12.355 12.538 12.660 12.710 12.725 12.732 12.743 12.755 -9999.000 -9999.000 -9999.000 12.772 12.782 12.791 12.798 12.801 12.802 12.804 12.807 12.810 12.813 12.816 12.818 12.821 12.823 12.830 12.837 12.842 12.845 12.847 12.849 -9999.000 12.854 -9999.000 -9999.000 12.883 12.890 12.899 12.910
-9999.000 -9999.000 -9999.000 -9999.000 -9999.000 -9999.000 -9999.000 -9999.000 -9999.000 -9999.000 -9999.000 -9999.000 -9999.000 -9999.000 -9999.000 -9999.000 -9999.000 12.321 12.321 12.322 12.322 -9999.000 12.336 12.336 -9999.000 -9999.000 -9999.000 12.710 12.720 12.726 12.738 12.755 12.770 12.786 -9999.000 -9999.000 -9999.000 -9999.000 12.798 12.800 12.801 12.802 12.804 12.807 12.810 12.813 12.815 12.818 12.820 12.821 -9999.000 -9999.000 -9999.000 12.810 12.848 12.849 12.851 12.854 12.857 12.862 12.871 12.881 12.891 12.900
-9999.000 -9999.000 -9999.000 -9999.000 -9999.000 -9999.000 -9999.000 -9999.000 -9999.000 -9999.000 -9999.000 -9999.000 -9999.000 -9999.000 -9999.000 -9999.000 -9999.000 -9999.000 -9999.000 -9999.000 -9999.000 -9999.000 12.336 12.336 -9999.000 -9999.000 -9999.000 -9999.000 -9999.000 -9999.000 12.758 12.768 12.786 12.801 12.809 12.815 -9999.000 -9999.000 -9999.000 12.801 12.801 12.802 -9999.000 -9999.000 -9999.000 -9999.000 12.815 -9999.000 12.820 -9999.000 -9999.000 -9999.000 -9999.000 -9999.000 12.848 12.848 12.850 12.853 12.856 12.860 12.867 12.874 12.883 12.891
-9999.000 -9999.000 -9999.000 -9999.000 -9999.000 -9999.000 -9999.000 -9999.000 -9999.000 -9999.000 -9999.000 -9999.000 -9999.000 -9999.000 -9999.000 -9999.000 -9999.000 -9999.000 -9999.000 -9999.000 -9999.000 -9999.000 -9999.000 -9999.000 -9999.000 -9999.000 -9999.000 -9999.000 -9999.000 -9999.000 -9999.000 -9999.000 12.797 12.809 12.815 12.821 12.824 12.825 -9999.000 -9999.000 -9999.000 -9999.000 -9999.000 -9999.000 -9999.000 -9999.000 -9999.000 -9999.000 -9999.000 -9999.000 -9999.000 -9999.000 -9999.000 12.844 12.845 12.847 12.849 12.851 12.854 12.858 12.863 12.869 12.875 -9999.000
-9999.000 -9999.000 -9999.000 -9999.000 -9999.000 -9999.000 -9999.000 -9999.000 -9999.000 -9999.000 -9999.000 -9999.000 -9999.000 -9999.000 -9999.000 -9999.000 -9999.000 -9999.000 -9999.000 -9999.000 -9999.000 -9999.000 -9999.000 -9999.000 -9999.000 -9999.000 -9999.000 -9999.000 -9999.000 -9999.000 -9999.000 -9999.000 -9999.000 12.819 12.822 12.824 12.826 12.827 12.828 12.828 -9999.000 -9999.000 12.832 12.832 12.832 -9999.000 12.834 12.834 12.835 12.836 12.837 12.839 12.840 12.842 12.844 12.846 12.848 12.850 12.852 12.855 12.859 12.863 -9999.000 -9999.000
-9999.000 -9999.000 -9999.000 -9999.000 -9999.000 -9999.000 -9999.000 -9999.000 -9999.000 -9999.000 -9999.000 -9999.000 -9999.000 -9999.000 -9999.000 -9999.000 -9999.000 -9999.000 -9999.000 -9999.000 -9999.000 -9999.000 -9999.000 -9999.000 -9999.000 -9999.000 -9999.000 -9999.000 -9999.000 -9999.000 -9999.000 -9999.000 12.732 12.824 12.825 12.826 12.827 12.828 12.829 12.830 12.831 12.831 12.832 12.832 12.833 12.833 12.834 12.834 12.835 12.836 12.837 12.838 12.839 12.841 12.843 12.844 12.846 12.848 12.850 12.853 12.856 -9999.000 -9999.000 -9999.000
-9999.000 -9999.000 -9999.000 -9999.000 -9999.000 -9999.000 -9999.000 -9999.000 -9999.000 -9999.000 -9999.000 -9999.000 -9999.000 -9999.000 -9999.000 -9999.000 -9999.000 -9999.000 -9999.000 -9999.000 -9999.000 -9999.000 -9999.000 -9999.000 -9999.000 -9999.000 -9999.000 -9999.000 -9999.000 -9999.000 -9999.000 -9999.000 -9999.000 12.826 12.826 12.827 12.827 12.828 12.829 12.830 12.831 12.832 12.832 12.832 12.833 12.833 12.834 12.834 12.835 12.836 12.836 12.837 12.839 12.840 12.841 12.843 12.845 12.847 12.849 12.851 -9999.000 -9999.000 -9999.000 -9999.000
-9999.000 -9999.000 -9999.000 -9999.000 -9999.000 -9999.000 -9999.000 -9999.000 -9999.000 -9999.000 -9999.000 -9999.000 -9999.000 -9999.000 -9999.000 -9999.000 -9999.000 -9999.000 -9999.000 -9999.000 -9999.000 -9999.000 -9999.000 -9999.000 -9999.000 -9999.000 -9999.000 -9999.000 -9999.000 -9999.000 -9999.000 12.828 12.828 12.827 12.827 12.828 12.828 12.829 12.830 12.831 12.831 12.832 12.832 12.832 12.833 12.833 12.834 12.834 12.835 12.835 12.836 12.837 12.838 12.839 12.840 12.842 12.843 12.845 12.847 -9999.000 -9999.000 -9999.000 -9999.000 -9999.000
-9999.000 -9999.000 -9999.000 -9999.000 -9999.000 -9999.000 -9999.000 -9999.000 -9999.000 -9999.000 -9999.000 -9999.000 -9999.000 -9999.000 -9999.000 -9999.000 -9999.000 -9999.000 -9999.000 -9999.000 -9999.000 -9999.000 -9999.000 -9999.000 -9999.000 -9999.000 -9999.000 -9999.000 -9999.000 -9999.000 -9999.000 12.828 12.828 12.828 12.828 12.828 12.828 -9999.000 12.831 12.831 12.831 12.832 12.832 12.832 12.833 12.833 12.834 12.834 12.834 12.835 12.836 12.837 12.837 12.838 12.839 12.841 12.842 12.843 -9999.000 -9999.000 -9999.000 -9999.000 -9999.000 -9999.000
-9999.000 -9999.000 -9999.000 -9999.000 -9999.000 -9999.000 -9999.000 -9999.000 -9999.000 -9999.000 -9999.000 -9999.000 -9999.000 -9999.000 -9999.000 -9999.000 -9999.000 -9999.000 -9999.000 -9999.000 -9999.000 -9999.000 -9999.000 -9999.000 -9999.000 -9999.000 -9999.000 -9999.000 -9999.000 -9999.000 -9999.000 -9999.000 12.828 12.828 12.829 12.829 12.828 -9999.000 12.831 12.832 12.832 12.832 12.832 12.832 12.833 12.833 12.833 12.834 12.834 12.835 12.835 12.836 12.837 12.838 12.839 12.840 12.841 -9999.000 -9999.000 -9999.000 -9999.000 -9999.000 -9999.000 -9999.000
-9999.000 -9999.000 -9999.000 -9999.000 -9999.000 -9999.000 -9999.000 -9999.000 -9999.000 -9999.000 -9999.000 -9999.000 -9999.000 -9999.000 -9999.000 -9999.000 -9999.000 -9999.000 -9999.000 -9999.000 -9999.000 -9999.000 -9999.000 -9999.000 -9999.000 -9999.000 -9999.000 -9999.000 -9999.000 -9999.000 -9999.000 -9999.000 12.829 12.829 12.829 12.829 12.830 -9999.000 12.831 12.832 12.832 12.832 12.832 12.832 12.833 12.833 12.833 12.834 12.834 12.834 12.835 12.836 12.836 12.837 12.838 12.839 -9999.000 -9999.000 -9999.000 -9999.000 -9999.000 -9999.000 -9999.000 -9999.000
