LISFLOOD_FP/Result/4_LISFLOOD_FP/combined_output/combined_angle_45_x_0_y_0/out-0008.wd
ncols         192
nrows         192
xllcorner     1771145.000000
yllcorner     5471774.000000
cellsize      10.000000
NODATA_value  -9999.000000
[rows 102 to 135 of 192, columns 77 to 153 of 192]
0.000 0.000 0.000 0.000 0.000 0.000 0.000 0.000 0.000 0.000 0.000 0.000 0.000 0.078 0.000 0.280 0.000 0.000 1.294 0.761 0.000 0.000 0.000 0.000 0.000 0.000 0.000 0.000 0.000 0.000 0.000 0.000 0.000 0.000 0.000 0.000 0.000 0.000 0.000 0.000 0.000 0.000 0.000 1.312 1.208 1.204 1.171 1.827 0.000 0.000 0.580 0.973 0.920 0.783 1.671 1.934 0.000 1.453 4.002 4.169 3.709 3.397 2.192 1.680 1.379 1.019 0.865 1.005 1.151 1.064 0.785 0.275 0.230 1.113 1.233 1.625 2.004
2.625 0.778 0.000 0.000 0.000 0.000 0.000 0.000 0.000 0.000 0.000 0.000 0.000 0.000 0.000 0.619 0.540 1.607 1.626 0.000 0.085 0.000 0.000 0.000 0.000 1.718 0.000 0.000 0.000 0.000 0.000 0.000 0.000 0.000 0.000 0.000 0.000 0.000 0.000 0.000 0.000 1.283 1.490 0.924 1.042 1.041 1.184 1.451 0.723 0.662 0.553 1.059 0.000 0.000 1.487 0.534 3.448 4.045 4.233 3.559 3.362 2.111 1.394 1.276 1.248 1.165 1.163 1.465 1.354 1.281 1.140 0.985 1.106 1.169 1.177 0.851 0.666
3.820 3.659 2.716 0.000 0.000 0.000 0.000 0.000 0.000 0.000 0.000 0.000 0.000 0.000 0.000 0.000 1.280 1.312 1.504 0.000 0.096 0.435 0.000 0.000 0.000 0.497 1.675 0.000 0.008 0.027 0.000 0.000 0.000 0.000 0.000 0.000 0.000 0.000 0.000 0.000 0.000 0.000 0.000 0.991 0.577 0.937 1.270 1.587 1.202 0.215 0.856 0.322 1.225 1.530 0.227 3.268 4.177 4.303 4.074 3.519 1.946 1.295 1.310 1.012 1.387 1.324 1.277 1.346 1.324 1.345 1.080 1.013 1.046 1.167 0.740 0.732 1.040
3.734 3.718 4.179 3.425 0.000 0.000 0.000 0.000 0.000 0.000 0.000 2.720 0.000 0.000 0.000 1.762 1.587 1.028 1.550 1.953 1.302 1.020 1.162 0.452 1.824 1.801 0.000 0.000 0.000 0.029 0.972 0.000 0.000 0.000 0.000 0.000 0.000 0.000 0.000 0.000 0.000 0.000 0.000 0.857 0.000 0.005 1.132 0.000 0.362 0.626 0.972 0.000 0.293 2.118 0.044 3.131 4.411 4.101 3.294 2.288 1.533 1.460 1.316 1.292 1.276 1.397 1.356 1.404 1.441 1.256 1.161 1.241 1.209 0.447 0.887 1.089 1.220
0.000 2.723 3.618 4.027 3.454 1.346 0.000 0.000 0.000 0.000 2.039 3.020 3.178 2.077 0.000 1.856 0.000 0.000 1.817 1.696 1.412 0.000 0.000 1.120 1.959 1.288 0.000 0.147 0.061 0.088 0.695 1.711 0.006 0.000 0.000 0.000 0.000 0.000 0.000 0.000 0.000 0.000 0.000 0.000 0.132 0.896 1.031 0.412 0.927 1.301 1.239 0.255 0.175 1.625 0.000 4.175 4.372 3.701 2.980 1.836 1.657 1.455 1.411 1.443 1.397 1.457 1.455 1.407 1.343 1.298 1.355 0.999 0.619 1.011 1.314 1.257 0.000
0.000 0.000 0.000 3.517 4.039 4.003 3.072 0.000 0.000 0.346 0.000 3.031 3.533 3.438 2.956 0.000 0.403 1.319 1.252 0.000 0.000 0.000 0.000 0.000 2.156 1.786 1.501 0.000 0.000 0.000 0.441 0.000 0.000 0.000 0.000 0.000 0.000 0.000 0.000 0.000 0.000 0.000 0.000 0.000 0.000 0.052 0.302 1.018 1.340 1.512 1.254 0.000 1.894 0.190 3.301 4.347 4.112 3.526 2.303 1.811 1.569 1.592 1.370 1.546 1.602 1.626 1.564 1.419 1.445 1.393 0.581 0.921 1.248 1.456 1.215 0.000 0.000
0.000 0.000 0.000 0.000 3.328 3.810 4.393 4.274 0.144 0.039 2.365 3.470 3.559 3.542 3.476 3.015 0.375 0.679 0.000 0.000 0.000 0.000 0.000 0.000 1.490 2.169 0.327 0.277 0.375 1.814 1.478 0.000 0.910 0.543 0.000 0.000 0.000 0.285 0.000 0.000 0.000 0.000 0.000 0.000 0.291 0.488 0.648 1.340 0.008 1.619 0.490 0.000 1.812 1.101 4.234 4.420 3.791 2.832 2.055 1.708 1.537 1.522 1.618 1.587 1.740 1.647 1.614 1.570 1.475 0.557 1.318 1.420 1.588 1.534 0.000 0.000 0.000
0.000 0.000 0.000 0.000 0.000 1.849 3.952 4.347 3.708 0.331 2.566 1.542 1.006 2.688 3.496 3.449 2.421 0.000 0.000 0.000 0.000 0.000 0.000 1.279 1.833 1.745 1.872 0.416 0.002 0.000 1.349 0.727 1.115 0.000 0.238 1.249 0.103 0.111 0.000 0.000 0.000 0.000 0.000 0.850 1.114 1.154 1.183 1.436 1.613 1.730 0.578 0.126 0.985 3.429 4.343 4.355 3.674 2.382 1.893 1.228 0.000 1.780 1.982 1.878 1.897 1.648 1.798 1.539 0.646 1.564 1.691 1.710 1.715 0.000 0.000 0.000 0.000
0.710 0.000 0.000 0.000 0.000 0.000 3.245 3.187 4.412 4.083 0.000 0.000 0.000 0.000 2.506 3.377 2.883 0.000 0.000 0.000 0.000 0.000 0.000 0.000 1.061 0.182 1.646 1.249 0.850 0.000 1.600 0.000 0.000 1.297 1.782 0.980 1.155 0.000 0.000 0.000 0.000 0.000 1.604 1.693 1.490 1.464 0.895 1.031 0.000 1.741 1.469 0.990 3.271 4.022 4.502 3.957 2.845 2.345 1.798 1.196 1.195 0.119 2.025 2.001 1.929 1.701 1.780 0.608 1.705 2.039 1.747 1.558 0.000 0.000 0.000 0.000 0.000
0.596 1.117 2.647 2.564 0.000 0.000 0.000 2.755 3.424 4.611 4.187 0.000 0.000 0.000 0.000 2.476 3.179 2.436 1.495 0.000 0.000 0.000 0.000 0.000 0.002 0.356 0.427 0.000 1.026 1.393 1.896 0.837 1.394 1.042 0.918 0.000 0.735 0.725 0.000 0.000 0.804 1.735 1.829 1.764 1.583 1.477 1.309 1.176 1.611 1.749 0.000 0.002 2.972 3.952 4.140 3.266 2.673 2.336 1.931 1.239 0.000 0.000 2.243 2.171 1.947 2.018 0.670 1.917 1.931 1.866 1.536 0.000 0.000 0.000 0.000 0.000 0.000
0.000 1.347 2.679 3.037 0.000 0.000 0.000 0.000 1.282 4.026 4.499 2.222 0.000 0.000 0.000 1.622 3.141 2.993 3.168 2.418 0.000 0.000 0.000 0.000 0.000 0.715 0.000 0.000 0.000 1.000 0.390 0.000 1.343 1.691 0.000 0.000 0.000 0.000 0.000 2.183 2.013 1.943 1.851 1.765 1.565 1.489 1.290 0.300 1.278 1.833 0.000 0.000 3.767 2.485 1.879 2.971 2.506 2.389 1.935 1.330 1.751 1.978 2.298 2.309 2.179 1.264 1.835 1.852 1.709 1.699 0.000 0.000 0.000 0.000 0.000 0.000 0.000
0.000 0.435 2.308 3.197 3.085 2.168 0.000 0.000 2.485 2.506 4.133 4.188 2.656 0.000 0.000 2.132 2.015 3.107 3.256 3.189 3.005 2.818 2.454 1.598 0.000 0.000 0.000 0.837 0.782 1.616 0.524 0.000 0.000 0.000 0.000 0.000 0.000 1.538 1.971 2.109 2.014 1.943 1.867 1.726 1.629 1.447 0.000 0.000 0.000 1.774 0.000 0.000 1.031 4.033 3.528 3.146 2.605 2.308 1.793 1.440 2.193 2.378 2.440 2.302 1.335 1.734 1.973 2.189 2.150 0.000 0.000 0.000 0.000 0.000 0.000 0.000 0.000
0.000 0.000 1.000 1.989 3.148 2.852 0.934 0.000 0.000 0.000 1.737 0.000 4.399 2.840 2.413 0.000 0.000 1.267 3.110 3.242 3.204 3.164 3.099 2.978 2.810 1.976 1.130 0.085 1.059 0.000 0.000 0.438 0.000 0.011 1.623 2.045 2.168 2.167 2.187 2.094 2.059 1.922 1.853 1.768 1.665 1.568 0.000 0.000 1.017 2.205 0.000 0.000 2.701 3.287 3.203 2.824 2.562 1.858 1.974 2.119 2.250 2.392 2.297 1.334 1.845 2.107 2.210 2.500 0.000 0.000 0.000 0.000 0.000 0.000 0.000 0.000 0.000
0.000 0.397 1.234 1.635 2.279 2.369 2.785 2.035 0.000 0.000 3.086 0.899 4.568 4.720 0.000 0.000 0.000 0.000 2.261 3.247 3.229 3.193 3.120 3.076 3.053 3.046 2.974 2.925 2.817 2.724 2.644 2.360 2.365 2.381 2.399 2.338 2.274 2.219 2.158 2.108 2.091 1.968 1.884 1.766 1.703 1.652 0.109 0.000 0.000 2.196 1.082 3.512 4.185 3.738 3.468 2.654 2.215 2.178 2.200 2.349 2.425 2.255 1.321 2.022 2.292 2.287 2.396 0.000 0.000 0.000 0.000 0.000 0.000 0.000 0.000 0.000 0.000
0.000 0.563 1.567 1.293 1.065 1.310 1.128 2.470 1.483 0.000 1.295 3.228 1.487 4.378 2.142 0.951 0.000 0.000 1.275 3.217 3.240 3.235 3.149 3.130 3.118 3.019 2.973 2.916 2.860 2.802 2.750 2.657 2.534 2.478 2.421 2.331 2.276 2.234 2.132 2.096 2.041 1.991 1.877 1.811 1.815 1.718 1.537 0.000 1.890 2.442 3.997 4.375 4.281 4.215 2.982 1.559 1.857 2.266 2.379 2.555 2.682 1.535 2.165 2.455 2.506 2.475 0.000 0.000 0.000 0.000 0.000 0.000 0.000 0.000 0.000 0.000 0.000
1.422 1.491 1.767 1.013 1.438 1.482 1.342 1.641 0.795 0.000 0.000 1.979 0.000 4.803 4.633 1.664 0.000 2.509 2.860 3.169 3.256 3.166 3.146 3.127 3.065 3.010 2.909 2.848 2.803 2.798 2.730 2.650 2.498 2.510 2.404 2.335 2.264 2.191 2.109 2.070 2.003 1.944 1.893 1.838 1.762 1.613 1.726 2.252 2.756 3.919 4.255 4.417 4.142 3.246 2.533 1.968 2.127 2.272 2.388 2.606 1.916 2.227 2.504 2.772 2.735 0.000 0.000 0.000 0.000 0.000 0.000 0.000 0.000 0.000 0.000 0.000 0.000
3.594 2.632 2.145 2.361 2.065 1.702 1.306 1.188 1.600 0.000 0.000 1.287 3.825 0.000 5.495 5.271 4.088 4.036 0.000 2.839 3.152 3.148 3.134 3.172 3.073 3.041 2.948 2.854 2.805 2.785 2.743 2.630 2.448 2.434 2.350 2.280 2.217 2.140 2.059 2.015 1.963 1.960 1.867 1.742 1.523 0.308 0.000 2.756 3.145 4.067 4.308 3.912 0.000 1.717 2.042 1.524 0.000 2.288 2.557 1.772 2.255 2.602 2.805 2.773 0.000 0.000 0.000 0.000 0.000 0.000 0.000 0.000 0.000 0.000 0.000 0.000 0.000
2.322 2.832 3.047 3.167 2.637 1.369 0.818 0.670 1.875 0.000 0.000 0.000 1.441 0.000 1.901 5.495 3.573 4.000 3.300 0.000 3.001 3.190 3.183 3.192 3.128 3.053 2.975 2.845 2.794 2.794 2.689 2.651 2.532 2.388 2.432 2.283 2.207 2.129 2.059 2.002 2.006 1.896 1.725 0.000 0.661 1.739 2.185 3.302 4.204 4.548 4.379 2.017 0.000 0.000 1.918 2.148 2.227 2.290 1.804 2.466 2.739 2.927 2.880 0.000 0.000 0.000 0.000 0.000 0.000 0.000 0.000 0.000 0.000 0.000 0.000 0.000 0.000
0.994 1.404 2.224 2.483 2.558 2.579 2.187 1.791 0.853 2.151 2.091 0.000 1.864 2.710 3.048 4.919 5.482 0.472 3.680 3.175 2.629 3.010 3.019 3.165 3.130 3.057 2.983 2.911 2.782 2.691 2.651 2.619 2.549 2.399 2.355 2.262 2.190 2.109 2.077 2.062 2.044 1.545 1.389 0.158 1.823 1.412 0.000 3.254 4.479 3.041 1.911 0.452 0.000 0.934 1.954 2.187 2.102 1.537 2.499 2.875 2.990 3.037 0.000 0.000 0.000 0.000 0.000 0.000 0.000 0.000 0.000 0.000 0.000 0.000 0.000 0.000 0.000
1.874 0.487 0.634 1.218 0.931 1.175 1.194 1.331 1.550 2.731 3.734 0.000 0.000 0.000 0.000 0.000 4.997 4.928 2.337 3.170 3.154 3.022 1.705 3.063 3.106 3.011 2.969 2.888 2.815 2.727 2.746 2.597 2.501 2.391 2.302 2.244 2.203 2.114 2.041 1.842 1.720 1.671 1.558 1.679 0.000 0.000 0.000 3.985 4.784 4.658 2.362 0.000 0.000 1.998 2.234 2.271 1.567 2.817 2.929 3.123 3.111 0.000 0.000 0.000 0.000 0.000 0.000 0.000 0.000 0.000 0.000 0.000 0.000 0.000 0.000 0.000 0.000
0.946 1.276 0.492 0.506 0.320 0.001 0.000 0.000 0.000 0.803 2.383 3.419 2.925 0.000 0.000 0.000 1.217 5.118 4.535 2.207 3.327 2.757 0.000 2.774 2.698 0.694 2.901 2.868 2.814 2.748 2.685 2.616 2.510 2.349 2.305 2.236 2.211 1.792 0.051 0.000 1.832 1.998 1.146 0.000 0.000 0.000 3.677 4.604 4.811 4.310 3.022 0.000 2.217 2.342 2.352 1.574 2.481 2.728 2.793 2.925 0.000 0.000 0.000 0.000 0.000 0.000 0.000 0.000 0.000 0.000 0.000 0.000 0.000 0.000 0.000 0.000 0.000
0.000 0.745 1.744 1.331 0.797 0.000 0.000 0.000 0.000 0.000 0.878 2.322 4.480 1.776 0.000 0.000 1.884 5.002 4.851 3.199 0.000 0.000 1.497 2.647 1.256 2.184 2.034 2.683 2.726 2.804 2.666 2.562 2.513 2.451 2.352 2.267 1.974 0.506 0.000 0.000 0.000 1.715 0.577 0.000 2.154 3.451 4.620 4.869 3.733 2.310 1.444 1.990 2.239 2.383 1.719 2.652 2.772 2.825 2.773 0.000 0.000 0.000 0.000 0.000 0.000 0.000 0.000 0.000 0.000 0.000 0.000 0.000 0.000 0.000 0.000 0.000 0.000
0.000 0.000 1.424 1.854 1.347 0.303 0.000 0.000 0.000 0.000 0.000 1.191 2.429 2.910 2.646 0.000 0.000 0.000 0.467 4.344 0.000 0.000 0.000 1.812 2.823 0.000 0.000 0.000 0.000 1.756 2.705 2.378 2.521 2.468 2.325 2.094 0.286 0.000 0.000 0.000 0.000 0.000 2.813 3.430 4.314 4.813 5.041 3.312 1.407 2.119 2.326 2.392 1.983 1.987 2.767 2.835 2.780 2.791 0.000 0.000 0.000 0.000 0.000 0.000 0.000 0.000 0.000 0.000 0.000 0.000 0.000 0.000 0.000 0.000 0.000 0.000 0.000
0.000 0.000 0.000 2.225 2.172 1.119 0.672 0.000 0.285 0.634 1.342 1.889 1.556 2.302 2.221 2.540 0.000 0.000 0.000 4.472 0.000 1.857 0.000 0.302 2.779 3.217 0.000 1.677 0.000 0.000 0.000 0.907 1.806 1.999 1.335 0.000 0.000 0.000 1.746 0.000 0.000 2.315 3.960 4.489 5.043 4.615 1.279 0.000 0.000 0.617 2.535 1.717 2.330 2.756 2.805 2.749 2.731 0.000 0.000 0.000 0.000 0.000 0.000 0.000 0.000 0.000 0.000 0.000 0.000 0.000 0.000 0.000 0.000 0.000 0.000 0.000 0.000
0.000 0.000 0.000 1.495 2.064 2.403 2.319 2.456 2.469 2.937 3.664 3.676 2.869 1.210 1.558 2.844 2.975 1.593 0.000 0.000 4.460 4.749 5.424 2.951 2.811 2.556 2.764 2.323 0.163 0.000 0.000 0.000 0.000 0.000 0.000 0.000 0.540 2.372 2.812 2.510 0.702 4.192 4.812 5.123 4.425 1.924 0.000 0.000 0.000 0.000 2.214 2.698 2.736 2.574 2.768 2.805 0.000 0.000 0.000 0.000 0.000 0.000 0.000 0.000 0.000 0.000 0.000 0.000 0.000 0.000 0.000 0.000 0.000 0.000 0.000 0.000 0.000
0.000 0.000 0.000 0.000 0.000 4.532 3.215 2.710 2.244 2.150 2.898 3.422 3.598 2.025 0.418 0.617 3.194 3.292 2.171 2.491 4.315 4.224 5.710 5.606 0.229 0.000 0.360 3.337 3.323 3.325 2.959 2.107 2.978 0.695 2.957 2.764 3.143 3.614 4.360 4.505 4.841 5.342 5.234 4.766 2.249 0.000 0.000 0.000 0.000 0.000 2.729 2.806 2.920 2.826 2.823 0.000 0.000 0.000 0.000 0.000 0.000 0.000 0.000 0.000 0.000 0.000 0.000 0.000 0.000 0.000 0.000 0.000 0.000 0.000 0.000 0.000 0.000
0.000 0.000 0.000 0.000 4.741 5.325 3.707 1.777 1.648 0.916 0.397 1.393 1.589 0.711 0.362 0.812 2.063 3.955 3.367 1.307 0.000 0.000 2.825 5.199 4.512 0.000 0.000 4.242 4.203 3.971 3.833 3.697 3.612 3.695 3.886 4.066 3.214 5.058 5.281 5.348 5.356 5.016 4.366 2.763 0.000 0.000 0.000 0.000 0.895 2.318 2.892 2.957 2.934 2.430 0.000 0.000 0.000 0.000 0.000 0.000 0.000 0.000 0.000 0.000 0.000 0.000 0.000 0.000 0.000 0.000 0.000 0.000 0.000 0.000 0.000 0.000 0.000
0.000 0.000 0.000 0.473 5.540 5.338 0.798 1.636 0.797 0.944 0.726 0.787 0.436 0.110 0.313 0.990 2.643 3.673 5.095 3.208 0.000 0.000 0.000 1.669 5.142 5.173 5.418 5.743 5.608 5.657 5.329 5.362 5.254 5.423 5.389 5.429 5.470 4.781 2.831 3.116 4.176 3.957 2.651 0.000 2.363 0.000 0.000 1.147 2.614 2.909 3.030 3.086 3.120 0.000 0.000 0.000 0.000 0.000 0.000 0.000 0.000 0.000 0.000 0.000 0.000 0.000 0.000 0.000 0.000 0.000 0.000 0.000 0.000 0.000 0.000 0.000 0.000
0.000 0.000 0.000 0.000 2.694 0.000 3.915 0.082 0.000 1.174 0.609 0.000 0.000 0.000 0.707 1.515 2.292 1.446 3.426 4.630 3.084 0.000 0.000 0.000 0.000 2.327 4.835 5.580 5.518 4.852 4.535 4.571 5.392 5.369 5.237 4.716 4.797 0.000 0.000 0.000 0.000 2.421 2.347 1.520 2.317 2.343 2.516 2.944 2.946 3.036 3.198 3.204 0.000 0.000 0.000 0.000 0.000 0.000 0.000 0.000 0.000 0.000 0.000 0.000 0.000 0.000 0.000 0.000 0.000 0.000 0.000 0.000 0.000 0.000 0.000 0.000 0.000
0.000 0.000 0.000 0.000 0.000 0.000 0.000 0.000 0.000 1.381 0.602 0.000 0.000 0.000 0.000 0.000 0.000 0.619 1.400 3.452 4.323 3.651 0.398 0.000 0.000 0.000 1.916 3.240 3.291 0.000 0.000 0.000 0.000 3.403 0.000 3.420 0.000 0.000 0.000 0.000 0.000 1.379 2.365 2.776 2.923 2.953 2.988 3.034 3.064 3.199 3.312 0.000 0.000 0.000 0.000 0.000 0.000 0.000 0.000 0.000 0.000 0.000 0.000 0.000 0.000 0.000 0.000 0.000 0.000 0.000 0.000 0.000 0.000 0.000 0.000 0.000 0.000
0.000 0.000 0.000 0.000 0.000 0.000 0.000 0.000 0.000 0.000 0.000 0.000 0.000 0.000 0.000 0.000 0.000 0.000 0.000 1.975 4.968 3.930 3.393 1.824 1.074 0.000 0.000 0.000 0.000 0.000 0.000 0.000 0.000 0.000 0.000 0.000 0.000 0.000 0.000 0.000 2.080 2.791 2.901 3.072 3.128 3.078 3.150 3.170 3.214 3.258 0.000 0.000 0.000 0.000 0.000 0.000 0.000 0.000 0.000 0.000 0.000 0.000 0.000 0.000 0.000 0.000 0.000 0.000 0.000 0.000 0.000 0.000 0.000 0.000 0.000 0.000 0.000
0.000 0.000 0.000 0.000 0.000 0.000 0.000 0.000 0.000 0.000 0.000 0.000 0.000 0.000 0.000 0.000 0.000 0.000 0.000 0.000 2.969 4.213 3.990 3.592 3.114 1.785 0.122 0.000 0.000 2.475 1.047 0.296 0.000 2.385 1.196 0.774 1.300 1.415 2.475 2.845 3.178 3.147 3.242 3.188 3.223 3.269 3.264 3.338 3.341 0.000 0.000 0.000 0.000 0.000 0.000 0.000 0.000 0.000 0.000 0.000 0.000 0.000 0.000 0.000 0.000 0.000 0.000 0.000 0.000 0.000 0.000 0.000 0.000 0.000 0.000 0.000 0.000
0.000 0.000 0.000 0.000 0.000 0.000 0.000 0.000 0.000 0.000 0.000 0.000 0.000 0.000 0.000 0.000 0.000 0.000 0.000 0.000 4.067 4.365 4.036 4.050 3.866 3.564 3.371 3.108 3.253 3.064 2.601 2.493 2.433 2.764 2.903 3.184 3.029 3.011 3.095 3.025 3.044 3.177 3.261 3.407 3.445 3.353 3.393 3.379 0.000 0.000 0.000 0.000 0.000 0.000 0.000 0.000 0.000 0.000 0.000 0.000 0.000 0.000 0.000 0.000 0.000 0.000 0.000 0.000 0.000 0.000 0.000 0.000 0.000 0.000 0.000 0.000 0.000
0.000 0.000 0.000 0.000 0.000 0.000 0.000 0.000 0.000 0.000 0.000 0.000 0.000 0.000 0.000 0.000 0.000 0.000 0.000 0.000 3.787 4.754 4.352 4.229 4.109 3.844 3.742 3.587 3.593 3.430 3.361 3.356 3.344 3.324 3.371 3.174 3.186 3.164 3.192 3.267 3.271 3.239 3.223 3.228 3.402 3.583 3.541 0.000 0.000 0.000 0.000 0.000 0.000 0.000 0.000 0.000 0.000 0.000 0.000 0.000 0.000 0.000 0.000 0.000 0.000 0.000 0.000 0.000 0.000 0.000 0.000 0.000 0.000 0.000 0.000 0.000 0.000
