LISFLOOD_FP/Result/4_LISFLOOD_FP/combined_output/combined_angle_45_x_0_y_0/out-0010.wd
ncols         192
nrows         192
xllcorner     1771145.000000
yllcorner     5471774.000000
cellsize      10.000000
NODATA_value  -9999.000000
[rows 102 to 135 of 192, columns 77 to 153 of 192]
0.000 0.221 0.182 0.175 0.194 0.185 0.193 0.000 0.000 0.000 1.522 0.256 1.280 1.890 0.000 0.857 0.000 0.000 1.838 1.306 0.000 0.000 0.000 0.000 0.000 0.238 2.325 1.711 1.336 0.000 0.000 1.978 1.655 0.000 0.000 0.000 0.000 0.000 0.000 0.000 0.000 0.329 0.000 1.636 1.532 1.527 1.492 2.145 0.000 0.000 0.793 1.156 1.092 0.952 1.840 2.104 0.000 1.570 4.120 4.288 3.828 3.516 2.311 1.799 1.500 1.142 0.993 1.135 1.281 1.195 0.918 0.398 0.336 1.221 1.347 1.739 2.122
3.393 1.526 0.000 0.000 0.000 0.000 0.000 0.000 0.000 0.000 0.000 0.954 1.842 0.000 0.000 1.182 1.090 2.153 2.171 0.000 1.020 0.000 0.000 0.000 0.000 2.204 0.271 0.282 0.000 0.000 1.829 2.231 2.004 0.000 0.000 0.758 0.001 0.000 0.003 0.705 0.125 1.602 1.810 1.246 1.365 1.362 1.502 1.767 1.027 0.927 0.753 1.244 0.000 0.000 1.660 0.658 3.564 4.162 4.351 3.677 3.480 2.230 1.514 1.397 1.371 1.292 1.292 1.594 1.485 1.411 1.270 1.109 1.226 1.283 1.291 0.966 0.782
4.571 4.388 3.430 0.000 0.000 0.000 0.000 0.016 0.000 0.000 0.000 0.000 0.000 0.000 2.068 0.508 1.823 1.857 2.049 0.000 0.719 0.997 0.000 0.000 0.000 0.987 2.160 0.000 1.735 1.444 0.000 1.662 0.416 1.172 1.400 1.284 1.586 1.054 0.814 1.346 1.168 0.000 0.000 1.314 0.899 1.256 1.586 1.902 1.515 0.416 1.032 0.475 1.394 1.703 0.343 3.383 4.293 4.420 4.191 3.637 2.065 1.414 1.431 1.135 1.512 1.451 1.405 1.475 1.454 1.475 1.210 1.139 1.168 1.285 0.855 0.847 1.156
4.478 4.437 4.873 4.097 0.000 0.000 0.000 0.068 0.000 0.000 0.000 2.892 0.000 0.000 0.000 2.303 2.130 1.573 2.098 2.503 1.852 1.572 1.714 0.967 2.325 2.301 0.000 0.000 0.258 0.502 1.394 0.000 0.000 0.612 0.002 0.247 0.607 0.000 0.000 0.000 0.424 0.001 0.000 1.180 0.000 0.342 1.441 0.000 0.557 0.799 1.145 0.000 0.456 2.292 0.131 3.246 4.527 4.217 3.411 2.406 1.653 1.581 1.439 1.417 1.402 1.524 1.485 1.533 1.570 1.386 1.291 1.370 1.338 0.567 1.006 1.211 1.340
0.000 3.416 4.295 4.677 4.078 1.950 0.049 0.043 0.000 0.000 2.212 3.192 3.351 2.250 0.000 2.396 0.000 0.000 2.366 2.246 1.962 0.000 0.000 1.623 2.461 1.790 0.000 2.070 0.915 0.577 1.117 2.134 0.454 0.000 0.000 0.000 0.000 0.000 0.000 1.040 1.089 0.000 0.000 0.000 0.435 1.197 1.332 0.604 1.097 1.471 1.410 0.396 0.274 1.799 0.000 4.291 4.488 3.817 3.097 1.954 1.777 1.576 1.534 1.568 1.523 1.584 1.583 1.536 1.473 1.428 1.485 1.131 0.749 1.141 1.442 1.383 0.000
0.000 0.000 0.000 4.139 4.637 4.579 3.633 0.000 0.000 3.073 0.000 3.203 3.706 3.611 3.129 0.000 0.774 1.853 1.792 0.592 0.000 0.000 0.000 0.000 2.659 2.289 2.005 0.431 0.000 0.000 0.857 0.000 0.000 0.000 0.000 0.000 0.000 0.000 0.000 0.809 0.830 0.842 0.220 0.000 0.000 0.273 0.489 1.186 1.509 1.681 1.424 0.000 2.004 0.313 3.416 4.462 4.228 3.642 2.420 1.929 1.689 1.714 1.493 1.671 1.728 1.753 1.692 1.548 1.574 1.523 0.713 1.054 1.382 1.590 1.346 0.000 0.000
0.000 0.000 0.000 0.000 3.907 4.376 4.937 4.810 0.412 0.178 2.536 3.642 3.731 3.715 3.650 3.188 0.583 1.165 0.000 1.728 0.000 0.000 0.000 0.000 1.995 2.674 0.830 0.757 0.807 2.224 1.888 0.000 1.321 0.954 0.000 0.000 0.000 1.655 0.000 0.314 0.000 0.566 0.371 0.000 0.456 0.655 0.815 1.505 0.217 1.782 0.650 0.000 1.923 1.214 4.349 4.535 3.907 2.948 2.171 1.826 1.658 1.644 1.741 1.712 1.866 1.774 1.742 1.698 1.604 0.688 1.453 1.555 1.723 1.668 0.000 0.000 0.000
0.000 0.000 0.000 0.000 0.000 2.393 4.483 4.874 4.222 0.448 2.736 1.713 1.178 2.861 3.669 3.623 2.595 0.000 0.000 1.748 2.159 0.000 0.000 1.785 2.339 2.251 2.378 0.919 0.490 0.000 1.759 1.137 1.526 0.000 0.647 1.658 0.560 1.154 0.292 1.105 0.180 0.000 0.000 1.031 1.294 1.332 1.354 1.601 1.774 1.889 0.733 0.212 1.097 3.543 4.458 4.470 3.789 2.498 2.010 1.345 0.000 1.903 2.106 2.003 2.023 1.775 1.925 1.666 0.777 1.697 1.825 1.845 1.850 0.000 0.000 0.000 0.000
1.056 0.000 0.000 0.000 0.000 0.000 3.769 3.701 4.912 4.570 0.000 0.000 0.000 0.000 2.680 3.551 3.058 0.000 0.000 1.561 0.670 0.000 0.000 0.000 1.567 0.699 2.150 1.747 1.310 0.000 2.009 0.000 0.000 1.706 2.191 1.389 1.564 0.000 0.000 0.000 0.000 0.000 1.787 1.876 1.672 1.645 1.068 1.196 0.000 1.887 1.611 1.109 3.385 4.136 4.617 4.072 2.961 2.462 1.915 1.315 1.315 0.257 2.151 2.126 2.055 1.827 1.906 0.737 1.837 2.172 1.880 1.692 0.000 0.000 0.000 0.000 0.000
0.719 1.241 2.775 2.692 0.000 0.000 0.362 3.256 3.916 5.085 4.651 0.000 0.000 0.000 0.000 2.652 3.356 2.615 1.674 0.000 0.000 0.000 0.000 0.000 0.558 0.875 0.943 0.169 1.451 1.799 2.304 1.246 1.803 1.451 1.327 0.000 1.143 1.133 0.000 0.000 0.987 1.918 2.011 1.947 1.765 1.658 1.486 1.336 1.755 1.892 0.000 0.138 3.086 4.067 4.255 3.381 2.789 2.453 2.048 1.358 0.000 0.000 2.368 2.297 2.073 2.144 0.798 2.048 2.063 1.998 1.669 0.000 0.000 0.000 0.000 0.000 0.000
0.005 1.474 2.807 3.166 0.000 0.000 0.000 0.000 1.741 4.488 4.955 2.660 0.000 0.000 0.000 1.799 3.319 3.172 3.347 2.598 0.000 0.000 0.000 0.000 0.000 1.234 0.000 0.000 0.000 1.369 0.764 0.000 1.753 2.101 0.000 0.000 0.000 0.000 0.000 2.367 2.197 2.127 2.033 1.947 1.747 1.670 1.471 0.441 1.417 1.969 0.000 0.000 3.881 2.600 1.995 3.088 2.623 2.507 2.054 1.451 1.872 2.100 2.422 2.435 2.305 1.391 1.963 1.982 1.840 1.831 0.000 0.000 0.000 0.000 0.000 0.000 0.000
0.000 0.563 2.437 3.327 3.215 2.299 0.000 0.000 2.937 2.958 4.570 4.608 2.965 0.000 0.000 2.310 2.193 3.286 3.436 3.370 3.186 3.000 2.636 1.780 0.000 0.000 0.000 1.084 1.027 1.956 0.879 0.000 0.000 0.000 0.000 0.000 0.000 1.723 2.156 2.293 2.199 2.127 2.050 1.909 1.811 1.627 0.000 0.000 0.000 1.902 0.000 0.000 1.147 4.151 3.647 3.264 2.724 2.427 1.913 1.561 2.315 2.501 2.564 2.426 1.461 1.861 2.101 2.318 2.280 0.000 0.000 0.000 0.000 0.000 0.000 0.000 0.000
0.000 0.000 1.131 2.119 3.279 2.983 1.065 0.000 0.000 0.000 2.114 0.000 4.648 3.081 2.654 0.000 0.000 1.447 3.291 3.423 3.386 3.346 3.281 3.160 2.993 2.159 1.313 0.284 1.260 0.000 0.000 0.624 0.000 0.263 1.808 2.230 2.354 2.352 2.372 2.279 2.243 2.106 2.036 1.950 1.846 1.748 0.000 0.000 1.140 2.328 0.000 0.000 2.821 3.406 3.323 2.943 2.681 1.978 2.095 2.240 2.372 2.514 2.420 1.459 1.970 2.234 2.337 2.628 0.000 0.000 0.000 0.000 0.000 0.000 0.000 0.000 0.000
0.000 0.529 1.366 1.766 2.410 2.500 2.916 2.167 0.000 0.000 3.440 1.171 4.811 4.957 0.000 0.000 0.000 0.000 2.443 3.429 3.411 3.375 3.303 3.259 3.235 3.229 3.157 3.109 3.000 2.908 2.828 2.544 2.550 2.566 2.584 2.523 2.460 2.404 2.344 2.292 2.275 2.151 2.067 1.948 1.882 1.829 0.287 0.000 0.000 2.317 1.200 3.631 4.305 3.858 3.588 2.773 2.335 2.298 2.321 2.470 2.546 2.377 1.444 2.146 2.417 2.413 2.523 0.000 0.000 0.000 0.000 0.000 0.000 0.000 0.000 0.000 0.000
0.000 0.695 1.699 1.425 1.196 1.441 1.260 2.602 1.615 0.000 1.582 3.481 1.733 4.606 2.361 1.163 0.000 0.000 1.457 3.399 3.422 3.418 3.332 3.313 3.301 3.202 3.156 3.100 3.044 2.986 2.935 2.841 2.718 2.663 2.606 2.517 2.462 2.419 2.317 2.281 2.225 2.175 2.059 1.991 1.992 1.888 1.692 0.000 2.008 2.560 4.115 4.493 4.400 4.335 3.102 1.678 1.977 2.386 2.500 2.676 2.804 1.657 2.288 2.578 2.630 2.600 0.000 0.000 0.000 0.000 0.000 0.000 0.000 0.000 0.000 0.000 0.000
1.556 1.624 1.899 1.145 1.569 1.614 1.474 1.773 0.926 0.000 0.000 2.230 0.059 5.023 4.847 1.873 0.000 2.702 3.047 3.353 3.439 3.349 3.329 3.310 3.248 3.193 3.092 3.031 2.986 2.982 2.914 2.835 2.683 2.695 2.589 2.521 2.449 2.376 2.295 2.255 2.188 2.129 2.075 2.018 1.938 1.775 1.866 2.372 2.874 4.036 4.373 4.535 4.262 3.366 2.653 2.088 2.247 2.392 2.508 2.727 2.037 2.349 2.627 2.895 2.859 0.000 0.000 0.000 0.000 0.000 0.000 0.000 0.000 0.000 0.000 0.000 0.000
3.727 2.764 2.277 2.493 2.197 1.834 1.438 1.319 1.729 0.000 0.000 1.516 4.041 0.000 5.702 5.475 4.290 4.238 0.000 3.023 3.336 3.331 3.317 3.355 3.256 3.224 3.131 3.038 2.989 2.969 2.927 2.814 2.633 2.619 2.535 2.465 2.402 2.326 2.245 2.201 2.148 2.145 2.050 1.923 1.701 0.411 0.000 2.873 3.262 4.184 4.426 4.029 0.000 1.837 2.162 1.644 0.000 2.408 2.677 1.893 2.377 2.723 2.927 2.896 0.000 0.000 0.000 0.000 0.000 0.000 0.000 0.000 0.000 0.000 0.000 0.000 0.000
2.455 2.964 3.179 3.299 2.769 1.501 0.949 0.800 2.003 0.000 0.000 0.000 1.648 0.000 2.104 5.698 3.775 4.202 3.500 0.000 3.185 3.374 3.366 3.375 3.311 3.236 3.158 3.028 2.978 2.978 2.873 2.836 2.716 2.573 2.617 2.468 2.392 2.315 2.244 2.188 2.192 2.081 1.910 0.000 0.769 1.843 2.297 3.419 4.321 4.665 4.496 2.134 0.000 0.000 2.038 2.268 2.347 2.410 1.925 2.587 2.861 3.049 3.002 0.000 0.000 0.000 0.000 0.000 0.000 0.000 0.000 0.000 0.000 0.000 0.000 0.000 0.000
1.126 1.536 2.356 2.615 2.690 2.709 2.314 1.915 0.960 2.249 2.190 0.000 2.066 2.911 3.250 5.121 5.684 0.671 3.877 3.369 2.818 3.196 3.203 3.348 3.313 3.240 3.167 3.095 2.965 2.875 2.835 2.803 2.734 2.584 2.540 2.447 2.376 2.294 2.263 2.248 2.230 1.731 1.575 0.239 1.921 1.513 0.000 3.371 4.596 3.158 2.029 0.569 0.000 1.054 2.074 2.307 2.222 1.657 2.620 2.995 3.111 3.158 0.000 0.000 0.000 0.000 0.000 0.000 0.000 0.000 0.000 0.000 0.000 0.000 0.000 0.000 0.000
2.005 0.608 0.755 1.347 1.059 1.300 1.315 1.445 1.652 2.829 3.833 0.000 0.000 0.000 0.000 0.000 5.199 5.129 2.534 3.364 3.345 3.211 1.890 3.245 3.289 3.194 3.152 3.072 2.999 2.911 2.930 2.781 2.686 2.576 2.487 2.429 2.388 2.299 2.227 2.028 1.905 1.857 1.745 1.865 0.000 0.000 0.000 4.102 4.901 4.775 2.479 0.000 0.000 2.118 2.354 2.390 1.687 2.937 3.049 3.243 3.231 0.000 0.000 0.000 0.000 0.000 0.000 0.000 0.000 0.000 0.000 0.000 0.000 0.000 0.000 0.000 0.000
1.065 1.386 0.580 0.592 0.399 0.073 0.000 0.000 0.000 0.902 2.484 3.521 3.027 0.000 0.000 0.000 1.417 5.318 4.735 2.403 3.519 2.947 0.000 2.954 2.879 0.877 3.085 3.052 2.998 2.933 2.870 2.800 2.694 2.534 2.490 2.421 2.396 1.977 0.299 0.000 2.018 2.184 1.331 0.000 0.000 0.000 3.793 4.720 4.928 4.427 3.139 0.000 2.336 2.461 2.472 1.693 2.601 2.847 2.913 3.045 0.000 0.000 0.000 0.000 0.000 0.000 0.000 0.000 0.000 0.000 0.000 0.000 0.000 0.000 0.000 0.000 0.000
0.000 0.832 1.825 1.414 0.879 0.000 0.000 0.000 0.000 0.000 0.979 2.425 4.583 1.880 0.000 0.000 2.083 5.202 5.051 3.399 0.000 0.000 1.671 2.821 1.418 2.365 2.218 2.867 2.910 2.988 2.851 2.747 2.698 2.636 2.537 2.452 2.159 0.691 0.000 0.000 0.000 1.901 0.705 0.000 2.269 3.567 4.736 4.985 3.849 2.427 1.561 2.108 2.358 2.502 1.838 2.771 2.892 2.945 2.893 0.000 0.000 0.000 0.000 0.000 0.000 0.000 0.000 0.000 0.000 0.000 0.000 0.000 0.000 0.000 0.000 0.000 0.000
0.000 0.000 1.508 1.941 1.436 0.396 0.000 0.000 0.000 0.000 0.000 1.295 2.532 3.013 2.750 0.000 0.000 0.000 0.666 4.544 0.000 0.000 0.000 1.962 2.951 0.095 0.000 0.000 0.000 1.941 2.890 2.563 2.706 2.653 2.510 2.279 0.471 0.000 0.000 0.000 0.000 0.002 2.928 3.545 4.430 4.929 5.157 3.428 1.524 2.237 2.444 2.510 2.102 2.106 2.886 2.954 2.899 2.910 0.000 0.000 0.000 0.000 0.000 0.000 0.000 0.000 0.000 0.000 0.000 0.000 0.000 0.000 0.000 0.000 0.000 0.000 0.000
0.000 0.000 0.000 2.317 2.263 1.215 0.771 0.072 0.389 0.737 1.446 1.994 1.660 2.405 2.324 2.643 0.000 0.000 0.000 4.671 0.000 1.968 0.000 0.415 2.899 3.335 0.000 1.791 0.000 0.000 0.000 1.091 1.991 2.184 1.520 0.000 0.000 0.000 1.860 0.000 0.000 2.430 4.075 4.604 5.158 4.731 1.394 0.000 0.000 0.735 2.653 1.835 2.448 2.874 2.924 2.868 2.850 0.000 0.000 0.000 0.000 0.000 0.000 0.000 0.000 0.000 0.000 0.000 0.000 0.000 0.000 0.000 0.000 0.000 0.000 0.000 0.000
0.000 0.000 0.000 1.588 2.159 2.502 2.419 2.557 2.571 3.043 3.766 3.778 2.972 1.315 1.661 2.947 3.080 1.699 0.000 0.000 4.572 4.860 5.536 3.063 2.928 2.673 2.881 2.438 0.291 0.000 0.000 0.000 0.000 0.000 0.000 0.000 0.654 2.487 2.926 2.624 0.817 4.307 4.927 5.238 4.540 2.039 0.000 0.000 0.000 0.000 2.331 2.816 2.854 2.692 2.886 2.923 0.000 0.000 0.000 0.000 0.000 0.000 0.000 0.000 0.000 0.000 0.000 0.000 0.000 0.000 0.000 0.000 0.000 0.000 0.000 0.000 0.000
0.000 0.000 0.000 0.000 0.000 4.633 3.317 2.814 2.344 2.253 3.001 3.529 3.707 2.130 0.513 0.715 3.300 3.399 2.279 2.601 4.427 4.336 5.822 5.718 0.344 0.000 0.475 3.451 3.437 3.439 3.072 2.221 3.091 0.809 3.070 2.879 3.257 3.729 4.475 4.619 4.956 5.456 5.349 4.881 2.364 0.000 0.000 0.000 0.000 0.000 2.847 2.924 3.038 2.944 2.941 0.000 0.000 0.000 0.000 0.000 0.000 0.000 0.000 0.000 0.000 0.000 0.000 0.000 0.000 0.000 0.000 0.000 0.000 0.000 0.000 0.000 0.000
0.000 0.000 0.000 0.000 4.860 5.425 3.807 1.877 1.751 1.019 0.501 1.498 1.693 0.821 0.460 0.913 2.169 4.062 3.475 1.416 0.000 0.000 2.936 5.311 4.624 0.000 0.000 4.355 4.316 4.084 3.947 3.811 3.726 3.809 4.000 4.180 3.329 5.172 5.395 5.462 5.471 5.131 4.481 2.877 0.000 0.000 0.000 0.000 1.011 2.434 3.009 3.074 3.052 2.548 0.000 0.000 0.000 0.000 0.000 0.000 0.000 0.000 0.000 0.000 0.000 0.000 0.000 0.000 0.000 0.000 0.000 0.000 0.000 0.000 0.000 0.000 0.000
0.000 0.000 0.000 0.574 5.640 5.420 0.902 1.738 0.900 1.047 0.829 0.892 0.543 0.184 0.409 1.094 2.750 3.781 5.203 3.317 0.000 0.000 0.000 1.781 5.255 5.286 5.531 5.856 5.721 5.770 5.443 5.475 5.368 5.537 5.503 5.543 5.585 4.896 2.945 3.231 4.291 4.071 2.766 0.000 2.478 0.000 0.000 1.263 2.730 3.025 3.147 3.203 3.237 0.000 0.000 0.000 0.000 0.000 0.000 0.000 0.000 0.000 0.000 0.000 0.000 0.000 0.000 0.000 0.000 0.000 0.000 0.000 0.000 0.000 0.000 0.000 0.000
0.000 0.000 0.000 0.000 2.796 0.091 4.016 0.184 0.000 1.278 0.712 0.000 0.000 0.000 0.810 1.620 2.399 1.554 3.536 4.740 3.195 0.000 0.000 0.000 0.000 2.441 4.948 5.693 5.632 4.966 4.649 4.684 5.506 5.483 5.350 4.830 4.911 0.000 0.000 0.000 0.000 2.536 2.462 1.635 2.432 2.458 2.631 3.059 3.062 3.152 3.314 3.321 0.000 0.000 0.000 0.000 0.000 0.000 0.000 0.000 0.000 0.000 0.000 0.000 0.000 0.000 0.000 0.000 0.000 0.000 0.000 0.000 0.000 0.000 0.000 0.000 0.000
0.000 0.000 0.000 0.000 0.000 0.000 0.000 0.000 0.000 1.484 0.705 0.000 0.000 0.000 0.000 0.000 0.000 0.727 1.510 3.563 4.435 3.764 0.511 0.000 0.000 0.000 2.029 3.353 3.404 0.000 0.000 0.000 0.000 3.517 0.000 3.534 0.000 0.000 0.000 0.000 0.000 1.494 2.479 2.891 3.038 3.068 3.103 3.150 3.179 3.315 3.428 0.000 0.000 0.000 0.000 0.000 0.000 0.000 0.000 0.000 0.000 0.000 0.000 0.000 0.000 0.000 0.000 0.000 0.000 0.000 0.000 0.000 0.000 0.000 0.000 0.000 0.000
0.000 0.000 0.000 0.000 0.000 0.000 0.000 0.000 0.000 0.000 0.000 0.000 0.000 0.000 0.000 0.000 0.000 0.000 0.000 2.087 5.081 4.043 3.507 1.938 1.188 0.000 0.000 0.000 0.000 0.000 0.000 0.000 0.000 0.000 0.000 0.000 0.000 0.000 0.000 0.000 2.194 2.905 3.015 3.186 3.243 3.193 3.265 3.285 3.329 3.374 0.000 0.000 0.000 0.000 0.000 0.000 0.000 0.000 0.000 0.000 0.000 0.000 0.000 0.000 0.000 0.000 0.000 0.000 0.000 0.000 0.000 0.000 0.000 0.000 0.000 0.000 0.000
0.000 0.000 0.000 0.000 0.000 0.000 0.000 0.000 0.000 0.000 0.000 0.000 0.000 0.000 0.000 0.000 0.000 0.000 0.000 0.000 3.083 4.326 4.103 3.705 3.228 1.898 0.241 0.000 0.000 2.589 1.161 0.410 0.000 2.500 1.311 0.889 1.415 1.529 2.589 2.959 3.293 3.262 3.357 3.302 3.337 3.384 3.379 3.453 3.456 0.000 0.000 0.000 0.000 0.000 0.000 0.000 0.000 0.000 0.000 0.000 0.000 0.000 0.000 0.000 0.000 0.000 0.000 0.000 0.000 0.000 0.000 0.000 0.000 0.000 0.000 0.000 0.000
0.000 0.000 0.000 0.000 0.000 0.000 0.000 0.000 0.000 0.000 0.000 0.000 0.000 0.000 0.000 0.000 0.000 0.000 0.000 0.000 4.181 4.479 4.150 4.164 3.980 3.678 3.485 3.222 3.367 3.178 2.716 2.607 2.548 2.878 3.018 3.298 3.143 3.125 3.209 3.139 3.159 3.291 3.375 3.521 3.560 3.467 3.508 3.494 0.000 0.000 0.000 0.000 0.000 0.000 0.000 0.000 0.000 0.000 0.000 0.000 0.000 0.000 0.000 0.000 0.000 0.000 0.000 0.000 0.000 0.000 0.000 0.000 0.000 0.000 0.000 0.000 0.000
0.000 0.000 0.000 0.000 0.000 0.000 0.000 0.000 0.000 0.000 0.000 0.000 0.000 0.000 0.000 0.000 0.000 0.000 0.000 0.000 3.901 4.868 4.466 4.343 4.223 3.958 3.856 3.701 3.707 3.544 3.475 3.471 3.458 3.438 3.486 3.289 3.300 3.278 3.307 3.382 3.386 3.354 3.338 3.342 3.517 3.698 3.656 0.000 0.000 0.000 0.000 0.000 0.000 0.000 0.000 0.000 0.000 0.000 0.000 0.000 0.000 0.000 0.000 0.000 0.000 0.000 0.000 0.000 0.000 0.000 0.000 0.000 0.000 0.000 0.000 0.000 0.000
