LISFLOOD_FP/Result/4_LISFLOOD_FP/combined_output/combined_angle_45_x_0_y_0/out-0009.elev
ncols         192
nrows         192
xllcorner     1771145.000000
yllcorner     5471774.000000
cellsize      10.000000
NODATA_value  -9999.000000
[rows 112 to 139 of 192, columns 63 to 125 of 192]
9.374 9.385 9.400 9.443 9.519 9.608 9.633 9.663 9.695 9.721 -9999.000 9.904 -9999.000 -9999.000 -9999.000 11.505 11.532 11.535 -9999.000 -9999.000 -9999.000 -9999.000 10.708 10.717 10.742 10.795 -9999.000 -9999.000 -9999.000 12.057 12.058 12.059 12.061 12.061 -9999.000 -9999.000 -9999.000 -9999.000 -9999.000 11.679 -9999.000 -9999.000 -9999.000 11.760 11.755 -9999.000 11.720 11.719 -9999.000 -9999.000 -9999.000 -9999.000 -9999.000 12.236 12.243 12.257 12.269 12.280 12.292 12.305 12.330 12.473 12.557
9.380 9.391 9.408 9.439 9.498 9.588 9.635 9.671 9.716 9.771 9.931 10.116 -9999.000 -9999.000 -9999.000 11.520 11.537 11.540 11.545 11.547 -9999.000 -9999.000 10.738 10.744 10.801 10.852 11.200 -9999.000 -9999.000 12.058 12.058 12.060 12.061 12.063 12.065 12.067 12.069 12.071 -9999.000 -9999.000 -9999.000 11.951 11.949 11.793 11.775 -9999.000 -9999.000 -9999.000 -9999.000 -9999.000 -9999.000 12.208 12.215 12.229 12.239 12.251 12.264 12.276 12.287 12.294 -9999.000 -9999.000 -9999.000
-9999.000 9.399 9.407 9.418 9.433 -9999.000 -9999.000 -9999.000 -9999.000 -9999.000 10.060 10.326 -9999.000 -9999.000 -9999.000 -9999.000 11.545 11.546 11.547 11.549 11.552 -9999.000 -9999.000 -9999.000 11.004 -9999.000 11.460 11.506 11.506 -9999.000 -9999.000 12.061 12.062 12.063 12.065 12.067 12.071 12.075 12.080 12.084 12.086 12.038 12.046 -9999.000 -9999.000 12.128 -9999.000 12.156 12.167 12.173 12.182 12.196 12.208 12.222 12.233 12.246 12.260 12.274 12.286 12.294 -9999.000 -9999.000 12.732
-9999.000 -9999.000 -9999.000 -9999.000 -9999.000 -9999.000 -9999.000 -9999.000 -9999.000 -9999.000 -9999.000 10.544 11.106 -9999.000 -9999.000 11.552 11.550 11.550 11.551 11.552 11.557 11.561 -9999.000 -9999.000 11.134 11.393 11.495 11.536 -9999.000 -9999.000 -9999.000 -9999.000 12.062 12.063 12.065 12.068 12.072 12.077 12.082 12.089 12.096 12.102 12.106 12.115 12.121 12.129 12.137 12.146 12.157 12.168 12.178 12.191 12.203 12.216 12.228 12.242 12.256 12.273 12.289 12.300 12.367 -9999.000 -9999.000
-9999.000 -9999.000 -9999.000 -9999.000 -9999.000 -9999.000 -9999.000 -9999.000 -9999.000 -9999.000 -9999.000 -9999.000 11.390 11.470 -9999.000 11.552 11.554 11.555 11.558 11.561 11.564 11.565 11.568 -9999.000 11.321 11.462 11.499 11.616 11.705 11.747 -9999.000 -9999.000 12.058 12.062 12.064 12.067 12.072 12.078 12.084 12.091 12.097 12.103 12.109 12.116 12.122 12.129 12.137 12.145 12.154 12.164 12.175 12.186 12.199 12.211 12.224 12.237 12.253 12.274 12.297 12.333 12.409 -9999.000 12.785
-9999.000 -9999.000 -9999.000 -9999.000 -9999.000 -9999.000 -9999.000 -9999.000 -9999.000 -9999.000 -9999.000 -9999.000 11.453 11.506 11.537 11.551 11.556 11.560 11.566 11.567 11.569 11.570 11.578 -9999.000 -9999.000 11.491 -9999.000 11.681 11.743 11.779 -9999.000 11.963 12.025 12.056 12.062 12.066 12.072 12.079 12.086 12.093 12.099 12.105 12.111 12.117 12.123 12.129 12.136 12.143 12.152 12.161 12.172 12.183 12.195 12.207 12.219 12.232 12.249 12.273 12.304 12.373 12.501 12.725 12.772
-9999.000 -9999.000 -9999.000 -9999.000 -9999.000 -9999.000 -9999.000 -9999.000 -9999.000 -9999.000 -9999.000 -9999.000 11.494 11.531 11.546 11.556 11.562 11.568 11.571 11.572 11.575 11.581 11.599 -9999.000 -9999.000 11.591 11.680 -9999.000 11.811 11.848 11.874 11.891 -9999.000 12.058 12.059 12.064 12.072 12.080 12.089 12.095 12.102 12.108 12.113 12.118 12.124 12.129 12.135 12.142 12.150 12.158 12.168 12.179 12.191 12.203 12.215 12.226 12.241 12.269 12.303 12.560 -9999.000 12.759 12.771
-9999.000 -9999.000 -9999.000 -9999.000 -9999.000 -9999.000 -9999.000 -9999.000 -9999.000 -9999.000 -9999.000 -9999.000 11.536 11.553 11.555 11.561 11.567 11.571 11.575 11.579 11.588 11.602 11.614 -9999.000 -9999.000 -9999.000 11.752 -9999.000 11.846 11.862 11.879 11.892 11.915 -9999.000 12.052 12.060 12.071 12.083 12.092 12.099 12.105 12.110 12.115 12.120 12.125 12.129 12.135 12.141 12.148 12.155 12.165 12.176 12.188 12.200 12.211 12.220 12.226 -9999.000 12.636 12.715 12.745 12.759 12.766
-9999.000 -9999.000 -9999.000 -9999.000 -9999.000 -9999.000 -9999.000 -9999.000 -9999.000 -9999.000 -9999.000 -9999.000 11.566 11.564 11.566 11.569 11.573 11.578 11.583 11.596 11.618 11.650 11.770 11.943 11.955 -9999.000 11.815 11.845 11.855 11.868 11.882 11.915 11.940 11.969 12.018 12.044 12.069 12.088 12.097 12.103 12.108 12.113 12.117 12.121 12.125 12.130 12.134 12.140 12.145 12.152 12.161 12.172 12.185 12.198 12.209 12.218 12.223 12.540 12.689 12.700 -9999.000 12.759 12.761
-9999.000 -9999.000 -9999.000 -9999.000 -9999.000 -9999.000 -9999.000 -9999.000 -9999.000 -9999.000 -9999.000 -9999.000 11.566 11.567 11.573 11.617 11.627 11.610 11.617 11.625 11.650 11.711 11.837 11.946 11.970 -9999.000 -9999.000 -9999.000 -9999.000 -9999.000 11.900 11.917 11.938 11.970 11.998 12.018 12.064 12.100 12.104 12.106 12.112 12.116 12.119 12.123 12.126 12.130 12.134 12.138 12.143 12.149 12.156 12.167 12.183 12.197 12.211 12.219 12.223 12.223 -9999.000 -9999.000 -9999.000 12.756 12.758
-9999.000 -9999.000 -9999.000 -9999.000 -9999.000 -9999.000 -9999.000 -9999.000 -9999.000 -9999.000 -9999.000 -9999.000 -9999.000 -9999.000 11.637 11.693 11.824 11.865 11.905 11.845 -9999.000 -9999.000 -9999.000 12.007 12.050 12.117 12.132 -9999.000 -9999.000 -9999.000 11.922 11.926 11.929 11.954 11.994 12.005 -9999.000 12.123 12.118 12.117 12.117 12.119 12.121 12.124 12.127 12.130 12.134 12.138 12.141 12.146 12.151 12.158 12.160 -9999.000 12.218 12.222 12.231 -9999.000 -9999.000 -9999.000 12.743 12.750 12.755
-9999.000 -9999.000 -9999.000 -9999.000 -9999.000 -9999.000 -9999.000 -9999.000 -9999.000 -9999.000 -9999.000 -9999.000 -9999.000 -9999.000 -9999.000 11.872 11.993 12.013 12.030 -9999.000 -9999.000 -9999.000 -9999.000 -9999.000 12.104 12.135 12.147 12.173 -9999.000 -9999.000 11.925 11.927 11.929 11.934 -9999.000 -9999.000 12.162 12.162 12.195 12.130 12.122 12.121 12.122 12.125 12.128 12.131 12.134 12.137 12.140 12.143 12.147 12.152 -9999.000 -9999.000 -9999.000 12.227 12.440 -9999.000 12.714 12.722 12.735 12.744 12.752
-9999.000 -9999.000 -9999.000 -9999.000 -9999.000 -9999.000 -9999.000 -9999.000 -9999.000 -9999.000 -9999.000 -9999.000 -9999.000 -9999.000 -9999.000 -9999.000 12.021 12.053 12.068 12.103 -9999.000 -9999.000 -9999.000 -9999.000 -9999.000 12.163 12.173 12.196 12.213 -9999.000 -9999.000 -9999.000 11.933 11.934 -9999.000 -9999.000 -9999.000 12.274 12.393 12.431 -9999.000 -9999.000 -9999.000 12.128 12.129 12.131 12.134 12.136 12.139 12.141 12.143 -9999.000 -9999.000 -9999.000 -9999.000 -9999.000 12.687 12.694 12.702 12.712 12.726 12.736 12.751
-9999.000 -9999.000 -9999.000 -9999.000 -9999.000 -9999.000 -9999.000 -9999.000 -9999.000 -9999.000 -9999.000 -9999.000 -9999.000 -9999.000 -9999.000 -9999.000 -9999.000 12.084 12.093 12.119 12.128 12.151 12.174 12.174 12.175 12.175 12.182 12.211 12.249 12.327 -9999.000 -9999.000 -9999.000 11.934 -9999.000 12.582 -9999.000 12.460 12.498 12.520 -9999.000 12.596 -9999.000 -9999.000 -9999.000 12.134 12.135 12.136 12.137 -9999.000 -9999.000 -9999.000 12.667 -9999.000 -9999.000 12.685 12.687 12.691 12.697 12.703 12.712 -9999.000 -9999.000
-9999.000 -9999.000 -9999.000 -9999.000 -9999.000 -9999.000 -9999.000 -9999.000 -9999.000 -9999.000 -9999.000 -9999.000 -9999.000 -9999.000 -9999.000 -9999.000 -9999.000 12.097 12.110 12.142 12.150 12.156 12.161 12.169 12.173 12.175 12.178 12.214 12.293 12.387 12.475 12.514 -9999.000 -9999.000 12.582 12.582 12.582 12.575 12.539 12.541 12.564 12.596 12.612 -9999.000 -9999.000 -9999.000 -9999.000 -9999.000 -9999.000 -9999.000 12.664 12.666 12.667 12.668 12.671 12.682 12.684 12.687 12.692 12.697 -9999.000 -9999.000 -9999.000
-9999.000 -9999.000 -9999.000 -9999.000 -9999.000 -9999.000 -9999.000 -9999.000 -9999.000 -9999.000 -9999.000 -9999.000 -9999.000 -9999.000 -9999.000 -9999.000 -9999.000 -9999.000 -9999.000 12.151 12.153 12.156 12.160 12.167 12.173 12.176 12.179 12.187 12.375 12.474 12.528 12.550 12.569 12.577 12.582 12.582 12.583 12.584 12.572 -9999.000 12.602 12.627 12.631 12.633 12.635 12.638 12.640 12.644 12.650 12.652 12.657 12.663 12.667 12.670 12.674 12.678 12.681 12.684 12.688 -9999.000 -9999.000 -9999.000 -9999.000
-9999.000 -9999.000 -9999.000 -9999.000 -9999.000 -9999.000 -9999.000 -9999.000 -9999.000 -9999.000 -9999.000 -9999.000 -9999.000 -9999.000 -9999.000 -9999.000 -9999.000 -9999.000 12.158 12.152 12.152 12.155 12.158 12.162 12.169 12.177 12.178 12.197 12.424 12.524 12.553 12.565 12.572 12.580 -9999.000 -9999.000 12.586 12.590 12.601 -9999.000 -9999.000 12.630 12.631 12.633 12.635 12.638 12.641 12.644 12.648 12.650 12.655 12.662 12.666 12.670 12.674 12.677 12.679 12.681 -9999.000 -9999.000 -9999.000 -9999.000 12.727
-9999.000 -9999.000 -9999.000 -9999.000 -9999.000 -9999.000 -9999.000 -9999.000 -9999.000 -9999.000 -9999.000 -9999.000 -9999.000 -9999.000 -9999.000 -9999.000 -9999.000 12.152 12.151 12.143 12.154 12.155 12.158 12.163 12.166 12.173 12.178 12.414 12.512 12.553 12.564 12.570 12.580 12.591 -9999.000 -9999.000 -9999.000 12.602 12.612 12.621 12.627 12.630 12.631 12.633 12.636 12.639 12.641 12.644 12.647 12.649 12.652 12.658 12.665 12.670 12.674 12.676 12.677 -9999.000 12.683 -9999.000 -9999.000 12.710 12.717
-9999.000 -9999.000 -9999.000 -9999.000 -9999.000 -9999.000 -9999.000 -9999.000 -9999.000 -9999.000 -9999.000 -9999.000 -9999.000 -9999.000 -9999.000 -9999.000 -9999.000 -9999.000 12.152 12.150 12.153 12.153 -9999.000 12.163 12.164 -9999.000 -9999.000 -9999.000 12.555 12.561 12.565 12.575 12.592 12.605 12.620 -9999.000 -9999.000 -9999.000 -9999.000 12.627 12.629 12.630 12.631 12.633 12.636 12.639 12.642 12.644 12.646 12.649 12.650 -9999.000 -9999.000 -9999.000 -9999.000 12.676 12.677 12.679 12.683 12.686 12.691 12.698 12.708
-9999.000 -9999.000 -9999.000 -9999.000 -9999.000 -9999.000 -9999.000 -9999.000 -9999.000 -9999.000 -9999.000 -9999.000 -9999.000 -9999.000 -9999.000 -9999.000 -9999.000 -9999.000 -9999.000 -9999.000 -9999.000 -9999.000 -9999.000 12.163 12.163 -9999.000 -9999.000 -9999.000 -9999.000 -9999.000 -9999.000 12.594 12.604 12.621 12.634 12.641 12.646 -9999.000 -9999.000 -9999.000 12.630 12.630 12.631 -9999.000 -9999.000 -9999.000 -9999.000 12.644 -9999.000 12.649 -9999.000 -9999.000 -9999.000 -9999.000 -9999.000 12.676 12.677 12.679 12.681 12.684 12.689 12.695 12.702
-9999.000 -9999.000 -9999.000 -9999.000 -9999.000 -9999.000 -9999.000 -9999.000 -9999.000 -9999.000 -9999.000 -9999.000 -9999.000 -9999.000 -9999.000 -9999.000 -9999.000 -9999.000 -9999.000 -9999.000 -9999.000 -9999.000 -9999.000 -9999.000 -9999.000 -9999.000 -9999.000 -9999.000 -9999.000 -9999.000 -9999.000 -9999.000 -9999.000 12.630 12.642 12.647 12.652 12.655 12.656 -9999.000 -9999.000 -9999.000 -9999.000 -9999.000 -9999.000 -9999.000 -9999.000 -9999.000 -9999.000 -9999.000 -9999.000 -9999.000 -9999.000 -9999.000 12.673 12.674 12.676 12.678 12.680 12.683 12.686 12.691 12.696
-9999.000 -9999.000 -9999.000 -9999.000 -9999.000 -9999.000 -9999.000 -9999.000 -9999.000 -9999.000 -9999.000 -9999.000 -9999.000 -9999.000 -9999.000 -9999.000 -9999.000 -9999.000 -9999.000 -9999.000 -9999.000 -9999.000 -9999.000 -9999.000 -9999.000 -9999.000 -9999.000 -9999.000 -9999.000 -9999.000 -9999.000 -9999.000 -9999.000 -9999.000 12.651 12.653 12.655 12.657 12.658 12.658 12.657 -9999.000 -9999.000 12.662 12.662 12.662 -9999.000 12.664 12.665 12.665 12.667 12.667 12.669 12.670 12.671 12.673 12.675 12.677 12.679 12.681 12.684 12.687 12.691
-9999.000 -9999.000 -9999.000 -9999.000 -9999.000 -9999.000 -9999.000 -9999.000 -9999.000 -9999.000 -9999.000 -9999.000 -9999.000 -9999.000 -9999.000 -9999.000 -9999.000 -9999.000 -9999.000 -9999.000 -9999.000 -9999.000 -9999.000 -9999.000 -9999.000 -9999.000 -9999.000 -9999.000 -9999.000 -9999.000 -9999.000 -9999.000 -9999.000 -9999.000 12.656 12.656 12.657 12.658 12.659 12.660 12.661 12.662 12.662 12.662 12.663 12.663 12.664 12.664 12.664 12.665 12.666 12.667 12.668 12.669 12.671 12.672 12.674 12.675 12.677 12.679 12.682 12.684 -9999.000
-9999.000 -9999.000 -9999.000 -9999.000 -9999.000 -9999.000 -9999.000 -9999.000 -9999.000 -9999.000 -9999.000 -9999.000 -9999.000 -9999.000 -9999.000 -9999.000 -9999.000 -9999.000 -9999.000 -9999.000 -9999.000 -9999.000 -9999.000 -9999.000 -9999.000 -9999.000 -9999.000 -9999.000 -9999.000 -9999.000 -9999.000 -9999.000 -9999.000 -9999.000 12.657 12.657 12.658 12.658 12.659 12.660 12.661 12.662 12.662 12.662 12.663 12.663 12.664 12.664 12.664 12.665 12.666 12.666 12.667 12.668 12.670 12.671 12.672 12.674 12.676 12.677 12.679 -9999.000 -9999.000
-9999.000 -9999.000 -9999.000 -9999.000 -9999.000 -9999.000 -9999.000 -9999.000 -9999.000 -9999.000 -9999.000 -9999.000 -9999.000 -9999.000 -9999.000 -9999.000 -9999.000 -9999.000 -9999.000 -9999.000 -9999.000 -9999.000 -9999.000 -9999.000 -9999.000 -9999.000 -9999.000 -9999.000 -9999.000 -9999.000 -9999.000 -9999.000 12.659 12.659 12.658 12.659 12.658 12.659 12.659 12.661 12.661 12.662 12.662 12.663 12.663 12.663 12.663 12.664 12.664 12.665 12.665 12.666 12.667 12.668 12.669 12.670 12.671 12.673 12.674 12.676 -9999.000 -9999.000 -9999.000
-9999.000 -9999.000 -9999.000 -9999.000 -9999.000 -9999.000 -9999.000 -9999.000 -9999.000 -9999.000 -9999.000 -9999.000 -9999.000 -9999.000 -9999.000 -9999.000 -9999.000 -9999.000 -9999.000 -9999.000 -9999.000 -9999.000 -9999.000 -9999.000 -9999.000 -9999.000 -9999.000 -9999.000 -9999.000 -9999.000 -9999.000 -9999.000 12.659 12.659 12.659 12.659 12.659 12.659 -9999.000 12.662 12.662 12.662 12.662 12.662 12.663 12.663 12.663 12.664 12.664 12.665 12.665 12.666 12.667 12.667 12.668 12.669 12.670 12.671 12.673 -9999.000 -9999.000 -9999.000 -9999.000
-9999.000 -9999.000 -9999.000 -9999.000 -9999.000 -9999.000 -9999.000 -9999.000 -9999.000 -9999.000 -9999.000 -9999.000 -9999.000 -9999.000 -9999.000 -9999.000 -9999.000 -9999.000 -9999.000 -9999.000 -9999.000 -9999.000 -9999.000 -9999.000 -9999.000 -9999.000 -9999.000 -9999.000 -9999.000 -9999.000 -9999.000 -9999.000 -9999.000 12.659 12.659 12.659 12.659 12.659 -9999.000 12.662 12.662 12.662 12.663 12.663 12.663 12.663 12.664 12.664 12.664 12.665 12.665 12.666 12.666 12.667 12.667 12.668 12.669 12.670 -9999.000 -9999.000 -9999.000 -9999.000 -9999.000
-9999.000 -9999.000 -9999.000 -9999.000 -9999.000 -9999.000 -9999.000 -9999.000 -9999.000 -9999.000 -9999.000 -9999.000 -9999.000 -9999.000 -9999.000 -9999.000 -9999.000 -9999.000 -9999.000 -9999.000 -9999.000 -9999.000 -9999.000 -9999.000 -9999.000 -9999.000 -9999.000 -9999.000 -9999.000 -9999.000 -9999.000 -9999.000 -9999.000 12.659 12.660 12.660 12.660 12.661 -9999.000 12.662 12.662 12.662 12.662 12.663 12.663 12.663 12.663 12.664 12.664 12.664 12.665 12.665 12.666 12.666 12.667 12.668 12.668 -9999.000 -9999.000 -9999.000 -9999.000 -9999.000 -9999.000
