LISFLOOD_FP/Result/4_LISFLOOD_FP/combined_output/combined_angle_45_x_0_y_0/out-0007.wd
ncols         192
nrows         192
xllcorner     1771145.000000
yllcorner     5471774.000000
cellsize      10.000000
NODATA_value  -9999.000000
[rows 102 to 135 of 192, columns 77 to 153 of 192]
0.000 0.000 0.000 0.000 0.000 0.000 0.000 0.000 0.000 0.000 0.000 0.000 0.000 0.000 0.000 0.000 0.000 0.000 0.415 0.000 0.000 0.000 0.000 0.000 0.000 0.000 0.000 0.000 0.000 0.000 0.000 0.000 0.000 0.000 0.000 0.000 0.000 0.000 0.000 0.000 0.000 0.000 0.000 0.976 0.873 0.873 0.847 1.509 0.000 0.000 0.443 0.863 0.814 0.674 1.560 1.823 0.000 1.381 3.930 4.097 3.637 3.325 2.120 1.608 1.307 0.946 0.788 0.926 1.072 0.984 0.704 0.204 0.171 1.051 1.170 1.561 1.937
2.337 0.491 0.000 0.000 0.000 0.000 0.000 0.000 0.000 0.000 0.000 0.000 0.000 0.000 0.000 0.000 0.000 0.728 0.748 0.000 0.000 0.000 0.000 0.000 0.000 0.000 0.000 0.000 0.000 0.000 0.000 0.000 0.000 0.000 0.000 0.000 0.000 0.000 0.000 0.000 0.000 0.947 1.155 0.589 0.710 0.714 0.865 1.135 0.450 0.467 0.433 0.948 0.000 0.000 1.374 0.458 3.376 3.973 4.161 3.487 3.290 2.039 1.322 1.203 1.174 1.089 1.085 1.386 1.275 1.201 1.062 0.912 1.037 1.103 1.112 0.786 0.601
3.537 3.380 2.439 0.000 0.000 0.000 0.000 0.000 0.000 0.000 0.000 0.000 0.000 0.000 0.000 0.000 0.274 0.411 0.632 0.000 0.000 0.000 0.000 0.000 0.000 0.000 0.000 0.000 0.000 0.000 0.000 0.000 0.000 0.000 0.000 0.000 0.000 0.000 0.000 0.000 0.000 0.000 0.000 0.658 0.248 0.616 0.956 1.273 0.895 0.106 0.757 0.228 1.107 1.410 0.154 3.196 4.105 4.231 4.002 3.446 1.873 1.221 1.236 0.938 1.310 1.247 1.198 1.267 1.245 1.265 1.002 0.938 0.975 1.099 0.674 0.668 0.974
3.452 3.441 3.908 3.158 0.000 0.000 0.000 0.000 0.000 0.000 0.000 2.595 0.000 0.000 0.000 0.335 0.311 0.085 0.703 1.109 0.455 0.100 0.063 0.000 0.821 0.798 0.000 0.000 0.000 0.000 0.032 0.000 0.000 0.000 0.000 0.000 0.000 0.000 0.000 0.000 0.000 0.000 0.000 0.525 0.000 0.000 0.826 0.000 0.248 0.530 0.875 0.000 0.186 1.998 0.002 3.059 4.339 4.029 3.221 2.215 1.459 1.385 1.241 1.216 1.199 1.319 1.278 1.325 1.361 1.176 1.083 1.163 1.132 0.379 0.818 1.019 1.151
0.000 2.452 3.351 3.763 3.195 1.092 0.000 0.000 0.000 0.000 1.914 2.894 3.053 1.952 0.000 0.394 0.000 0.000 0.982 0.855 0.569 0.000 0.000 0.017 0.958 0.291 0.000 0.000 0.000 0.000 0.035 0.057 0.000 0.000 0.000 0.000 0.000 0.000 0.000 0.000 0.000 0.000 0.000 0.000 0.000 0.604 0.739 0.296 0.833 1.207 1.145 0.185 0.122 1.504 0.000 4.102 4.300 3.628 2.907 1.762 1.583 1.379 1.335 1.366 1.319 1.378 1.376 1.328 1.264 1.219 1.275 0.919 0.541 0.933 1.238 1.183 0.000
0.000 0.000 0.000 3.260 3.786 3.755 2.827 0.000 0.000 0.000 0.000 2.905 3.408 3.313 2.830 0.000 0.207 0.672 0.536 0.000 0.000 0.000 0.000 0.000 1.159 0.793 0.509 0.000 0.000 0.000 0.068 0.000 0.000 0.000 0.000 0.000 0.000 0.000 0.000 0.000 0.000 0.000 0.000 0.000 0.000 0.000 0.192 0.925 1.247 1.418 1.159 0.000 1.824 0.115 3.228 4.274 4.040 3.453 2.230 1.737 1.494 1.516 1.293 1.469 1.523 1.547 1.485 1.340 1.365 1.313 0.500 0.840 1.166 1.374 1.137 0.000 0.000
0.000 0.000 0.000 0.000 3.079 3.564 4.153 4.035 0.000 0.000 2.240 3.344 3.434 3.417 3.351 2.889 0.254 0.319 0.000 0.000 0.000 0.000 0.000 0.000 0.500 1.181 0.000 0.000 0.058 1.489 1.152 0.000 0.581 0.213 0.000 0.000 0.000 0.000 0.000 0.000 0.000 0.000 0.000 0.000 0.197 0.393 0.552 1.245 0.000 1.527 0.399 0.000 1.742 1.029 4.161 4.347 3.719 2.759 1.981 1.635 1.462 1.445 1.540 1.509 1.662 1.568 1.535 1.491 1.395 0.475 1.234 1.336 1.505 1.450 0.000 0.000 0.000
0.000 0.000 0.000 0.000 0.000 1.608 3.713 4.109 3.472 0.258 2.441 1.417 0.881 2.562 3.370 3.323 2.295 0.000 0.000 0.000 0.000 0.000 0.000 0.297 0.850 0.766 0.918 0.000 0.000 0.000 1.021 0.399 0.787 0.000 0.000 0.732 0.000 0.000 0.000 0.000 0.000 0.000 0.000 0.729 0.995 1.039 1.079 1.341 1.521 1.640 0.486 0.068 0.915 3.357 4.270 4.282 3.601 2.309 1.820 1.154 0.000 1.703 1.903 1.799 1.818 1.569 1.719 1.459 0.565 1.479 1.606 1.626 1.631 0.000 0.000 0.000 0.000
0.623 0.000 0.000 0.000 0.000 0.000 3.008 2.951 4.181 3.854 0.000 0.000 0.000 0.000 2.381 3.251 2.757 0.000 0.000 0.000 0.000 0.000 0.000 0.000 0.002 0.000 0.731 0.490 0.397 0.000 1.271 0.000 0.000 0.796 1.281 0.466 0.632 0.000 0.000 0.000 0.000 0.000 1.479 1.568 1.367 1.343 0.787 0.932 0.000 1.654 1.385 0.917 3.199 3.949 4.429 3.884 2.772 2.271 1.724 1.122 1.120 0.027 1.946 1.921 1.850 1.622 1.701 0.527 1.621 1.955 1.662 1.474 0.000 0.000 0.000 0.000 0.000
0.534 1.033 2.557 2.473 0.000 0.000 0.000 2.523 3.194 4.386 3.965 0.000 0.000 0.000 0.000 2.349 3.052 2.309 1.368 0.000 0.000 0.000 0.000 0.000 0.000 0.000 0.000 0.000 0.669 1.067 1.565 0.446 0.910 0.551 0.421 0.000 0.133 0.015 0.000 0.000 0.677 1.609 1.703 1.639 1.459 1.356 1.193 1.080 1.525 1.664 0.000 0.000 2.900 3.880 4.067 3.193 2.599 2.262 1.856 1.163 0.000 0.000 2.163 2.091 1.868 1.938 0.589 1.833 1.847 1.782 1.452 0.000 0.000 0.000 0.000 0.000 0.000
0.000 1.258 2.589 2.946 0.000 0.000 0.000 0.000 1.065 3.805 4.279 2.008 0.000 0.000 0.000 1.495 3.014 2.866 3.040 2.290 0.000 0.000 0.000 0.000 0.000 0.000 0.000 0.000 0.000 0.746 0.174 0.000 0.857 1.204 0.000 0.000 0.000 0.000 0.000 2.054 1.884 1.816 1.724 1.639 1.441 1.366 1.170 0.219 1.195 1.750 0.000 0.000 3.694 2.411 1.804 2.896 2.431 2.314 1.859 1.253 1.673 1.899 2.219 2.230 2.099 1.183 1.753 1.770 1.626 1.615 0.000 0.000 0.000 0.000 0.000 0.000 0.000
0.000 0.345 2.217 3.106 2.993 2.076 0.000 0.000 2.268 2.289 3.919 3.982 2.495 0.000 0.000 2.004 1.887 2.979 3.128 3.061 2.876 2.689 2.325 1.468 0.000 0.000 0.000 0.687 0.633 1.400 0.306 0.000 0.000 0.000 0.000 0.000 0.000 1.408 1.841 1.979 1.885 1.816 1.740 1.601 1.505 1.324 0.000 0.000 0.000 1.693 0.000 0.000 0.956 3.955 3.450 3.069 2.529 2.232 1.716 1.362 2.115 2.300 2.361 2.222 1.255 1.653 1.892 2.107 2.067 0.000 0.000 0.000 0.000 0.000 0.000 0.000 0.000
0.000 0.000 0.908 1.897 3.056 2.760 0.841 0.000 0.000 0.000 1.544 0.000 4.259 2.702 2.275 0.000 0.000 1.138 2.982 3.113 3.076 3.035 2.970 2.848 2.680 1.846 1.001 0.000 0.926 0.000 0.000 0.298 0.000 0.000 1.492 1.914 2.037 2.036 2.057 1.965 1.929 1.794 1.726 1.642 1.541 1.445 0.000 0.000 0.937 2.125 0.000 0.000 2.622 3.209 3.125 2.747 2.484 1.781 1.896 2.041 2.172 2.313 2.217 1.255 1.764 2.026 2.128 2.418 0.000 0.000 0.000 0.000 0.000 0.000 0.000 0.000 0.000
0.000 0.304 1.142 1.542 2.187 2.276 2.692 1.942 0.000 0.000 2.893 0.747 4.430 4.583 0.000 0.000 0.000 0.000 2.133 3.118 3.100 3.064 2.991 2.947 2.923 2.916 2.844 2.795 2.687 2.593 2.513 2.228 2.234 2.250 2.267 2.206 2.143 2.088 2.028 1.977 1.961 1.839 1.757 1.641 1.579 1.530 0.001 0.000 0.000 2.116 1.003 3.433 4.106 3.659 3.390 2.576 2.138 2.100 2.122 2.271 2.346 2.176 1.241 1.942 2.212 2.207 2.315 0.000 0.000 0.000 0.000 0.000 0.000 0.000 0.000 0.000 0.000
0.000 0.471 1.475 1.201 0.972 1.217 1.035 2.377 1.390 0.000 1.138 3.084 1.344 4.241 2.006 0.816 0.000 0.000 1.146 3.088 3.111 3.106 3.020 3.001 2.988 2.889 2.843 2.786 2.730 2.672 2.619 2.526 2.402 2.346 2.289 2.200 2.145 2.103 2.001 1.966 1.911 1.863 1.749 1.685 1.692 1.602 1.433 0.000 1.811 2.363 3.918 4.296 4.202 4.136 2.903 1.480 1.779 2.187 2.301 2.476 2.603 1.456 2.086 2.375 2.426 2.394 0.000 0.000 0.000 0.000 0.000 0.000 0.000 0.000 0.000 0.000 0.000
1.330 1.398 1.675 0.921 1.345 1.390 1.249 1.548 0.703 0.000 0.000 1.834 0.000 4.666 4.497 1.529 0.000 2.376 2.729 3.040 3.127 3.037 3.017 2.998 2.935 2.880 2.779 2.718 2.672 2.667 2.599 2.519 2.367 2.379 2.272 2.204 2.132 2.060 1.978 1.939 1.873 1.815 1.765 1.712 1.640 1.504 1.632 2.172 2.677 3.840 4.177 4.338 4.063 3.167 2.454 1.890 2.049 2.193 2.309 2.528 1.837 2.147 2.425 2.692 2.655 0.000 0.000 0.000 0.000 0.000 0.000 0.000 0.000 0.000 0.000 0.000 0.000
3.501 2.539 2.052 2.268 1.972 1.609 1.213 1.095 1.510 0.000 0.000 1.149 3.691 0.000 5.359 5.135 3.952 3.901 0.000 2.710 3.023 3.018 3.005 3.042 2.943 2.911 2.818 2.724 2.675 2.654 2.612 2.499 2.317 2.303 2.219 2.148 2.085 2.009 1.928 1.884 1.833 1.830 1.738 1.616 1.399 0.243 0.000 2.677 3.066 3.988 4.230 3.833 0.000 1.638 1.963 1.445 0.000 2.209 2.478 1.693 2.176 2.522 2.725 2.693 0.000 0.000 0.000 0.000 0.000 0.000 0.000 0.000 0.000 0.000 0.000 0.000 0.000
2.229 2.739 2.954 3.074 2.544 1.276 0.725 0.578 1.784 0.000 0.000 0.000 1.308 0.000 1.766 5.360 3.438 3.865 3.165 0.000 2.871 3.060 3.053 3.062 2.998 2.923 2.845 2.714 2.664 2.663 2.558 2.520 2.400 2.257 2.300 2.152 2.076 1.998 1.928 1.871 1.875 1.765 1.595 0.000 0.588 1.669 2.109 3.223 4.125 4.469 4.300 1.939 0.000 0.000 1.839 2.069 2.147 2.211 1.725 2.387 2.660 2.848 2.801 0.000 0.000 0.000 0.000 0.000 0.000 0.000 0.000 0.000 0.000 0.000 0.000 0.000 0.000
0.901 1.311 2.131 2.390 2.465 2.487 2.097 1.704 0.778 2.082 2.022 0.000 1.732 2.576 2.914 4.784 5.346 0.334 3.545 3.041 2.498 2.879 2.889 3.035 3.000 2.927 2.853 2.781 2.651 2.560 2.520 2.487 2.418 2.268 2.223 2.131 2.059 1.977 1.946 1.930 1.912 1.414 1.258 0.111 1.756 1.344 0.000 3.175 4.400 2.962 1.832 0.373 0.000 0.854 1.875 2.108 2.023 1.457 2.420 2.795 2.910 2.957 0.000 0.000 0.000 0.000 0.000 0.000 0.000 0.000 0.000 0.000 0.000 0.000 0.000 0.000 0.000
1.781 0.405 0.550 1.127 0.842 1.087 1.109 1.252 1.479 2.661 3.664 0.000 0.000 0.000 0.000 0.000 4.861 4.791 2.201 3.037 3.021 2.889 1.575 2.933 2.977 2.881 2.838 2.758 2.684 2.596 2.615 2.466 2.370 2.260 2.170 2.112 2.071 1.983 1.910 1.711 1.588 1.539 1.427 1.547 0.000 0.000 0.000 3.906 4.705 4.579 2.282 0.000 0.000 1.918 2.155 2.191 1.488 2.737 2.849 3.043 3.031 0.000 0.000 0.000 0.000 0.000 0.000 0.000 0.000 0.000 0.000 0.000 0.000 0.000 0.000 0.000 0.000
0.864 1.200 0.433 0.446 0.266 0.000 0.000 0.000 0.000 0.733 2.311 3.345 2.851 0.000 0.000 0.000 1.081 4.982 4.399 2.072 3.194 2.624 0.000 2.647 2.570 0.563 2.770 2.738 2.683 2.617 2.554 2.484 2.378 2.218 2.173 2.104 2.079 1.661 0.000 0.000 1.700 1.866 1.015 0.000 0.000 0.000 3.597 4.524 4.732 4.230 2.942 0.000 2.137 2.262 2.272 1.494 2.401 2.648 2.713 2.845 0.000 0.000 0.000 0.000 0.000 0.000 0.000 0.000 0.000 0.000 0.000 0.000 0.000 0.000 0.000 0.000 0.000
0.000 0.685 1.687 1.273 0.737 0.000 0.000 0.000 0.000 0.000 0.805 2.248 4.405 1.702 0.000 0.000 1.747 4.866 4.715 3.063 0.000 0.000 1.375 2.525 1.145 2.056 1.904 2.553 2.595 2.673 2.535 2.431 2.382 2.319 2.220 2.135 1.842 0.374 0.000 0.000 0.000 1.583 0.494 0.000 2.074 3.371 4.540 4.789 3.653 2.230 1.364 1.910 2.159 2.303 1.639 2.572 2.692 2.745 2.693 0.000 0.000 0.000 0.000 0.000 0.000 0.000 0.000 0.000 0.000 0.000 0.000 0.000 0.000 0.000 0.000 0.000 0.000
0.000 0.000 1.364 1.792 1.284 0.234 0.000 0.000 0.000 0.000 0.000 1.117 2.354 2.835 2.572 0.000 0.000 0.000 0.331 4.208 0.000 0.000 0.000 1.709 2.736 0.000 0.000 0.000 0.000 1.625 2.574 2.247 2.390 2.337 2.193 1.962 0.140 0.000 0.000 0.000 0.000 0.000 2.733 3.349 4.234 4.733 4.961 3.232 1.328 2.040 2.246 2.312 1.903 1.907 2.687 2.755 2.700 2.711 0.000 0.000 0.000 0.000 0.000 0.000 0.000 0.000 0.000 0.000 0.000 0.000 0.000 0.000 0.000 0.000 0.000 0.000 0.000
0.000 0.000 0.000 2.159 2.104 1.049 0.601 0.000 0.211 0.559 1.267 1.814 1.481 2.228 2.147 2.467 0.000 0.000 0.000 4.336 0.000 1.777 0.000 0.227 2.696 3.134 0.000 1.596 0.000 0.000 0.000 0.775 1.675 1.867 1.204 0.000 0.000 0.000 1.665 0.000 0.000 2.235 3.880 4.409 4.962 4.535 1.199 0.000 0.000 0.537 2.455 1.637 2.249 2.675 2.725 2.669 2.651 0.000 0.000 0.000 0.000 0.000 0.000 0.000 0.000 0.000 0.000 0.000 0.000 0.000 0.000 0.000 0.000 0.000 0.000 0.000 0.000
0.000 0.000 0.000 1.428 1.995 2.331 2.247 2.382 2.394 2.863 3.588 3.600 2.793 1.135 1.485 2.770 2.899 1.516 0.000 0.000 4.381 4.670 5.345 2.871 2.730 2.474 2.683 2.242 0.016 0.000 0.000 0.000 0.000 0.000 0.000 0.000 0.459 2.292 2.731 2.429 0.621 4.112 4.731 5.043 4.344 1.844 0.000 0.000 0.000 0.000 2.133 2.618 2.655 2.493 2.687 2.725 0.000 0.000 0.000 0.000 0.000 0.000 0.000 0.000 0.000 0.000 0.000 0.000 0.000 0.000 0.000 0.000 0.000 0.000 0.000 0.000 0.000
0.000 0.000 0.000 0.000 0.000 4.459 3.142 2.637 2.170 2.076 2.823 3.348 3.524 1.948 0.351 0.547 3.117 3.215 2.093 2.412 4.236 4.145 5.631 5.527 0.095 0.000 0.277 3.257 3.243 3.245 2.878 2.027 2.897 0.614 2.876 2.684 3.062 3.534 4.279 4.424 4.760 5.261 5.154 4.685 2.169 0.000 0.000 0.000 0.000 0.000 2.649 2.725 2.840 2.746 2.742 0.000 0.000 0.000 0.000 0.000 0.000 0.000 0.000 0.000 0.000 0.000 0.000 0.000 0.000 0.000 0.000 0.000 0.000 0.000 0.000 0.000 0.000
0.000 0.000 0.000 0.000 4.667 5.252 3.634 1.703 1.575 0.841 0.322 1.318 1.513 0.632 0.293 0.740 1.986 3.878 3.289 1.229 0.000 0.000 2.745 5.120 4.432 0.000 0.000 4.162 4.122 3.890 3.753 3.616 3.532 3.615 3.805 3.985 3.134 4.977 5.200 5.267 5.275 4.935 4.286 2.682 0.000 0.000 0.000 0.000 0.814 2.237 2.811 2.876 2.854 2.350 0.000 0.000 0.000 0.000 0.000 0.000 0.000 0.000 0.000 0.000 0.000 0.000 0.000 0.000 0.000 0.000 0.000 0.000 0.000 0.000 0.000 0.000 0.000
0.000 0.000 0.000 0.400 5.470 5.264 0.725 1.563 0.723 0.869 0.651 0.712 0.359 0.060 0.245 0.914 2.566 3.596 5.017 3.130 0.000 0.000 0.000 1.590 5.062 5.093 5.338 5.663 5.527 5.576 5.248 5.281 5.174 5.342 5.309 5.348 5.390 4.701 2.750 3.035 4.095 3.876 2.570 0.000 2.282 0.000 0.000 1.066 2.532 2.828 2.949 3.005 3.039 0.000 0.000 0.000 0.000 0.000 0.000 0.000 0.000 0.000 0.000 0.000 0.000 0.000 0.000 0.000 0.000 0.000 0.000 0.000 0.000 0.000 0.000 0.000 0.000
0.000 0.000 0.000 0.000 2.621 0.000 3.842 0.000 0.000 1.100 0.534 0.000 0.000 0.000 0.633 1.439 2.215 1.368 3.348 4.551 3.004 0.000 0.000 0.000 0.000 2.247 4.754 5.499 5.438 4.772 4.455 4.490 5.312 5.289 5.156 4.635 4.716 0.000 0.000 0.000 0.000 2.340 2.266 1.439 2.236 2.262 2.435 2.862 2.865 2.955 3.117 3.123 0.000 0.000 0.000 0.000 0.000 0.000 0.000 0.000 0.000 0.000 0.000 0.000 0.000 0.000 0.000 0.000 0.000 0.000 0.000 0.000 0.000 0.000 0.000 0.000 0.000
0.000 0.000 0.000 0.000 0.000 0.000 0.000 0.000 0.000 1.306 0.527 0.000 0.000 0.000 0.000 0.000 0.000 0.541 1.322 3.373 4.243 3.571 0.316 0.000 0.000 0.000 1.835 3.159 3.211 0.000 0.000 0.000 0.000 3.322 0.000 3.339 0.000 0.000 0.000 0.000 0.000 1.298 2.284 2.695 2.842 2.872 2.907 2.953 2.983 3.118 3.231 0.000 0.000 0.000 0.000 0.000 0.000 0.000 0.000 0.000 0.000 0.000 0.000 0.000 0.000 0.000 0.000 0.000 0.000 0.000 0.000 0.000 0.000 0.000 0.000 0.000 0.000
0.000 0.000 0.000 0.000 0.000 0.000 0.000 0.000 0.000 0.000 0.000 0.000 0.000 0.000 0.000 0.000 0.000 0.000 0.000 1.895 4.888 3.849 3.313 1.743 0.993 0.000 0.000 0.000 0.000 0.000 0.000 0.000 0.000 0.000 0.000 0.000 0.000 0.000 0.000 0.000 1.998 2.710 2.820 2.990 3.047 2.997 3.069 3.088 3.133 3.177 0.000 0.000 0.000 0.000 0.000 0.000 0.000 0.000 0.000 0.000 0.000 0.000 0.000 0.000 0.000 0.000 0.000 0.000 0.000 0.000 0.000 0.000 0.000 0.000 0.000 0.000 0.000
0.000 0.000 0.000 0.000 0.000 0.000 0.000 0.000 0.000 0.000 0.000 0.000 0.000 0.000 0.000 0.000 0.000 0.000 0.000 0.000 2.889 4.132 3.909 3.510 3.034 1.703 0.002 0.000 0.000 2.394 0.966 0.214 0.000 2.304 1.115 0.693 1.219 1.334 2.393 2.763 3.097 3.066 3.161 3.106 3.141 3.188 3.183 3.256 3.260 0.000 0.000 0.000 0.000 0.000 0.000 0.000 0.000 0.000 0.000 0.000 0.000 0.000 0.000 0.000 0.000 0.000 0.000 0.000 0.000 0.000 0.000 0.000 0.000 0.000 0.000 0.000 0.000
0.000 0.000 0.000 0.000 0.000 0.000 0.000 0.000 0.000 0.000 0.000 0.000 0.000 0.000 0.000 0.000 0.000 0.000 0.000 0.000 3.986 4.284 3.955 3.968 3.785 3.482 3.289 3.026 3.171 2.982 2.520 2.412 2.352 2.682 2.822 3.102 2.948 2.929 3.014 2.943 2.963 3.095 3.179 3.325 3.364 3.271 3.312 3.298 0.000 0.000 0.000 0.000 0.000 0.000 0.000 0.000 0.000 0.000 0.000 0.000 0.000 0.000 0.000 0.000 0.000 0.000 0.000 0.000 0.000 0.000 0.000 0.000 0.000 0.000 0.000 0.000 0.000
0.000 0.000 0.000 0.000 0.000 0.000 0.000 0.000 0.000 0.000 0.000 0.000 0.000 0.000 0.000 0.000 0.000 0.000 0.000 0.000 3.706 4.673 4.271 4.148 4.028 3.763 3.661 3.506 3.512 3.349 3.280 3.275 3.262 3.243 3.290 3.093 3.104 3.082 3.111 3.186 3.190 3.158 3.142 3.147 3.321 3.502 3.460 0.000 0.000 0.000 0.000 0.000 0.000 0.000 0.000 0.000 0.000 0.000 0.000 0.000 0.000 0.000 0.000 0.000 0.000 0.000 0.000 0.000 0.000 0.000 0.000 0.000 0.000 0.000 0.000 0.000 0.000
