LISFLOOD_FP/Result/4_LISFLOOD_FP/combined_output/combined_angle_45_x_0_y_0/out-0007.elev
ncols         192
nrows         192
xllcorner     1771145.000000
yllcorner     5471774.000000
cellsize      10.000000
NODATA_value  -9999.000000
[rows 112 to 139 of 192, columns 62 to 123 of 192]
8.650 8.714 8.744 8.802 8.991 9.149 9.288 9.318 9.358 9.400 9.438 -9999.000 9.698 -9999.000 -9999.000 -9999.000 11.357 11.382 11.384 -9999.000 -9999.000 -9999.000 -9999.000 10.324 10.326 10.354 10.419 -9999.000 -9999.000 -9999.000 11.841 11.841 11.842 11.843 11.843 -9999.000 -9999.000 -9999.000 -9999.000 -9999.000 -9999.000 -9999.000 -9999.000 -9999.000 11.279 11.308 -9999.000 10.970 10.970 -9999.000 -9999.000 -9999.000 -9999.000 -9999.000 12.012 12.020 12.035 12.048 12.061 12.074 12.088 12.115
8.710 8.740 8.769 8.846 8.955 9.082 9.253 9.323 9.372 9.434 9.505 9.700 9.948 -9999.000 -9999.000 -9999.000 11.370 11.385 11.388 11.392 11.393 -9999.000 -9999.000 10.356 10.361 10.425 10.489 10.919 -9999.000 -9999.000 11.841 11.842 11.842 11.843 11.844 11.846 11.847 11.849 11.851 -9999.000 -9999.000 -9999.000 11.667 11.667 11.373 11.341 -9999.000 -9999.000 -9999.000 -9999.000 -9999.000 -9999.000 11.983 11.991 12.005 12.015 12.029 12.043 12.057 12.069 12.078 -9999.000
-9999.000 -9999.000 8.799 8.836 8.884 -9999.000 -9999.000 -9999.000 -9999.000 -9999.000 -9999.000 9.851 10.159 -9999.000 -9999.000 -9999.000 -9999.000 11.392 11.392 11.394 11.394 11.398 -9999.000 -9999.000 -9999.000 10.666 -9999.000 11.217 11.267 11.267 -9999.000 -9999.000 11.843 11.844 11.844 11.846 11.848 11.851 11.855 11.859 11.863 11.865 -9999.000 11.809 -9999.000 -9999.000 11.894 -9999.000 -9999.000 11.941 11.947 11.956 11.970 11.983 11.997 12.010 12.024 12.039 12.054 12.069 12.078 -9999.000
-9999.000 -9999.000 -9999.000 -9999.000 -9999.000 -9999.000 -9999.000 -9999.000 -9999.000 -9999.000 -9999.000 -9999.000 10.377 10.963 -9999.000 -9999.000 11.397 11.396 11.396 11.396 11.398 11.401 11.405 -9999.000 -9999.000 10.800 11.129 11.255 11.299 -9999.000 -9999.000 -9999.000 -9999.000 11.843 11.844 11.845 11.848 11.851 11.856 11.861 11.867 11.874 11.880 11.884 11.891 11.897 11.905 11.912 11.921 11.932 11.942 11.953 11.965 11.978 11.992 12.004 12.019 12.035 12.054 12.072 12.087 -9999.000
-9999.000 -9999.000 -9999.000 -9999.000 -9999.000 -9999.000 -9999.000 -9999.000 -9999.000 -9999.000 -9999.000 -9999.000 -9999.000 11.244 11.224 -9999.000 11.397 11.399 11.400 11.403 11.406 11.408 11.409 11.412 -9999.000 11.047 11.213 11.253 11.380 11.470 11.516 -9999.000 -9999.000 11.839 11.842 11.844 11.847 11.852 11.857 11.863 11.869 11.875 11.881 11.886 11.892 11.898 11.904 11.912 11.920 11.929 11.939 11.949 11.961 11.973 11.986 11.999 12.014 12.032 12.055 12.083 12.129 12.226
-9999.000 -9999.000 -9999.000 -9999.000 -9999.000 -9999.000 -9999.000 -9999.000 -9999.000 -9999.000 -9999.000 -9999.000 -9999.000 11.301 11.352 11.382 11.395 11.401 11.405 11.411 11.412 11.413 11.414 11.423 -9999.000 -9999.000 11.240 -9999.000 11.447 11.510 11.548 -9999.000 11.737 11.802 11.836 11.841 11.846 11.852 11.858 11.865 11.871 11.877 11.883 11.888 11.893 11.899 11.904 11.911 11.918 11.927 11.936 11.946 11.957 11.969 11.982 11.994 12.008 12.027 12.054 12.092 12.181 12.336
-9999.000 -9999.000 -9999.000 -9999.000 -9999.000 -9999.000 -9999.000 -9999.000 -9999.000 -9999.000 -9999.000 -9999.000 -9999.000 11.341 11.376 11.391 11.400 11.407 11.413 11.415 11.416 11.419 11.426 11.447 -9999.000 -9999.000 11.354 11.449 -9999.000 11.579 11.617 11.642 11.660 -9999.000 11.838 11.839 11.844 11.851 11.859 11.867 11.874 11.880 11.885 11.890 11.895 11.900 11.905 11.911 11.917 11.924 11.933 11.942 11.953 11.965 11.977 11.989 12.001 12.018 12.050 12.087 12.442 -9999.000
-9999.000 -9999.000 -9999.000 -9999.000 -9999.000 -9999.000 -9999.000 -9999.000 -9999.000 -9999.000 -9999.000 -9999.000 -9999.000 -9999.000 11.397 11.400 11.405 11.412 11.416 11.419 11.423 11.432 11.448 11.462 -9999.000 -9999.000 -9999.000 11.524 -9999.000 11.617 11.632 11.648 11.661 11.685 -9999.000 11.831 11.838 11.850 11.862 11.870 11.877 11.882 11.887 11.892 11.896 11.900 11.905 11.910 11.916 11.922 11.930 11.939 11.950 11.962 11.974 11.985 11.995 12.001 -9999.000 12.508 12.590 12.610
-9999.000 -9999.000 -9999.000 -9999.000 -9999.000 -9999.000 -9999.000 -9999.000 -9999.000 -9999.000 -9999.000 -9999.000 -9999.000 11.411 11.409 11.411 11.414 11.417 11.422 11.427 11.442 11.467 11.504 11.643 11.825 11.837 -9999.000 11.589 11.617 11.626 11.637 11.651 11.682 11.710 11.741 11.793 11.822 11.847 11.867 11.876 11.881 11.885 11.890 11.894 11.898 11.901 11.905 11.910 11.915 11.920 11.927 11.935 11.946 11.959 11.972 11.982 11.991 11.996 12.453 12.572 12.580 -9999.000
-9999.000 -9999.000 -9999.000 -9999.000 -9999.000 -9999.000 -9999.000 -9999.000 -9999.000 -9999.000 -9999.000 -9999.000 -9999.000 11.411 11.412 11.418 11.477 11.485 11.457 11.466 11.477 11.507 11.577 11.715 11.828 11.850 -9999.000 -9999.000 -9999.000 -9999.000 -9999.000 11.668 11.685 11.708 11.743 11.771 11.793 11.842 11.880 11.883 11.884 11.889 11.893 11.896 11.899 11.902 11.906 11.909 11.913 11.918 11.924 11.931 11.941 11.956 11.970 11.985 11.992 11.996 11.996 -9999.000 -9999.000 -9999.000
-9999.000 -9999.000 -9999.000 -9999.000 -9999.000 -9999.000 -9999.000 -9999.000 -9999.000 -9999.000 -9999.000 -9999.000 -9999.000 -9999.000 -9999.000 11.498 11.564 11.722 11.763 11.813 -9999.000 -9999.000 -9999.000 -9999.000 11.886 11.926 11.991 12.005 -9999.000 -9999.000 -9999.000 11.690 11.693 11.697 11.725 11.767 11.779 -9999.000 11.905 11.899 11.895 11.894 11.896 11.897 11.900 11.903 11.906 11.909 11.913 11.916 11.921 11.926 11.932 -9999.000 -9999.000 11.990 11.995 12.004 -9999.000 -9999.000 -9999.000 12.602
-9999.000 -9999.000 -9999.000 -9999.000 -9999.000 -9999.000 -9999.000 -9999.000 -9999.000 -9999.000 -9999.000 -9999.000 -9999.000 -9999.000 -9999.000 -9999.000 11.769 11.895 11.912 11.929 -9999.000 -9999.000 -9999.000 -9999.000 -9999.000 11.979 12.008 12.019 12.045 -9999.000 -9999.000 11.693 11.695 11.696 11.701 -9999.000 -9999.000 11.952 11.952 12.003 11.910 11.899 11.898 11.899 11.901 11.904 11.906 11.909 11.912 11.915 11.918 11.922 11.926 -9999.000 -9999.000 -9999.000 12.000 12.291 -9999.000 12.574 12.581 12.594
-9999.000 -9999.000 -9999.000 -9999.000 -9999.000 -9999.000 -9999.000 -9999.000 -9999.000 -9999.000 -9999.000 -9999.000 -9999.000 -9999.000 -9999.000 -9999.000 -9999.000 11.919 11.946 11.958 11.986 -9999.000 -9999.000 -9999.000 -9999.000 -9999.000 12.035 12.046 12.069 12.085 -9999.000 -9999.000 -9999.000 11.701 11.701 -9999.000 -9999.000 -9999.000 12.096 12.240 -9999.000 -9999.000 -9999.000 -9999.000 11.903 11.905 11.907 11.909 11.911 11.914 11.915 11.903 -9999.000 -9999.000 -9999.000 -9999.000 -9999.000 12.547 12.553 12.562 12.572 12.586
-9999.000 -9999.000 -9999.000 -9999.000 -9999.000 -9999.000 -9999.000 -9999.000 -9999.000 -9999.000 -9999.000 -9999.000 -9999.000 -9999.000 -9999.000 -9999.000 -9999.000 -9999.000 11.971 11.979 11.999 12.006 -9999.000 12.045 12.046 12.046 12.046 12.054 12.084 12.122 12.200 -9999.000 -9999.000 -9999.000 11.701 -9999.000 12.444 -9999.000 12.327 12.353 12.377 -9999.000 12.455 -9999.000 -9999.000 -9999.000 11.910 11.910 11.911 11.912 -9999.000 -9999.000 -9999.000 12.526 -9999.000 -9999.000 12.544 12.547 12.550 12.556 12.563 12.571
-9999.000 -9999.000 -9999.000 -9999.000 -9999.000 -9999.000 -9999.000 -9999.000 -9999.000 -9999.000 -9999.000 -9999.000 -9999.000 -9999.000 -9999.000 -9999.000 -9999.000 -9999.000 11.982 11.992 12.019 12.026 12.031 12.035 12.039 12.045 12.047 12.050 12.085 12.166 12.260 12.343 12.382 -9999.000 -9999.000 12.444 12.444 12.444 12.436 12.397 12.398 12.421 12.455 12.393 -9999.000 -9999.000 -9999.000 -9999.000 -9999.000 -9999.000 -9999.000 12.523 12.525 12.526 12.527 12.529 12.541 12.544 12.546 12.551 12.557 -9999.000
-9999.000 -9999.000 -9999.000 -9999.000 -9999.000 -9999.000 -9999.000 -9999.000 -9999.000 -9999.000 -9999.000 -9999.000 -9999.000 -9999.000 -9999.000 -9999.000 -9999.000 -9999.000 -9999.000 -9999.000 12.027 12.025 12.029 12.035 12.040 12.045 12.046 12.047 12.056 12.260 12.353 12.396 12.417 12.434 12.441 12.444 12.444 12.445 12.447 12.378 -9999.000 12.459 12.488 12.491 12.493 12.495 12.497 12.500 12.504 12.509 12.512 12.516 12.522 12.526 12.529 12.533 12.537 12.540 12.543 12.547 -9999.000 -9999.000
-9999.000 -9999.000 -9999.000 -9999.000 -9999.000 -9999.000 -9999.000 -9999.000 -9999.000 -9999.000 -9999.000 -9999.000 -9999.000 -9999.000 -9999.000 -9999.000 -9999.000 -9999.000 -9999.000 12.014 12.026 12.028 12.030 12.031 12.034 12.040 12.047 12.049 12.061 12.304 12.398 12.421 12.431 12.438 12.445 -9999.000 -9999.000 12.448 12.452 12.463 -9999.000 -9999.000 12.490 12.492 12.493 12.495 12.498 12.501 12.504 12.507 12.510 12.514 12.521 12.526 12.529 12.532 12.536 12.538 12.540 -9999.000 -9999.000 -9999.000
-9999.000 -9999.000 -9999.000 -9999.000 -9999.000 -9999.000 -9999.000 -9999.000 -9999.000 -9999.000 -9999.000 -9999.000 -9999.000 -9999.000 -9999.000 -9999.000 -9999.000 -9999.000 12.026 12.029 12.037 12.026 12.029 12.032 12.035 12.038 12.043 12.046 12.326 12.394 12.423 12.431 12.436 12.445 12.455 -9999.000 -9999.000 -9999.000 12.464 12.474 12.481 12.487 12.490 12.491 12.494 12.496 12.498 12.501 12.504 12.506 12.509 12.511 12.518 12.524 12.529 12.533 12.535 12.536 -9999.000 12.541 -9999.000 -9999.000
-9999.000 -9999.000 -9999.000 -9999.000 -9999.000 -9999.000 -9999.000 -9999.000 -9999.000 -9999.000 -9999.000 -9999.000 -9999.000 -9999.000 -9999.000 -9999.000 -9999.000 -9999.000 -9999.000 12.026 -9999.000 12.028 -9999.000 -9999.000 12.035 12.036 -9999.000 -9999.000 -9999.000 12.426 12.430 12.432 12.441 12.456 12.469 12.482 -9999.000 -9999.000 -9999.000 -9999.000 12.487 12.489 12.490 12.492 12.493 12.496 12.498 12.502 12.504 12.506 12.508 12.509 -9999.000 -9999.000 -9999.000 -9999.000 12.535 12.536 12.538 12.541 12.544 12.549
-9999.000 -9999.000 -9999.000 -9999.000 -9999.000 -9999.000 -9999.000 -9999.000 -9999.000 -9999.000 -9999.000 -9999.000 -9999.000 -9999.000 -9999.000 -9999.000 -9999.000 -9999.000 -9999.000 -9999.000 -9999.000 -9999.000 -9999.000 -9999.000 12.035 12.035 -9999.000 -9999.000 -9999.000 -9999.000 -9999.000 -9999.000 12.459 12.467 12.483 12.495 12.501 12.505 -9999.000 -9999.000 -9999.000 12.490 12.491 12.491 -9999.000 -9999.000 -9999.000 -9999.000 12.504 -9999.000 12.508 -9999.000 -9999.000 -9999.000 -9999.000 -9999.000 12.535 12.536 12.537 12.540 12.542 12.547
-9999.000 -9999.000 -9999.000 -9999.000 -9999.000 -9999.000 -9999.000 -9999.000 -9999.000 -9999.000 -9999.000 -9999.000 -9999.000 -9999.000 -9999.000 -9999.000 -9999.000 -9999.000 -9999.000 -9999.000 -9999.000 -9999.000 -9999.000 -9999.000 -9999.000 -9999.000 -9999.000 -9999.000 -9999.000 -9999.000 -9999.000 -9999.000 -9999.000 -9999.000 12.491 12.502 12.507 12.511 12.514 12.515 -9999.000 -9999.000 -9999.000 -9999.000 -9999.000 -9999.000 -9999.000 -9999.000 -9999.000 -9999.000 -9999.000 -9999.000 -9999.000 -9999.000 -9999.000 12.531 12.533 12.534 12.536 12.539 12.541 12.545
-9999.000 -9999.000 -9999.000 -9999.000 -9999.000 -9999.000 -9999.000 -9999.000 -9999.000 -9999.000 -9999.000 -9999.000 -9999.000 -9999.000 -9999.000 -9999.000 -9999.000 -9999.000 -9999.000 -9999.000 -9999.000 -9999.000 -9999.000 -9999.000 -9999.000 -9999.000 -9999.000 -9999.000 -9999.000 -9999.000 -9999.000 -9999.000 -9999.000 -9999.000 -9999.000 12.510 12.512 12.514 12.515 12.517 12.517 12.473 -9999.000 -9999.000 12.521 12.521 12.521 -9999.000 12.523 12.523 12.524 12.525 12.526 12.527 12.528 12.529 12.531 12.533 12.535 12.537 12.539 12.542
-9999.000 -9999.000 -9999.000 -9999.000 -9999.000 -9999.000 -9999.000 -9999.000 -9999.000 -9999.000 -9999.000 -9999.000 -9999.000 -9999.000 -9999.000 -9999.000 -9999.000 -9999.000 -9999.000 -9999.000 -9999.000 -9999.000 -9999.000 -9999.000 -9999.000 -9999.000 -9999.000 -9999.000 -9999.000 -9999.000 -9999.000 -9999.000 -9999.000 -9999.000 -9999.000 12.515 12.515 12.515 12.516 12.517 12.518 12.519 12.520 12.520 12.521 12.521 12.522 12.522 12.522 12.523 12.523 12.524 12.525 12.526 12.527 12.529 12.530 12.532 12.534 12.535 12.537 12.540
-9999.000 -9999.000 -9999.000 -9999.000 -9999.000 -9999.000 -9999.000 -9999.000 -9999.000 -9999.000 -9999.000 -9999.000 -9999.000 -9999.000 -9999.000 -9999.000 -9999.000 -9999.000 -9999.000 -9999.000 -9999.000 -9999.000 -9999.000 -9999.000 -9999.000 -9999.000 -9999.000 -9999.000 -9999.000 -9999.000 -9999.000 -9999.000 -9999.000 -9999.000 -9999.000 12.516 12.516 12.516 12.517 12.518 12.519 12.520 12.520 12.521 12.521 12.521 12.522 12.522 12.522 12.523 12.523 12.524 12.525 12.526 12.527 12.528 12.529 12.531 12.532 12.534 12.536 12.538
-9999.000 -9999.000 -9999.000 -9999.000 -9999.000 -9999.000 -9999.000 -9999.000 -9999.000 -9999.000 -9999.000 -9999.000 -9999.000 -9999.000 -9999.000 -9999.000 -9999.000 -9999.000 -9999.000 -9999.000 -9999.000 -9999.000 -9999.000 -9999.000 -9999.000 -9999.000 -9999.000 -9999.000 -9999.000 -9999.000 -9999.000 -9999.000 -9999.000 12.518 12.517 12.517 12.517 12.517 12.517 12.518 12.519 12.520 12.520 12.520 12.521 12.521 12.522 12.522 12.523 12.523 12.523 12.524 12.525 12.525 12.526 12.527 12.528 12.529 12.531 12.533 12.534 -9999.000
-9999.000 -9999.000 -9999.000 -9999.000 -9999.000 -9999.000 -9999.000 -9999.000 -9999.000 -9999.000 -9999.000 -9999.000 -9999.000 -9999.000 -9999.000 -9999.000 -9999.000 -9999.000 -9999.000 -9999.000 -9999.000 -9999.000 -9999.000 -9999.000 -9999.000 -9999.000 -9999.000 -9999.000 -9999.000 -9999.000 -9999.000 -9999.000 -9999.000 12.517 12.517 12.518 12.517 12.517 12.517 -9999.000 12.520 12.520 12.520 12.521 12.521 12.521 12.522 12.522 12.522 12.523 12.523 12.523 12.524 12.525 12.526 12.526 12.527 12.528 12.530 12.531 -9999.000 -9999.000
-9999.000 -9999.000 -9999.000 -9999.000 -9999.000 -9999.000 -9999.000 -9999.000 -9999.000 -9999.000 -9999.000 -9999.000 -9999.000 -9999.000 -9999.000 -9999.000 -9999.000 -9999.000 -9999.000 -9999.000 -9999.000 -9999.000 -9999.000 -9999.000 -9999.000 -9999.000 -9999.000 -9999.000 -9999.000 -9999.000 -9999.000 -9999.000 -9999.000 -9999.000 12.518 12.518 12.518 12.518 12.518 -9999.000 12.520 12.521 12.521 12.521 12.521 12.521 12.522 12.522 12.522 12.522 12.523 12.523 12.524 12.524 12.525 12.526 12.527 12.528 12.528 -9999.000 -9999.000 -9999.000
-9999.000 -9999.000 -9999.000 -9999.000 -9999.000 -9999.000 -9999.000 -9999.000 -9999.000 -9999.000 -9999.000 -9999.000 -9999.000 -9999.000 -9999.000 -9999.000 -9999.000 -9999.000 -9999.000 -9999.000 -9999.000 -9999.000 -9999.000 -9999.000 -9999.000 -9999.000 -9999.000 -9999.000 -9999.000 -9999.000 -9999.000 -9999.000 -9999.000 -9999.000 12.518 12.518 12.518 12.519 12.519 -9999.000 12.521 12.521 12.521 12.521 12.521 12.522 12.521 12.522 12.522 12.522 12.523 12.523 12.524 12.524 12.525 12.525 12.526 12.526 -9999.000 -9999.000 -9999.000 -9999.000
