LISFLOOD_FP/Result/4_LISFLOOD_FP/combined_output/combined_angle_45_x_0_y_0/out-0009.wd
ncols         192
nrows         192
xllcorner     1771145.000000
yllcorner     5471774.000000
cellsize      10.000000
NODATA_value  -9999.000000
[rows 102 to 135 of 192, columns 77 to 153 of 192]
0.000 0.000 0.000 0.000 0.000 0.000 0.000 0.000 0.000 0.000 0.000 0.000 0.655 1.266 0.000 0.584 0.000 0.000 1.646 1.112 0.000 0.000 0.000 0.000 0.000 0.044 1.148 0.535 0.113 0.000 0.000 0.000 0.000 0.000 0.000 0.000 0.000 0.000 0.000 0.000 0.000 0.219 0.000 1.526 1.422 1.417 1.382 2.035 0.000 0.000 0.705 1.076 1.016 0.875 1.763 2.026 0.000 1.514 4.063 4.230 3.770 3.458 2.253 1.741 1.442 1.082 0.931 1.072 1.219 1.132 0.854 0.339 0.285 1.169 1.292 1.685 2.065
2.871 1.020 0.000 0.000 0.000 0.000 0.000 0.000 0.000 0.000 0.000 0.326 1.216 0.000 0.000 0.959 0.894 1.963 1.981 0.000 0.834 0.000 0.000 0.000 0.000 2.043 0.076 0.030 0.000 0.000 0.000 0.000 0.000 0.000 0.000 0.000 0.000 0.000 0.000 0.109 0.062 1.493 1.701 1.136 1.255 1.252 1.392 1.658 0.919 0.827 0.668 1.163 0.000 0.000 1.581 0.599 3.508 4.106 4.294 3.620 3.423 2.172 1.456 1.338 1.311 1.231 1.230 1.532 1.422 1.349 1.208 1.049 1.168 1.228 1.236 0.911 0.727
4.060 3.893 2.946 0.000 0.000 0.000 0.000 0.000 0.000 0.000 0.000 0.000 0.000 0.000 1.876 0.316 1.635 1.669 1.861 0.000 0.533 0.811 0.000 0.000 0.000 0.825 1.999 0.000 1.593 1.302 0.000 0.000 0.000 0.000 0.000 0.000 0.000 0.000 0.004 0.612 0.448 0.000 0.000 1.204 0.789 1.147 1.477 1.793 1.406 0.330 0.952 0.404 1.316 1.623 0.288 3.328 4.237 4.364 4.135 3.580 2.007 1.357 1.373 1.076 1.452 1.390 1.343 1.413 1.392 1.412 1.148 1.079 1.109 1.228 0.800 0.792 1.100
3.971 3.950 4.404 3.644 0.000 0.000 0.000 0.000 0.000 0.000 0.000 2.807 0.000 0.000 0.000 2.114 1.941 1.385 1.911 2.317 1.666 1.387 1.530 0.800 2.163 2.139 0.000 0.000 0.122 0.360 1.253 0.000 0.000 0.000 0.000 0.000 0.000 0.000 0.000 0.000 0.000 0.000 0.000 1.070 0.000 0.237 1.334 0.000 0.472 0.720 1.066 0.000 0.380 2.212 0.087 3.191 4.471 4.161 3.355 2.349 1.595 1.523 1.380 1.357 1.342 1.463 1.423 1.471 1.508 1.323 1.229 1.308 1.276 0.510 0.949 1.153 1.283
0.000 2.947 3.838 4.241 3.663 1.549 0.000 0.000 0.000 0.000 2.126 3.107 3.265 2.164 0.000 2.208 0.000 0.000 2.180 2.061 1.777 0.000 0.000 1.461 2.299 1.628 0.000 1.925 0.771 0.434 0.976 1.994 0.316 0.000 0.000 0.000 0.000 0.000 0.000 0.155 0.146 0.000 0.000 0.000 0.329 1.091 1.226 0.521 1.019 1.393 1.332 0.325 0.224 1.718 0.000 4.235 4.433 3.761 3.041 1.897 1.720 1.518 1.475 1.508 1.463 1.523 1.522 1.474 1.411 1.366 1.423 1.068 0.687 1.079 1.381 1.323 0.000
0.000 0.000 0.000 3.724 4.240 4.200 3.265 0.000 0.000 2.182 0.000 3.118 3.620 3.525 3.043 0.000 0.618 1.669 1.608 0.407 0.000 0.000 0.000 0.000 2.498 2.129 1.845 0.278 0.000 0.000 0.714 0.000 0.000 0.000 0.000 0.000 0.000 0.000 0.000 0.134 0.067 0.022 0.000 0.000 0.000 0.180 0.405 1.108 1.431 1.603 1.345 0.000 1.951 0.254 3.361 4.407 4.173 3.586 2.364 1.873 1.631 1.656 1.434 1.611 1.667 1.692 1.631 1.486 1.512 1.460 0.650 0.991 1.318 1.526 1.283 0.000 0.000
0.000 0.000 0.000 0.000 3.525 4.004 4.582 4.461 0.251 0.091 2.451 3.557 3.645 3.629 3.563 3.102 0.482 0.987 0.000 1.538 0.000 0.000 0.000 0.000 1.834 2.513 0.670 0.601 0.656 2.079 1.743 0.000 1.177 0.810 0.000 0.000 0.000 1.521 0.000 0.125 0.000 0.000 0.000 0.000 0.376 0.574 0.736 1.427 0.136 1.706 0.576 0.000 1.870 1.159 4.294 4.480 3.852 2.892 2.115 1.770 1.600 1.585 1.682 1.652 1.806 1.713 1.681 1.637 1.542 0.625 1.389 1.490 1.659 1.604 0.000 0.000 0.000
0.000 0.000 0.000 0.000 0.000 2.037 4.138 4.532 3.890 0.384 2.652 1.628 1.093 2.775 3.583 3.536 2.508 0.000 0.000 1.561 1.975 0.000 0.000 1.625 2.178 2.090 2.218 0.760 0.333 0.000 1.613 0.992 1.381 0.000 0.501 1.512 0.415 1.020 0.170 0.937 0.000 0.000 0.000 0.944 1.208 1.247 1.272 1.523 1.698 1.815 0.660 0.171 1.043 3.489 4.403 4.415 3.734 2.443 1.954 1.289 0.000 1.844 2.047 1.943 1.963 1.714 1.864 1.605 0.714 1.634 1.761 1.781 1.786 0.000 0.000 0.000 0.000
0.789 0.000 0.000 0.000 0.000 0.000 3.430 3.369 4.591 4.258 0.000 0.000 0.000 0.000 2.594 3.464 2.971 0.000 0.000 1.376 0.490 0.000 0.000 0.000 1.406 0.539 1.991 1.589 1.156 0.000 1.863 0.000 0.000 1.559 2.044 1.242 1.417 0.000 0.000 0.000 0.000 0.000 1.699 1.788 1.584 1.558 0.985 1.118 0.000 1.818 1.544 1.052 3.331 4.081 4.562 4.017 2.905 2.406 1.859 1.258 1.257 0.191 2.091 2.066 1.995 1.767 1.846 0.675 1.774 2.109 1.817 1.628 0.000 0.000 0.000 0.000 0.000
0.640 1.173 2.707 2.624 0.000 0.000 0.000 2.934 3.601 4.783 4.356 0.000 0.000 0.000 0.000 2.564 3.268 2.525 1.585 0.000 0.000 0.000 0.000 0.000 0.397 0.714 0.783 0.000 1.301 1.652 2.157 1.099 1.657 1.304 1.180 0.000 0.996 0.985 0.000 0.000 0.898 1.829 1.923 1.859 1.677 1.571 1.401 1.260 1.686 1.824 0.000 0.044 3.032 4.012 4.200 3.326 2.734 2.397 1.992 1.301 0.000 0.000 2.308 2.237 2.013 2.083 0.736 1.985 2.000 1.935 1.606 0.000 0.000 0.000 0.000 0.000 0.000
0.000 1.406 2.740 3.098 0.000 0.000 0.000 0.000 1.449 4.195 4.666 2.384 0.000 0.000 0.000 1.711 3.230 3.083 3.257 2.508 0.000 0.000 0.000 0.000 0.000 1.073 0.000 0.000 0.000 1.227 0.621 0.000 1.606 1.954 0.000 0.000 0.000 0.000 0.000 2.278 2.108 2.038 1.945 1.859 1.659 1.583 1.384 0.372 1.350 1.904 0.000 0.000 3.826 2.545 1.939 3.032 2.567 2.451 1.997 1.393 1.814 2.042 2.363 2.375 2.245 1.331 1.902 1.920 1.778 1.768 0.000 0.000 0.000 0.000 0.000 0.000 0.000
0.000 0.495 2.369 3.258 3.147 2.230 0.000 0.000 2.650 2.672 4.295 4.345 2.776 0.000 0.000 2.221 2.104 3.197 3.346 3.280 3.095 2.908 2.545 1.689 0.000 0.000 0.000 0.971 0.915 1.820 0.739 0.000 0.000 0.000 0.000 0.000 0.000 1.632 2.066 2.203 2.109 2.038 1.961 1.821 1.723 1.540 0.000 0.000 0.000 1.841 0.000 0.000 1.092 4.095 3.590 3.208 2.667 2.370 1.856 1.503 2.257 2.442 2.505 2.367 1.401 1.800 2.040 2.256 2.218 0.000 0.000 0.000 0.000 0.000 0.000 0.000 0.000
0.000 0.000 1.062 2.051 3.210 2.914 0.996 0.000 0.000 0.000 1.882 0.000 4.502 2.941 2.514 0.000 0.000 1.357 3.201 3.332 3.295 3.254 3.190 3.069 2.901 2.067 1.222 0.186 1.163 0.000 0.000 0.532 0.000 0.166 1.717 2.139 2.263 2.261 2.282 2.189 2.153 2.017 1.948 1.862 1.759 1.661 0.000 0.000 1.081 2.269 0.000 0.000 2.764 3.349 3.266 2.886 2.624 1.921 2.037 2.183 2.314 2.456 2.361 1.399 1.910 2.173 2.276 2.567 0.000 0.000 0.000 0.000 0.000 0.000 0.000 0.000 0.000
0.000 0.459 1.296 1.697 2.341 2.431 2.847 2.097 0.000 0.000 3.227 1.011 4.670 4.821 0.000 0.000 0.000 0.000 2.352 3.337 3.319 3.284 3.211 3.167 3.144 3.137 3.066 3.018 2.909 2.816 2.737 2.453 2.459 2.475 2.493 2.432 2.369 2.313 2.253 2.202 2.185 2.062 1.979 1.860 1.795 1.743 0.210 0.000 0.000 2.259 1.143 3.574 4.248 3.801 3.531 2.716 2.278 2.241 2.263 2.413 2.488 2.319 1.385 2.087 2.357 2.353 2.462 0.000 0.000 0.000 0.000 0.000 0.000 0.000 0.000 0.000 0.000
0.000 0.626 1.630 1.356 1.127 1.372 1.190 2.532 1.546 0.000 1.412 3.334 1.591 4.478 2.240 1.047 0.000 0.000 1.365 3.308 3.330 3.326 3.240 3.221 3.209 3.111 3.065 3.008 2.953 2.895 2.843 2.750 2.627 2.572 2.515 2.426 2.371 2.329 2.227 2.191 2.135 2.086 1.971 1.904 1.906 1.806 1.617 0.000 1.952 2.503 4.058 4.437 4.343 4.278 3.044 1.621 1.920 2.329 2.442 2.618 2.746 1.599 2.230 2.519 2.571 2.540 0.000 0.000 0.000 0.000 0.000 0.000 0.000 0.000 0.000 0.000 0.000
1.485 1.554 1.830 1.076 1.500 1.545 1.405 1.704 0.858 0.000 0.000 2.085 0.000 4.900 4.730 1.760 0.000 2.603 2.952 3.261 3.347 3.257 3.237 3.219 3.156 3.101 3.001 2.940 2.895 2.891 2.823 2.744 2.592 2.604 2.498 2.430 2.358 2.285 2.204 2.165 2.098 2.039 1.987 1.931 1.852 1.697 1.798 2.315 2.818 3.980 4.317 4.479 4.205 3.309 2.596 2.031 2.190 2.335 2.451 2.669 1.979 2.290 2.568 2.836 2.800 0.000 0.000 0.000 0.000 0.000 0.000 0.000 0.000 0.000 0.000 0.000 0.000
3.656 2.694 2.207 2.424 2.127 1.765 1.368 1.250 1.662 0.000 0.000 1.387 3.922 0.000 5.591 5.366 4.183 4.132 0.000 2.930 3.243 3.239 3.225 3.263 3.164 3.132 3.040 2.946 2.898 2.878 2.836 2.723 2.542 2.528 2.444 2.374 2.311 2.235 2.154 2.110 2.058 2.055 1.961 1.836 1.615 0.360 0.000 2.817 3.206 4.128 4.370 3.973 0.000 1.780 2.105 1.586 0.000 2.350 2.620 1.835 2.319 2.665 2.869 2.837 0.000 0.000 0.000 0.000 0.000 0.000 0.000 0.000 0.000 0.000 0.000 0.000 0.000
2.385 2.894 3.109 3.229 2.699 1.431 0.880 0.732 1.936 0.000 0.000 0.000 1.535 0.000 1.996 5.591 3.669 4.096 3.396 0.000 3.092 3.281 3.274 3.283 3.219 3.145 3.067 2.937 2.887 2.887 2.782 2.745 2.625 2.482 2.526 2.377 2.301 2.224 2.154 2.097 2.101 1.991 1.820 0.000 0.717 1.794 2.244 3.363 4.265 4.609 4.440 2.078 0.000 0.000 1.981 2.211 2.289 2.353 1.867 2.530 2.803 2.991 2.944 0.000 0.000 0.000 0.000 0.000 0.000 0.000 0.000 0.000 0.000 0.000 0.000 0.000 0.000
1.056 1.467 2.287 2.546 2.621 2.641 2.248 1.850 0.905 2.200 2.140 0.000 1.958 2.804 3.143 5.014 5.577 0.567 3.775 3.269 2.722 3.102 3.110 3.256 3.221 3.148 3.075 3.004 2.874 2.784 2.744 2.712 2.642 2.493 2.448 2.356 2.284 2.203 2.172 2.157 2.139 1.640 1.485 0.198 1.874 1.464 0.000 3.315 4.540 3.103 1.973 0.513 0.000 0.997 2.017 2.250 2.165 1.600 2.562 2.938 3.053 3.100 0.000 0.000 0.000 0.000 0.000 0.000 0.000 0.000 0.000 0.000 0.000 0.000 0.000 0.000 0.000
1.936 0.545 0.692 1.280 0.992 1.234 1.252 1.386 1.600 2.780 3.784 0.000 0.000 0.000 0.000 0.000 5.093 5.024 2.432 3.264 3.247 3.115 1.797 3.154 3.198 3.103 3.061 2.981 2.908 2.820 2.839 2.690 2.594 2.485 2.395 2.338 2.297 2.208 2.136 1.937 1.815 1.766 1.654 1.774 0.000 0.000 0.000 4.047 4.845 4.720 2.423 0.000 0.000 2.061 2.297 2.333 1.630 2.879 2.992 3.186 3.174 0.000 0.000 0.000 0.000 0.000 0.000 0.000 0.000 0.000 0.000 0.000 0.000 0.000 0.000 0.000 0.000
1.003 1.329 0.535 0.548 0.359 0.021 0.000 0.000 0.000 0.853 2.435 3.471 2.977 0.000 0.000 0.000 1.313 5.214 4.631 2.302 3.421 2.850 0.000 2.865 2.789 0.786 2.994 2.961 2.906 2.841 2.778 2.709 2.603 2.443 2.398 2.329 2.305 1.886 0.205 0.000 1.927 2.093 1.241 0.000 0.000 0.000 3.738 4.665 4.872 4.371 3.083 0.000 2.279 2.404 2.415 1.636 2.544 2.790 2.855 2.988 0.000 0.000 0.000 0.000 0.000 0.000 0.000 0.000 0.000 0.000 0.000 0.000 0.000 0.000 0.000 0.000 0.000
0.000 0.788 1.785 1.373 0.839 0.000 0.000 0.000 0.000 0.000 0.929 2.375 4.533 1.830 0.000 0.000 1.980 5.098 4.947 3.295 0.000 0.000 1.585 2.734 1.337 2.275 2.127 2.776 2.819 2.897 2.759 2.656 2.606 2.544 2.446 2.361 2.068 0.600 0.000 0.000 0.000 1.811 0.642 0.000 2.214 3.512 4.680 4.930 3.794 2.371 1.505 2.052 2.301 2.446 1.781 2.714 2.835 2.888 2.836 0.000 0.000 0.000 0.000 0.000 0.000 0.000 0.000 0.000 0.000 0.000 0.000 0.000 0.000 0.000 0.000 0.000 0.000
0.000 0.000 1.467 1.898 1.393 0.351 0.000 0.000 0.000 0.000 0.000 1.244 2.482 2.963 2.700 0.000 0.000 0.000 0.563 4.440 0.000 0.000 0.000 1.887 2.888 0.021 0.000 0.000 0.000 1.849 2.799 2.472 2.615 2.562 2.418 2.187 0.380 0.000 0.000 0.000 0.000 0.000 2.873 3.490 4.375 4.874 5.101 3.373 1.468 2.181 2.388 2.454 2.045 2.049 2.829 2.897 2.843 2.853 0.000 0.000 0.000 0.000 0.000 0.000 0.000 0.000 0.000 0.000 0.000 0.000 0.000 0.000 0.000 0.000 0.000 0.000 0.000
0.000 0.000 0.000 2.273 2.218 1.169 0.723 0.005 0.339 0.687 1.396 1.943 1.610 2.355 2.275 2.594 0.000 0.000 0.000 4.568 0.000 1.915 0.000 0.359 2.841 3.278 0.000 1.737 0.000 0.000 0.000 1.000 1.899 2.092 1.429 0.000 0.000 0.000 1.806 0.000 0.000 2.376 4.020 4.550 5.103 4.676 1.339 0.000 0.000 0.679 2.597 1.779 2.391 2.818 2.867 2.811 2.793 0.000 0.000 0.000 0.000 0.000 0.000 0.000 0.000 0.000 0.000 0.000 0.000 0.000 0.000 0.000 0.000 0.000 0.000 0.000 0.000
0.000 0.000 0.000 1.543 2.113 2.454 2.371 2.507 2.521 2.993 3.716 3.727 2.921 1.265 1.612 2.897 3.030 1.648 0.000 0.000 4.518 4.807 5.482 3.009 2.872 2.617 2.825 2.383 0.235 0.000 0.000 0.000 0.000 0.000 0.000 0.000 0.600 2.432 2.872 2.570 0.762 4.252 4.872 5.184 4.485 1.985 0.000 0.000 0.000 0.000 2.275 2.760 2.798 2.636 2.830 2.867 0.000 0.000 0.000 0.000 0.000 0.000 0.000 0.000 0.000 0.000 0.000 0.000 0.000 0.000 0.000 0.000 0.000 0.000 0.000 0.000 0.000
0.000 0.000 0.000 0.000 0.000 4.583 3.269 2.765 2.295 2.203 2.951 3.478 3.656 2.078 0.467 0.668 3.250 3.349 2.228 2.549 4.374 4.282 5.769 5.665 0.289 0.000 0.420 3.397 3.382 3.385 3.018 2.167 3.037 0.754 3.016 2.824 3.203 3.674 4.420 4.565 4.901 5.402 5.295 4.826 2.309 0.000 0.000 0.000 0.000 0.000 2.791 2.868 2.982 2.888 2.885 0.000 0.000 0.000 0.000 0.000 0.000 0.000 0.000 0.000 0.000 0.000 0.000 0.000 0.000 0.000 0.000 0.000 0.000 0.000 0.000 0.000 0.000
0.000 0.000 0.000 0.000 4.811 5.378 3.758 1.828 1.702 0.969 0.451 1.447 1.643 0.768 0.413 0.865 2.119 4.011 3.424 1.364 0.000 0.000 2.883 5.258 4.571 0.000 0.000 4.301 4.262 4.030 3.893 3.756 3.672 3.755 3.946 4.126 3.274 5.118 5.341 5.408 5.416 5.076 4.427 2.823 0.000 0.000 0.000 0.000 0.956 2.379 2.953 3.018 2.996 2.492 0.000 0.000 0.000 0.000 0.000 0.000 0.000 0.000 0.000 0.000 0.000 0.000 0.000 0.000 0.000 0.000 0.000 0.000 0.000 0.000 0.000 0.000 0.000
0.000 0.000 0.000 0.525 5.592 5.369 0.853 1.689 0.850 0.997 0.779 0.841 0.491 0.148 0.363 1.044 2.699 3.730 5.152 3.265 0.000 0.000 0.000 1.728 5.201 5.232 5.477 5.802 5.667 5.716 5.389 5.421 5.314 5.483 5.449 5.489 5.530 4.841 2.891 3.176 4.236 4.017 2.712 0.000 2.424 0.000 0.000 1.208 2.675 2.970 3.092 3.148 3.181 0.000 0.000 0.000 0.000 0.000 0.000 0.000 0.000 0.000 0.000 0.000 0.000 0.000 0.000 0.000 0.000 0.000 0.000 0.000 0.000 0.000 0.000 0.000 0.000
0.000 0.000 0.000 0.000 2.747 0.040 3.967 0.135 0.000 1.228 0.662 0.000 0.000 0.000 0.761 1.570 2.348 1.503 3.484 4.688 3.142 0.000 0.000 0.000 0.000 2.387 4.894 5.639 5.578 4.912 4.595 4.630 5.452 5.429 5.296 4.776 4.856 0.000 0.000 0.000 0.000 2.481 2.407 1.581 2.378 2.403 2.577 3.004 3.007 3.097 3.259 3.266 0.000 0.000 0.000 0.000 0.000 0.000 0.000 0.000 0.000 0.000 0.000 0.000 0.000 0.000 0.000 0.000 0.000 0.000 0.000 0.000 0.000 0.000 0.000 0.000 0.000
0.000 0.000 0.000 0.000 0.000 0.000 0.000 0.000 0.000 1.434 0.655 0.000 0.000 0.000 0.000 0.000 0.000 0.676 1.458 3.510 4.382 3.711 0.458 0.000 0.000 0.000 1.975 3.299 3.350 0.000 0.000 0.000 0.000 3.462 0.000 3.479 0.000 0.000 0.000 0.000 0.000 1.440 2.425 2.837 2.983 3.014 3.049 3.095 3.124 3.260 3.373 0.000 0.000 0.000 0.000 0.000 0.000 0.000 0.000 0.000 0.000 0.000 0.000 0.000 0.000 0.000 0.000 0.000 0.000 0.000 0.000 0.000 0.000 0.000 0.000 0.000 0.000
0.000 0.000 0.000 0.000 0.000 0.000 0.000 0.000 0.000 0.000 0.000 0.000 0.000 0.000 0.000 0.000 0.000 0.000 0.000 2.034 5.028 3.990 3.453 1.884 1.135 0.000 0.000 0.000 0.000 0.000 0.000 0.000 0.000 0.000 0.000 0.000 0.000 0.000 0.000 0.000 2.140 2.851 2.961 3.132 3.189 3.139 3.211 3.230 3.275 3.319 0.000 0.000 0.000 0.000 0.000 0.000 0.000 0.000 0.000 0.000 0.000 0.000 0.000 0.000 0.000 0.000 0.000 0.000 0.000 0.000 0.000 0.000 0.000 0.000 0.000 0.000 0.000
0.000 0.000 0.000 0.000 0.000 0.000 0.000 0.000 0.000 0.000 0.000 0.000 0.000 0.000 0.000 0.000 0.000 0.000 0.000 0.000 3.029 4.273 4.050 3.652 3.175 1.845 0.187 0.000 0.000 2.535 1.108 0.356 0.000 2.446 1.257 0.835 1.361 1.475 2.535 2.905 3.239 3.208 3.302 3.248 3.283 3.330 3.325 3.398 3.402 0.000 0.000 0.000 0.000 0.000 0.000 0.000 0.000 0.000 0.000 0.000 0.000 0.000 0.000 0.000 0.000 0.000 0.000 0.000 0.000 0.000 0.000 0.000 0.000 0.000 0.000 0.000 0.000
0.000 0.000 0.000 0.000 0.000 0.000 0.000 0.000 0.000 0.000 0.000 0.000 0.000 0.000 0.000 0.000 0.000 0.000 0.000 0.000 4.127 4.425 4.096 4.110 3.926 3.624 3.431 3.168 3.313 3.124 2.662 2.553 2.494 2.824 2.964 3.244 3.089 3.071 3.155 3.085 3.105 3.237 3.321 3.467 3.505 3.413 3.454 3.440 0.000 0.000 0.000 0.000 0.000 0.000 0.000 0.000 0.000 0.000 0.000 0.000 0.000 0.000 0.000 0.000 0.000 0.000 0.000 0.000 0.000 0.000 0.000 0.000 0.000 0.000 0.000 0.000 0.000
0.000 0.000 0.000 0.000 0.000 0.000 0.000 0.000 0.000 0.000 0.000 0.000 0.000 0.000 0.000 0.000 0.000 0.000 0.000 0.000 3.847 4.814 4.412 4.289 4.170 3.905 3.802 3.648 3.653 3.490 3.422 3.417 3.404 3.384 3.432 3.235 3.246 3.224 3.253 3.328 3.332 3.300 3.283 3.288 3.463 3.643 3.602 0.000 0.000 0.000 0.000 0.000 0.000 0.000 0.000 0.000 0.000 0.000 0.000 0.000 0.000 0.000 0.000 0.000 0.000 0.000 0.000 0.000 0.000 0.000 0.000 0.000 0.000 0.000 0.000 0.000 0.000
