LISFLOOD_FP/Result/4_LISFLOOD_FP/combined_output/combined_angle_45_x_0_y_0/out-0006.elev
ncols         192
nrows         192
xllcorner     1771145.000000
yllcorner     5471774.000000
cellsize      10.000000
NODATA_value  -9999.000000
[rows 108 to 134 of 192, columns 62 to 123 of 192]
7.710 7.773 7.855 8.131 8.284 8.393 8.775 8.887 -9999.000 -9999.000 -9999.000 -9999.000 -9999.000 -9999.000 -9999.000 -9999.000 -9999.000 -9999.000 -9999.000 9.360 9.413 9.502 9.541 -9999.000 -9999.000 11.551 11.550 11.550 11.550 11.550 11.550 11.489 10.685 -9999.000 -9999.000 -9999.000 -9999.000 -9999.000 -9999.000 -9999.000 -9999.000 -9999.000 -9999.000 -9999.000 10.161 10.277 -9999.000 -9999.000 -9999.000 -9999.000 -9999.000 -9999.000 -9999.000 -9999.000 -9999.000 -9999.000 -9999.000 -9999.000 -9999.000 12.034 12.069 12.090
7.695 7.743 7.786 8.160 -9999.000 8.850 8.959 8.999 9.032 9.066 9.086 9.094 -9999.000 -9999.000 -9999.000 -9999.000 -9999.000 -9999.000 -9999.000 -9999.000 9.497 9.555 9.577 9.637 11.499 11.550 11.549 11.550 11.549 11.550 11.550 11.550 -9999.000 -9999.000 -9999.000 -9999.000 -9999.000 -9999.000 -9999.000 -9999.000 -9999.000 -9999.000 -9999.000 -9999.000 -9999.000 10.439 -9999.000 -9999.000 -9999.000 -9999.000 -9999.000 -9999.000 -9999.000 -9999.000 -9999.000 -9999.000 -9999.000 -9999.000 11.868 11.891 11.936 12.033
7.684 7.736 7.781 8.281 8.668 8.873 8.998 9.030 9.059 9.086 9.099 9.110 9.121 9.188 9.323 9.817 -9999.000 -9999.000 -9999.000 -9999.000 -9999.000 9.591 9.633 9.696 9.751 -9999.000 -9999.000 -9999.000 -9999.000 11.550 11.551 11.551 -9999.000 -9999.000 -9999.000 -9999.000 -9999.000 -9999.000 -9999.000 -9999.000 -9999.000 -9999.000 -9999.000 -9999.000 -9999.000 10.530 -9999.000 -9999.000 -9999.000 -9999.000 -9999.000 -9999.000 -9999.000 -9999.000 -9999.000 -9999.000 -9999.000 11.813 11.823 11.851 11.880 11.997
-9999.000 -9999.000 8.214 8.313 8.659 -9999.000 9.022 9.040 9.069 9.099 9.122 9.120 9.125 9.200 10.167 10.748 11.074 11.136 11.140 -9999.000 -9999.000 -9999.000 9.689 9.733 9.807 9.851 -9999.000 -9999.000 -9999.000 -9999.000 11.551 11.551 11.551 11.551 -9999.000 -9999.000 -9999.000 -9999.000 -9999.000 -9999.000 -9999.000 -9999.000 -9999.000 10.544 10.614 10.553 -9999.000 -9999.000 -9999.000 -9999.000 -9999.000 -9999.000 -9999.000 -9999.000 -9999.000 11.775 11.786 11.800 11.815 11.838 11.869 11.937
7.903 8.094 8.237 8.431 8.756 8.894 9.019 9.043 9.077 9.123 9.167 -9999.000 9.424 -9999.000 -9999.000 -9999.000 11.119 11.139 11.141 -9999.000 -9999.000 -9999.000 -9999.000 9.875 9.857 9.889 9.967 -9999.000 -9999.000 -9999.000 11.551 11.551 11.551 11.552 11.552 -9999.000 -9999.000 -9999.000 -9999.000 -9999.000 -9999.000 -9999.000 -9999.000 -9999.000 10.895 -9999.000 -9999.000 -9999.000 -9999.000 -9999.000 -9999.000 -9999.000 -9999.000 -9999.000 11.740 11.749 11.770 11.789 11.807 11.827 11.849 11.891
-9999.000 8.197 8.265 8.507 8.654 8.779 8.978 9.049 9.098 9.166 9.242 9.442 9.740 -9999.000 -9999.000 -9999.000 11.044 11.142 11.144 11.148 11.150 -9999.000 -9999.000 9.900 9.903 9.972 10.051 10.581 -9999.000 -9999.000 11.551 11.551 11.551 11.552 11.552 11.553 11.555 11.556 11.558 -9999.000 -9999.000 -9999.000 11.388 11.390 11.016 -9999.000 -9999.000 -9999.000 -9999.000 -9999.000 -9999.000 -9999.000 11.703 11.713 11.730 11.744 11.762 11.782 11.801 11.819 11.833 -9999.000
-9999.000 -9999.000 8.207 8.405 8.538 -9999.000 -9999.000 -9999.000 -9999.000 -9999.000 -9999.000 9.593 9.921 -9999.000 -9999.000 -9999.000 -9999.000 11.148 11.148 11.149 11.151 11.153 -9999.000 -9999.000 -9999.000 10.254 -9999.000 10.915 10.966 10.966 -9999.000 -9999.000 11.552 11.552 11.552 11.553 11.555 11.558 11.562 11.566 11.569 11.572 -9999.000 11.524 -9999.000 -9999.000 -9999.000 -9999.000 -9999.000 11.653 11.659 11.670 11.686 11.703 11.721 11.736 11.756 11.776 11.798 11.819 11.833 -9999.000
-9999.000 -9999.000 -9999.000 -9999.000 -9999.000 -9999.000 -9999.000 -9999.000 -9999.000 -9999.000 -9999.000 -9999.000 10.127 10.739 -9999.000 -9999.000 11.096 11.152 11.152 11.152 11.154 11.157 11.162 -9999.000 -9999.000 10.374 10.807 10.955 10.998 -9999.000 -9999.000 -9999.000 -9999.000 11.551 11.551 11.553 11.555 11.558 11.563 11.568 11.575 11.582 11.588 11.592 11.599 11.605 11.612 11.620 11.629 11.641 11.653 11.665 11.680 11.696 11.713 11.730 11.749 11.771 11.798 11.825 11.847 -9999.000
-9999.000 -9999.000 -9999.000 -9999.000 -9999.000 -9999.000 -9999.000 -9999.000 -9999.000 -9999.000 -9999.000 -9999.000 -9999.000 11.011 -9999.000 -9999.000 11.143 11.154 11.156 11.159 11.162 11.165 11.165 11.168 -9999.000 10.717 10.901 10.941 11.077 11.164 11.214 -9999.000 -9999.000 11.546 11.549 11.551 11.554 11.559 11.564 11.570 11.577 11.583 11.589 11.594 11.600 11.606 11.612 11.619 11.628 11.638 11.649 11.661 11.675 11.690 11.706 11.723 11.742 11.767 11.800 11.840 11.906 12.039
-9999.000 -9999.000 -9999.000 -9999.000 -9999.000 -9999.000 -9999.000 -9999.000 -9999.000 -9999.000 -9999.000 -9999.000 -9999.000 11.059 11.104 11.134 11.149 11.155 11.161 11.167 11.169 11.170 11.172 11.186 -9999.000 -9999.000 10.923 -9999.000 11.142 11.204 11.244 -9999.000 11.434 11.504 11.541 11.547 11.552 11.558 11.565 11.572 11.579 11.585 11.590 11.596 11.601 11.606 11.612 11.619 11.626 11.635 11.646 11.657 11.670 11.685 11.700 11.716 11.735 11.760 11.798 11.852 11.980 12.176
-9999.000 -9999.000 -9999.000 -9999.000 -9999.000 -9999.000 -9999.000 -9999.000 -9999.000 -9999.000 -9999.000 -9999.000 -9999.000 11.094 11.128 11.143 11.153 11.161 11.168 11.171 11.173 11.177 11.186 11.221 -9999.000 -9999.000 11.051 11.149 -9999.000 11.271 11.309 11.334 11.350 -9999.000 11.543 11.544 11.549 11.557 11.566 11.574 11.581 11.587 11.593 11.598 11.602 11.607 11.612 11.618 11.625 11.633 11.642 11.653 11.666 11.680 11.694 11.709 11.725 11.747 11.791 11.840 12.342 -9999.000
-9999.000 -9999.000 -9999.000 -9999.000 -9999.000 -9999.000 -9999.000 -9999.000 -9999.000 -9999.000 -9999.000 -9999.000 -9999.000 -9999.000 11.150 11.152 11.159 11.166 11.171 11.175 11.180 11.190 11.213 11.239 -9999.000 -9999.000 -9999.000 11.225 -9999.000 11.310 11.323 11.339 11.352 11.377 -9999.000 11.535 11.543 11.556 11.569 11.578 11.585 11.590 11.595 11.599 11.603 11.608 11.612 11.617 11.624 11.631 11.639 11.649 11.662 11.676 11.690 11.702 11.715 11.724 -9999.000 12.386 12.475 12.487
-9999.000 -9999.000 -9999.000 -9999.000 -9999.000 -9999.000 -9999.000 -9999.000 -9999.000 -9999.000 -9999.000 -9999.000 -9999.000 11.163 11.162 11.165 11.168 11.173 11.178 11.184 11.205 11.240 11.292 11.486 11.691 11.702 -9999.000 11.288 11.313 11.319 11.329 11.342 -9999.000 11.403 11.436 11.493 11.525 11.553 11.574 11.584 11.589 11.593 11.598 11.601 11.605 11.609 11.613 11.617 11.622 11.628 11.636 11.645 11.657 11.672 11.687 11.698 11.709 11.715 12.373 12.462 12.467 -9999.000
-9999.000 -9999.000 -9999.000 -9999.000 -9999.000 -9999.000 -9999.000 -9999.000 -9999.000 -9999.000 -9999.000 -9999.000 -9999.000 11.163 11.165 11.173 11.294 11.299 11.225 11.243 11.263 11.306 11.400 11.571 11.693 11.716 -9999.000 -9999.000 -9999.000 -9999.000 -9999.000 11.358 11.373 11.399 11.439 11.469 11.491 11.546 11.590 11.592 11.593 11.597 11.600 11.603 11.606 11.609 11.613 11.617 11.621 11.626 11.632 11.640 11.652 11.669 11.685 11.701 11.709 11.714 11.714 -9999.000 -9999.000 -9999.000
-9999.000 -9999.000 -9999.000 -9999.000 -9999.000 -9999.000 -9999.000 -9999.000 -9999.000 -9999.000 -9999.000 -9999.000 -9999.000 -9999.000 -9999.000 11.310 11.404 11.611 11.650 11.716 -9999.000 -9999.000 -9999.000 -9999.000 11.752 11.790 11.854 11.868 -9999.000 -9999.000 -9999.000 11.379 11.381 11.385 11.417 11.465 11.477 -9999.000 11.623 11.613 11.599 11.602 11.603 11.605 11.607 11.610 11.613 11.616 11.620 11.624 11.629 11.634 11.642 -9999.000 -9999.000 11.707 11.712 11.726 -9999.000 -9999.000 -9999.000 12.473
-9999.000 -9999.000 -9999.000 -9999.000 -9999.000 -9999.000 -9999.000 -9999.000 -9999.000 -9999.000 -9999.000 -9999.000 -9999.000 -9999.000 -9999.000 -9999.000 11.655 11.787 11.801 11.817 -9999.000 -9999.000 -9999.000 -9999.000 -9999.000 11.844 11.871 11.882 11.908 -9999.000 -9999.000 11.381 11.383 11.385 11.390 -9999.000 -9999.000 11.686 11.687 11.783 11.626 11.609 11.605 11.606 11.608 11.611 11.614 11.616 11.619 11.622 11.625 11.629 11.559 -9999.000 -9999.000 -9999.000 11.717 12.153 -9999.000 12.442 12.450 12.464
-9999.000 -9999.000 -9999.000 -9999.000 -9999.000 -9999.000 -9999.000 -9999.000 -9999.000 -9999.000 -9999.000 -9999.000 -9999.000 -9999.000 -9999.000 -9999.000 -9999.000 11.807 11.828 11.838 11.810 -9999.000 -9999.000 -9999.000 -9999.000 -9999.000 11.897 11.909 11.933 11.949 -9999.000 -9999.000 -9999.000 -9999.000 11.390 -9999.000 -9999.000 -9999.000 11.895 12.081 -9999.000 -9999.000 -9999.000 -9999.000 11.611 11.612 11.614 11.617 11.619 11.621 11.623 -9999.000 -9999.000 -9999.000 -9999.000 -9999.000 -9999.000 12.413 12.419 12.428 12.439 12.455
-9999.000 -9999.000 -9999.000 -9999.000 -9999.000 -9999.000 -9999.000 -9999.000 -9999.000 -9999.000 -9999.000 -9999.000 -9999.000 -9999.000 -9999.000 -9999.000 -9999.000 -9999.000 11.847 11.853 11.868 11.872 -9999.000 11.878 11.906 11.907 11.908 11.916 11.948 11.987 12.068 -9999.000 -9999.000 -9999.000 11.390 -9999.000 12.306 -9999.000 12.155 12.205 12.230 -9999.000 12.314 -9999.000 -9999.000 -9999.000 11.617 11.618 11.618 11.619 -9999.000 -9999.000 -9999.000 12.389 -9999.000 -9999.000 12.408 12.412 12.416 12.422 12.429 12.439
-9999.000 -9999.000 -9999.000 -9999.000 -9999.000 -9999.000 -9999.000 -9999.000 -9999.000 -9999.000 -9999.000 -9999.000 -9999.000 -9999.000 -9999.000 -9999.000 -9999.000 -9999.000 11.855 11.864 11.884 11.890 11.894 11.898 11.902 11.906 11.907 11.909 11.948 12.034 12.128 12.208 12.246 -9999.000 -9999.000 12.306 12.306 12.306 12.297 12.253 12.254 12.278 12.314 -9999.000 -9999.000 -9999.000 -9999.000 -9999.000 -9999.000 -9999.000 -9999.000 12.385 12.388 12.389 12.390 12.392 12.405 12.408 12.411 12.416 12.423 -9999.000
-9999.000 -9999.000 -9999.000 -9999.000 -9999.000 -9999.000 -9999.000 -9999.000 -9999.000 -9999.000 -9999.000 -9999.000 -9999.000 -9999.000 -9999.000 -9999.000 -9999.000 -9999.000 -9999.000 -9999.000 11.890 11.891 11.893 11.897 11.901 11.905 11.907 11.909 11.914 12.150 12.233 12.260 12.281 12.297 12.303 12.306 12.306 12.307 12.308 -9999.000 -9999.000 12.222 12.349 12.353 12.355 12.357 12.359 12.362 12.365 12.372 12.374 12.379 12.385 12.389 12.392 12.396 12.401 12.404 12.408 12.412 -9999.000 -9999.000
-9999.000 -9999.000 -9999.000 -9999.000 -9999.000 -9999.000 -9999.000 -9999.000 -9999.000 -9999.000 -9999.000 -9999.000 -9999.000 -9999.000 -9999.000 -9999.000 -9999.000 -9999.000 -9999.000 11.898 11.890 11.891 11.893 11.894 11.896 11.900 11.908 11.909 11.916 12.181 12.270 12.285 12.295 12.301 12.307 -9999.000 -9999.000 12.310 12.313 12.324 -9999.000 -9999.000 12.352 12.353 12.355 12.357 12.360 12.363 12.366 12.370 12.372 12.377 12.384 12.388 12.392 12.395 12.399 12.401 12.404 -9999.000 -9999.000 -9999.000
-9999.000 -9999.000 -9999.000 -9999.000 -9999.000 -9999.000 -9999.000 -9999.000 -9999.000 -9999.000 -9999.000 -9999.000 -9999.000 -9999.000 -9999.000 -9999.000 -9999.000 -9999.000 11.889 11.889 11.882 11.893 11.893 11.896 11.896 11.899 11.904 11.906 -9999.000 12.271 12.289 12.295 12.299 12.308 12.317 -9999.000 -9999.000 -9999.000 12.325 12.335 12.343 12.349 12.352 12.354 12.355 12.358 12.360 12.363 12.366 12.368 12.371 12.374 12.380 12.387 12.392 12.396 12.397 12.399 -9999.000 12.403 -9999.000 -9999.000
-9999.000 -9999.000 -9999.000 -9999.000 -9999.000 -9999.000 -9999.000 -9999.000 -9999.000 -9999.000 -9999.000 -9999.000 -9999.000 -9999.000 -9999.000 -9999.000 -9999.000 -9999.000 -9999.000 11.891 -9999.000 11.894 -9999.000 -9999.000 11.896 11.897 -9999.000 -9999.000 -9999.000 12.293 12.294 12.296 12.303 12.318 12.330 12.342 -9999.000 -9999.000 -9999.000 -9999.000 12.349 12.351 12.352 12.353 12.356 12.358 12.361 12.364 12.366 12.368 12.370 12.372 -9999.000 -9999.000 -9999.000 -9999.000 12.398 12.398 12.400 12.403 12.405 12.411
-9999.000 -9999.000 -9999.000 -9999.000 -9999.000 -9999.000 -9999.000 -9999.000 -9999.000 -9999.000 -9999.000 -9999.000 -9999.000 -9999.000 -9999.000 -9999.000 -9999.000 -9999.000 -9999.000 -9999.000 -9999.000 -9999.000 -9999.000 -9999.000 11.896 11.898 -9999.000 -9999.000 -9999.000 -9999.000 -9999.000 -9999.000 12.321 12.329 12.343 12.354 12.360 12.316 -9999.000 -9999.000 -9999.000 12.352 12.353 12.353 -9999.000 -9999.000 -9999.000 -9999.000 12.366 -9999.000 12.370 -9999.000 -9999.000 -9999.000 -9999.000 -9999.000 12.397 12.398 12.399 12.402 12.404 12.409
-9999.000 -9999.000 -9999.000 -9999.000 -9999.000 -9999.000 -9999.000 -9999.000 -9999.000 -9999.000 -9999.000 -9999.000 -9999.000 -9999.000 -9999.000 -9999.000 -9999.000 -9999.000 -9999.000 -9999.000 -9999.000 -9999.000 -9999.000 -9999.000 -9999.000 -9999.000 -9999.000 -9999.000 -9999.000 -9999.000 -9999.000 -9999.000 -9999.000 -9999.000 12.351 12.360 12.365 12.369 12.371 12.372 -9999.000 -9999.000 -9999.000 -9999.000 -9999.000 -9999.000 -9999.000 -9999.000 -9999.000 -9999.000 -9999.000 -9999.000 -9999.000 -9999.000 -9999.000 12.391 12.393 12.395 12.397 12.399 12.402 12.406
-9999.000 -9999.000 -9999.000 -9999.000 -9999.000 -9999.000 -9999.000 -9999.000 -9999.000 -9999.000 -9999.000 -9999.000 -9999.000 -9999.000 -9999.000 -9999.000 -9999.000 -9999.000 -9999.000 -9999.000 -9999.000 -9999.000 -9999.000 -9999.000 -9999.000 -9999.000 -9999.000 -9999.000 -9999.000 -9999.000 -9999.000 -9999.000 -9999.000 -9999.000 -9999.000 12.368 12.370 12.372 12.373 12.374 12.375 -9999.000 -9999.000 -9999.000 12.379 12.379 12.349 -9999.000 12.381 12.381 12.382 12.384 12.385 12.386 12.387 12.389 12.391 12.393 12.396 12.398 12.401 12.403
-9999.000 -9999.000 -9999.000 -9999.000 -9999.000 -9999.000 -9999.000 -9999.000 -9999.000 -9999.000 -9999.000 -9999.000 -9999.000 -9999.000 -9999.000 -9999.000 -9999.000 -9999.000 -9999.000 -9999.000 -9999.000 -9999.000 -9999.000 -9999.000 -9999.000 -9999.000 -9999.000 -9999.000 -9999.000 -9999.000 -9999.000 -9999.000 -9999.000 -9999.000 -9999.000 12.372 12.372 12.373 12.374 12.375 12.376 12.376 12.378 12.378 12.378 12.379 12.379 12.380 12.381 12.381 12.381 12.382 12.384 12.385 12.386 12.388 12.390 12.392 12.394 12.396 12.399 12.401
