LISFLOOD_FP/Result/4_LISFLOOD_FP/combined_output/combined_angle_45_x_0_y_0/out-0008.elev
ncols         192
nrows         192
xllcorner     1771145.000000
yllcorner     5471774.000000
cellsize      10.000000
NODATA_value  -9999.000000
[rows 112 to 139 of 192, columns 62 to 123 of 192]
8.977 9.011 9.032 9.064 9.168 9.298 9.425 9.456 9.493 9.533 9.566 -9999.000 9.796 -9999.000 -9999.000 -9999.000 11.446 11.472 11.475 -9999.000 -9999.000 -9999.000 -9999.000 10.541 10.548 10.575 10.633 -9999.000 -9999.000 -9999.000 11.968 11.969 11.970 11.971 11.972 -9999.000 -9999.000 -9999.000 -9999.000 -9999.000 11.322 -9999.000 -9999.000 -9999.000 11.532 11.524 -9999.000 11.457 11.456 -9999.000 -9999.000 -9999.000 -9999.000 -9999.000 12.141 12.149 12.162 12.175 12.186 12.198 12.211 12.235
9.007 9.025 9.045 9.084 9.152 9.254 9.395 9.458 9.504 9.561 9.627 9.811 10.033 -9999.000 -9999.000 -9999.000 11.460 11.476 11.479 11.484 11.485 -9999.000 -9999.000 10.573 10.579 10.639 10.696 11.079 -9999.000 -9999.000 11.969 11.969 11.970 11.971 11.972 11.974 11.976 11.978 11.980 -9999.000 -9999.000 -9999.000 11.817 11.816 11.589 11.560 -9999.000 -9999.000 -9999.000 -9999.000 -9999.000 -9999.000 12.113 12.121 12.134 12.144 12.157 12.170 12.182 12.193 12.201 -9999.000
-9999.000 -9999.000 9.062 9.081 9.108 -9999.000 -9999.000 -9999.000 -9999.000 -9999.000 -9999.000 9.955 10.248 -9999.000 -9999.000 -9999.000 -9999.000 11.483 11.484 11.486 11.487 11.490 -9999.000 -9999.000 -9999.000 10.860 -9999.000 11.357 11.405 11.405 -9999.000 -9999.000 11.971 11.972 11.973 11.974 11.977 11.980 11.984 11.988 11.992 11.995 11.937 11.942 -9999.000 -9999.000 12.034 -9999.000 12.001 12.073 12.078 12.087 12.101 12.114 12.127 12.139 12.152 12.166 12.180 12.193 12.201 -9999.000
-9999.000 -9999.000 -9999.000 -9999.000 -9999.000 -9999.000 -9999.000 -9999.000 -9999.000 -9999.000 -9999.000 -9999.000 10.470 11.046 -9999.000 -9999.000 11.490 11.489 11.488 11.489 11.490 11.494 11.498 -9999.000 -9999.000 10.993 11.281 11.394 11.436 -9999.000 -9999.000 -9999.000 -9999.000 11.972 11.973 11.974 11.977 11.981 11.985 11.991 11.997 12.004 12.010 12.014 12.022 12.028 12.036 12.044 12.052 12.063 12.073 12.084 12.096 12.109 12.122 12.134 12.147 12.162 12.180 12.196 12.209 12.266
-9999.000 -9999.000 -9999.000 -9999.000 -9999.000 -9999.000 -9999.000 -9999.000 -9999.000 -9999.000 -9999.000 -9999.000 -9999.000 11.331 11.400 -9999.000 11.490 11.492 11.492 11.496 11.499 11.501 11.503 11.505 -9999.000 11.204 11.357 11.395 11.517 11.607 11.651 -9999.000 -9999.000 11.967 11.971 11.973 11.976 11.981 11.987 11.993 11.999 12.005 12.011 12.017 12.023 12.029 12.036 12.043 12.051 12.060 12.070 12.081 12.092 12.104 12.117 12.129 12.143 12.159 12.181 12.205 12.245 12.330
-9999.000 -9999.000 -9999.000 -9999.000 -9999.000 -9999.000 -9999.000 -9999.000 -9999.000 -9999.000 -9999.000 -9999.000 -9999.000 11.392 11.444 11.475 11.488 11.494 11.498 11.503 11.505 11.507 11.507 11.516 -9999.000 -9999.000 11.385 -9999.000 11.583 11.646 11.683 -9999.000 11.870 11.933 11.965 11.971 11.975 11.981 11.988 11.994 12.001 12.007 12.013 12.019 12.024 12.030 12.036 12.043 12.050 12.058 12.067 12.077 12.088 12.100 12.112 12.124 12.138 12.155 12.180 12.214 12.290 12.429
-9999.000 -9999.000 -9999.000 -9999.000 -9999.000 -9999.000 -9999.000 -9999.000 -9999.000 -9999.000 -9999.000 -9999.000 -9999.000 11.433 11.469 11.484 11.493 11.500 11.506 11.508 11.510 11.512 11.519 11.538 -9999.000 -9999.000 11.491 11.583 -9999.000 11.715 11.752 11.778 11.795 -9999.000 11.967 11.968 11.973 11.981 11.989 11.997 12.004 12.010 12.015 12.021 12.026 12.031 12.036 12.042 12.048 12.056 12.064 12.074 12.085 12.097 12.108 12.120 12.131 12.146 12.176 12.211 12.507 -9999.000
-9999.000 -9999.000 -9999.000 -9999.000 -9999.000 -9999.000 -9999.000 -9999.000 -9999.000 -9999.000 -9999.000 -9999.000 -9999.000 -9999.000 11.490 11.493 11.498 11.505 11.509 11.512 11.516 11.525 11.540 11.553 -9999.000 -9999.000 -9999.000 11.657 -9999.000 11.751 11.767 11.783 11.797 11.820 -9999.000 11.961 11.968 11.980 11.991 12.000 12.007 12.012 12.018 12.023 12.027 12.031 12.036 12.041 12.047 12.054 12.061 12.070 12.081 12.093 12.105 12.116 12.125 12.132 -9999.000 12.580 12.661 12.686
-9999.000 -9999.000 -9999.000 -9999.000 -9999.000 -9999.000 -9999.000 -9999.000 -9999.000 -9999.000 -9999.000 -9999.000 -9999.000 11.504 11.501 11.504 11.507 11.510 11.515 11.520 11.534 11.557 11.591 11.718 11.894 11.906 -9999.000 11.721 11.751 11.760 11.772 11.787 11.820 11.845 11.875 11.925 11.952 11.977 11.996 12.005 12.011 12.016 12.020 12.024 12.028 12.032 12.036 12.041 12.046 12.052 12.058 12.067 12.078 12.091 12.103 12.113 12.123 12.128 12.500 12.638 12.648 -9999.000
-9999.000 -9999.000 -9999.000 -9999.000 -9999.000 -9999.000 -9999.000 -9999.000 -9999.000 -9999.000 -9999.000 -9999.000 -9999.000 11.504 11.505 11.510 11.560 11.569 11.548 11.556 11.565 11.592 11.656 11.786 11.897 11.920 -9999.000 -9999.000 -9999.000 -9999.000 -9999.000 11.805 11.821 11.843 11.876 11.904 11.925 11.972 12.009 12.013 12.014 12.019 12.023 12.027 12.030 12.033 12.037 12.041 12.045 12.050 12.055 12.062 12.073 12.088 12.102 12.116 12.124 12.128 12.128 -9999.000 -9999.000 -9999.000
-9999.000 -9999.000 -9999.000 -9999.000 -9999.000 -9999.000 -9999.000 -9999.000 -9999.000 -9999.000 -9999.000 -9999.000 -9999.000 -9999.000 -9999.000 11.580 11.640 11.781 11.822 11.866 -9999.000 -9999.000 -9999.000 -9999.000 11.957 11.998 12.064 12.079 -9999.000 -9999.000 -9999.000 11.826 11.830 11.833 11.859 11.900 11.911 -9999.000 12.033 12.027 12.025 12.025 12.026 12.028 12.031 12.034 12.037 12.040 12.044 12.048 12.052 12.057 12.064 12.007 -9999.000 12.122 12.126 12.136 -9999.000 -9999.000 -9999.000 12.682
-9999.000 -9999.000 -9999.000 -9999.000 -9999.000 -9999.000 -9999.000 -9999.000 -9999.000 -9999.000 -9999.000 -9999.000 -9999.000 -9999.000 -9999.000 -9999.000 11.829 11.952 11.971 11.988 -9999.000 -9999.000 -9999.000 -9999.000 -9999.000 12.052 12.082 12.093 12.119 -9999.000 -9999.000 11.829 11.831 11.833 11.838 -9999.000 -9999.000 12.074 12.074 12.114 12.039 12.030 12.028 12.029 12.032 12.035 12.038 12.041 12.043 12.046 12.049 12.053 12.058 -9999.000 -9999.000 -9999.000 12.132 12.375 -9999.000 12.654 12.661 12.674
-9999.000 -9999.000 -9999.000 -9999.000 -9999.000 -9999.000 -9999.000 -9999.000 -9999.000 -9999.000 -9999.000 -9999.000 -9999.000 -9999.000 -9999.000 -9999.000 -9999.000 11.979 12.009 12.022 12.054 -9999.000 -9999.000 -9999.000 -9999.000 -9999.000 12.110 12.120 12.144 12.159 -9999.000 -9999.000 -9999.000 11.838 11.838 -9999.000 -9999.000 -9999.000 12.199 12.328 -9999.000 -9999.000 -9999.000 -9999.000 12.034 12.036 12.038 12.041 12.043 12.045 12.047 12.049 -9999.000 -9999.000 -9999.000 -9999.000 -9999.000 12.627 12.633 12.642 12.652 12.666
-9999.000 -9999.000 -9999.000 -9999.000 -9999.000 -9999.000 -9999.000 -9999.000 -9999.000 -9999.000 -9999.000 -9999.000 -9999.000 -9999.000 -9999.000 -9999.000 -9999.000 -9999.000 12.036 12.047 12.069 12.077 -9999.000 12.120 12.121 12.121 12.121 12.128 12.158 12.196 12.273 -9999.000 -9999.000 -9999.000 11.838 -9999.000 12.524 -9999.000 12.402 12.436 12.459 -9999.000 12.536 -9999.000 -9999.000 -9999.000 12.041 12.042 12.043 12.043 -9999.000 -9999.000 -9999.000 12.607 -9999.000 -9999.000 12.624 12.627 12.630 12.636 12.643 12.651
-9999.000 -9999.000 -9999.000 -9999.000 -9999.000 -9999.000 -9999.000 -9999.000 -9999.000 -9999.000 -9999.000 -9999.000 -9999.000 -9999.000 -9999.000 -9999.000 -9999.000 -9999.000 12.049 12.061 12.091 12.099 12.104 12.109 12.112 12.121 12.123 12.126 12.159 12.240 12.334 12.419 12.458 -9999.000 -9999.000 12.523 12.524 12.524 12.516 12.478 12.480 12.503 12.536 12.540 -9999.000 -9999.000 -9999.000 -9999.000 -9999.000 -9999.000 -9999.000 12.604 12.606 12.607 12.608 12.611 12.622 12.624 12.627 12.631 12.637 -9999.000
-9999.000 -9999.000 -9999.000 -9999.000 -9999.000 -9999.000 -9999.000 -9999.000 -9999.000 -9999.000 -9999.000 -9999.000 -9999.000 -9999.000 -9999.000 -9999.000 -9999.000 -9999.000 -9999.000 -9999.000 12.099 12.098 12.101 12.109 12.114 12.120 12.120 12.121 12.133 12.326 12.423 12.472 12.494 12.512 12.520 12.523 12.524 12.525 12.526 12.512 -9999.000 12.542 12.568 12.571 12.573 12.575 12.578 12.580 12.584 12.590 12.592 12.597 12.603 12.607 12.610 12.614 12.618 12.621 12.624 12.628 -9999.000 -9999.000
-9999.000 -9999.000 -9999.000 -9999.000 -9999.000 -9999.000 -9999.000 -9999.000 -9999.000 -9999.000 -9999.000 -9999.000 -9999.000 -9999.000 -9999.000 -9999.000 -9999.000 -9999.000 -9999.000 12.088 12.099 12.101 12.103 12.105 12.109 12.115 12.123 12.125 12.140 12.373 12.470 12.498 12.509 12.515 12.523 -9999.000 -9999.000 12.528 12.531 12.542 -9999.000 -9999.000 12.571 12.572 12.574 12.576 12.578 12.581 12.585 12.588 12.590 12.595 12.602 12.606 12.610 12.613 12.616 12.619 12.621 -9999.000 -9999.000 -9999.000
-9999.000 -9999.000 -9999.000 -9999.000 -9999.000 -9999.000 -9999.000 -9999.000 -9999.000 -9999.000 -9999.000 -9999.000 -9999.000 -9999.000 -9999.000 -9999.000 -9999.000 -9999.000 12.099 12.100 12.112 12.099 12.103 12.106 12.109 12.113 12.119 12.123 12.376 12.462 12.498 12.508 12.513 12.523 12.533 -9999.000 -9999.000 -9999.000 12.543 12.553 12.561 12.568 12.570 12.572 12.574 12.576 12.579 12.582 12.584 12.587 12.589 12.592 12.598 12.605 12.610 12.614 12.615 12.617 -9999.000 12.622 -9999.000 -9999.000
-9999.000 -9999.000 -9999.000 -9999.000 -9999.000 -9999.000 -9999.000 -9999.000 -9999.000 -9999.000 -9999.000 -9999.000 -9999.000 -9999.000 -9999.000 -9999.000 -9999.000 -9999.000 -9999.000 12.099 -9999.000 12.101 12.100 -9999.000 12.110 12.110 -9999.000 -9999.000 -9999.000 12.501 12.506 12.509 12.518 12.534 12.547 12.562 -9999.000 -9999.000 -9999.000 -9999.000 12.568 12.569 12.571 12.572 12.574 12.576 12.579 12.582 12.584 12.587 12.589 12.590 -9999.000 -9999.000 -9999.000 -9999.000 12.616 12.617 12.619 12.622 12.625 12.630
-9999.000 -9999.000 -9999.000 -9999.000 -9999.000 -9999.000 -9999.000 -9999.000 -9999.000 -9999.000 -9999.000 -9999.000 -9999.000 -9999.000 -9999.000 -9999.000 -9999.000 -9999.000 -9999.000 -9999.000 -9999.000 -9999.000 -9999.000 -9999.000 12.110 12.110 -9999.000 -9999.000 -9999.000 -9999.000 -9999.000 -9999.000 12.537 12.546 12.562 12.575 12.582 12.587 -9999.000 -9999.000 -9999.000 12.571 12.571 12.571 -9999.000 -9999.000 -9999.000 -9999.000 12.584 -9999.000 12.589 -9999.000 -9999.000 -9999.000 -9999.000 -9999.000 12.616 12.617 12.618 12.621 12.624 12.628
-9999.000 -9999.000 -9999.000 -9999.000 -9999.000 -9999.000 -9999.000 -9999.000 -9999.000 -9999.000 -9999.000 -9999.000 -9999.000 -9999.000 -9999.000 -9999.000 -9999.000 -9999.000 -9999.000 -9999.000 -9999.000 -9999.000 -9999.000 -9999.000 -9999.000 -9999.000 -9999.000 -9999.000 -9999.000 -9999.000 -9999.000 -9999.000 -9999.000 -9999.000 12.571 12.582 12.587 12.592 12.595 12.596 -9999.000 -9999.000 -9999.000 -9999.000 -9999.000 -9999.000 -9999.000 -9999.000 -9999.000 -9999.000 -9999.000 -9999.000 -9999.000 -9999.000 -9999.000 12.613 12.614 12.616 12.617 12.620 12.622 12.626
-9999.000 -9999.000 -9999.000 -9999.000 -9999.000 -9999.000 -9999.000 -9999.000 -9999.000 -9999.000 -9999.000 -9999.000 -9999.000 -9999.000 -9999.000 -9999.000 -9999.000 -9999.000 -9999.000 -9999.000 -9999.000 -9999.000 -9999.000 -9999.000 -9999.000 -9999.000 -9999.000 -9999.000 -9999.000 -9999.000 -9999.000 -9999.000 -9999.000 -9999.000 -9999.000 12.591 12.593 12.595 12.597 12.597 12.598 12.592 -9999.000 -9999.000 12.602 12.602 12.602 -9999.000 12.604 12.604 12.605 12.606 12.607 12.608 12.609 12.611 12.613 12.614 12.616 12.618 12.620 12.623
-9999.000 -9999.000 -9999.000 -9999.000 -9999.000 -9999.000 -9999.000 -9999.000 -9999.000 -9999.000 -9999.000 -9999.000 -9999.000 -9999.000 -9999.000 -9999.000 -9999.000 -9999.000 -9999.000 -9999.000 -9999.000 -9999.000 -9999.000 -9999.000 -9999.000 -9999.000 -9999.000 -9999.000 -9999.000 -9999.000 -9999.000 -9999.000 -9999.000 -9999.000 -9999.000 12.596 12.596 12.597 12.597 12.598 12.599 12.601 12.601 12.602 12.602 12.603 12.603 12.603 12.604 12.604 12.605 12.605 12.606 12.607 12.609 12.610 12.612 12.613 12.615 12.617 12.619 12.621
-9999.000 -9999.000 -9999.000 -9999.000 -9999.000 -9999.000 -9999.000 -9999.000 -9999.000 -9999.000 -9999.000 -9999.000 -9999.000 -9999.000 -9999.000 -9999.000 -9999.000 -9999.000 -9999.000 -9999.000 -9999.000 -9999.000 -9999.000 -9999.000 -9999.000 -9999.000 -9999.000 -9999.000 -9999.000 -9999.000 -9999.000 -9999.000 -9999.000 -9999.000 -9999.000 12.597 12.597 12.598 12.598 12.599 12.600 12.601 12.601 12.602 12.602 12.602 12.603 12.603 12.604 12.604 12.605 12.605 12.606 12.607 12.608 12.609 12.610 12.612 12.613 12.615 12.617 12.619
-9999.000 -9999.000 -9999.000 -9999.000 -9999.000 -9999.000 -9999.000 -9999.000 -9999.000 -9999.000 -9999.000 -9999.000 -9999.000 -9999.000 -9999.000 -9999.000 -9999.000 -9999.000 -9999.000 -9999.000 -9999.000 -9999.000 -9999.000 -9999.000 -9999.000 -9999.000 -9999.000 -9999.000 -9999.000 -9999.000 -9999.000 -9999.000 -9999.000 12.599 12.598 12.598 12.598 12.598 12.599 12.599 12.601 12.601 12.601 12.602 12.602 12.602 12.603 12.603 12.603 12.604 12.605 12.605 12.606 12.607 12.607 12.608 12.610 12.611 12.612 12.614 12.615 -9999.000
-9999.000 -9999.000 -9999.000 -9999.000 -9999.000 -9999.000 -9999.000 -9999.000 -9999.000 -9999.000 -9999.000 -9999.000 -9999.000 -9999.000 -9999.000 -9999.000 -9999.000 -9999.000 -9999.000 -9999.000 -9999.000 -9999.000 -9999.000 -9999.000 -9999.000 -9999.000 -9999.000 -9999.000 -9999.000 -9999.000 -9999.000 -9999.000 -9999.000 12.598 12.599 12.599 12.598 12.599 12.599 -9999.000 12.601 12.601 12.602 12.602 12.602 12.602 12.603 12.603 12.603 12.604 12.604 12.605 12.605 12.606 12.607 12.608 12.609 12.610 12.611 12.612 -9999.000 -9999.000
-9999.000 -9999.000 -9999.000 -9999.000 -9999.000 -9999.000 -9999.000 -9999.000 -9999.000 -9999.000 -9999.000 -9999.000 -9999.000 -9999.000 -9999.000 -9999.000 -9999.000 -9999.000 -9999.000 -9999.000 -9999.000 -9999.000 -9999.000 -9999.000 -9999.000 -9999.000 -9999.000 -9999.000 -9999.000 -9999.000 -9999.000 -9999.000 -9999.000 -9999.000 12.599 12.599 12.599 12.599 12.599 -9999.000 12.602 12.602 12.602 12.602 12.602 12.603 12.603 12.603 12.603 12.604 12.604 12.605 12.605 12.606 12.606 12.607 12.608 12.609 12.610 -9999.000 -9999.000 -9999.000
-9999.000 -9999.000 -9999.000 -9999.000 -9999.000 -9999.000 -9999.000 -9999.000 -9999.000 -9999.000 -9999.000 -9999.000 -9999.000 -9999.000 -9999.000 -9999.000 -9999.000 -9999.000 -9999.000 -9999.000 -9999.000 -9999.000 -9999.000 -9999.000 -9999.000 -9999.000 -9999.000 -9999.000 -9999.000 -9999.000 -9999.000 -9999.000 -9999.000 -9999.000 12.599 12.599 12.600 12.600 12.600 -9999.000 12.602 12.602 12.602 12.602 12.602 12.602 12.603 12.603 12.603 12.604 12.604 12.604 12.605 12.605 12.606 12.607 12.607 12.608 -9999.000 -9999.000 -9999.000 -9999.000
