LISFLOOD_FP/Result/4_LISFLOOD_FP/combined_output/combined_angle_45_x_0_y_0/out-0011.elev
ncols         192
nrows         192
xllcorner     1771145.000000
yllcorner     5471774.000000
cellsize      10.000000
NODATA_value  -9999.000000
[rows 112 to 139 of 192, columns 64 to 127 of 192]
10.702 10.705 10.709 10.715 10.725 10.730 10.736 10.743 10.748 10.766 10.776 10.695 -9999.000 11.615 11.672 11.698 11.701 -9999.000 -9999.000 -9999.000 -9999.000 11.280 11.289 11.305 11.337 -9999.000 -9999.000 -9999.000 12.244 12.246 12.248 12.250 12.252 -9999.000 -9999.000 -9999.000 -9999.000 -9999.000 12.062 12.061 -9999.000 -9999.000 12.097 12.095 -9999.000 12.080 12.080 -9999.000 -9999.000 -9999.000 -9999.000 -9999.000 12.421 12.428 12.440 12.452 12.462 12.473 12.485 12.507 12.615 12.693 12.726 -9999.000
10.703 10.706 10.709 10.714 10.723 10.730 10.738 10.746 10.756 10.792 10.820 -9999.000 -9999.000 -9999.000 11.687 11.704 11.708 11.713 11.715 -9999.000 -9999.000 11.300 11.305 11.342 11.373 11.586 -9999.000 -9999.000 12.246 12.247 12.250 12.252 12.254 12.257 12.259 12.261 12.263 -9999.000 -9999.000 -9999.000 12.204 12.201 12.114 12.104 -9999.000 -9999.000 -9999.000 -9999.000 -9999.000 -9999.000 12.394 12.402 12.414 12.424 12.435 12.447 12.458 12.467 12.474 -9999.000 -9999.000 -9999.000 12.792 -9999.000
10.704 10.706 10.709 10.710 10.713 10.714 -9999.000 -9999.000 -9999.000 10.826 10.904 -9999.000 -9999.000 -9999.000 -9999.000 11.713 11.714 11.716 11.717 11.721 -9999.000 -9999.000 -9999.000 11.470 -9999.000 11.765 11.799 11.799 -9999.000 -9999.000 12.252 12.253 12.255 12.257 12.260 12.263 12.267 12.272 12.276 12.278 12.251 12.257 -9999.000 -9999.000 12.320 -9999.000 12.352 12.356 12.362 12.370 12.384 12.395 12.408 12.419 12.431 12.443 12.455 12.466 12.473 -9999.000 -9999.000 12.852 12.852 -9999.000
-9999.000 -9999.000 -9999.000 -9999.000 -9999.000 -9999.000 -9999.000 -9999.000 -9999.000 -9999.000 11.016 11.368 -9999.000 -9999.000 11.721 11.719 11.718 11.719 11.721 11.725 11.729 -9999.000 -9999.000 11.564 11.725 11.791 11.822 -9999.000 -9999.000 -9999.000 -9999.000 12.254 12.255 12.257 12.260 12.264 12.269 12.274 12.281 12.287 12.294 12.298 12.306 12.313 12.320 12.328 12.336 12.347 12.357 12.367 12.379 12.391 12.403 12.414 12.426 12.439 12.454 12.468 12.478 12.527 -9999.000 -9999.000 12.887 12.937
-9999.000 -9999.000 -9999.000 -9999.000 -9999.000 -9999.000 -9999.000 -9999.000 -9999.000 -9999.000 -9999.000 11.586 11.652 -9999.000 11.721 11.723 11.723 11.726 11.729 11.731 11.733 11.736 -9999.000 11.674 11.770 11.798 11.886 11.958 11.991 -9999.000 -9999.000 12.251 12.254 12.256 12.260 12.265 12.270 12.276 12.283 12.289 12.295 12.301 12.307 12.313 12.320 12.327 12.335 12.344 12.354 12.364 12.375 12.387 12.398 12.410 12.422 12.436 12.454 12.474 12.503 12.564 -9999.000 12.900 12.906 12.933
-9999.000 -9999.000 -9999.000 -9999.000 -9999.000 -9999.000 -9999.000 -9999.000 -9999.000 -9999.000 -9999.000 11.640 11.685 11.710 11.721 11.725 11.729 11.734 11.735 11.737 11.738 11.744 -9999.000 -9999.000 11.794 11.883 11.938 11.989 12.018 -9999.000 12.173 12.224 12.250 12.255 12.259 12.265 12.271 12.278 12.285 12.291 12.297 12.303 12.308 12.314 12.320 12.327 12.334 12.342 12.351 12.361 12.371 12.383 12.394 12.406 12.417 12.432 12.453 12.480 12.535 12.642 12.842 12.887 12.905 12.922
-9999.000 -9999.000 -9999.000 -9999.000 -9999.000 -9999.000 -9999.000 -9999.000 -9999.000 -9999.000 -9999.000 11.675 11.705 11.718 11.726 11.731 11.736 11.738 11.740 11.742 11.747 11.761 -9999.000 -9999.000 11.864 11.932 -9999.000 12.045 12.076 12.098 12.113 -9999.000 12.252 12.253 12.258 12.265 12.273 12.280 12.287 12.293 12.299 12.304 12.310 12.315 12.320 12.326 12.333 12.340 12.348 12.358 12.368 12.379 12.391 12.402 12.412 12.425 12.451 12.480 12.667 12.789 12.873 12.885 12.898 12.909
-9999.000 -9999.000 -9999.000 -9999.000 -9999.000 -9999.000 -9999.000 -9999.000 -9999.000 -9999.000 -9999.000 11.724 11.723 11.726 11.730 11.736 11.739 11.742 11.746 11.753 11.764 11.774 -9999.000 -9999.000 -9999.000 11.990 -9999.000 12.074 12.088 12.102 12.114 12.134 -9999.000 12.248 12.254 12.264 12.275 12.284 12.290 12.296 12.301 12.306 12.311 12.316 12.320 12.326 12.332 12.338 12.345 12.354 12.365 12.376 12.388 12.398 12.407 12.413 -9999.000 12.744 12.817 12.854 12.873 12.880 12.891 12.899
-9999.000 -9999.000 -9999.000 -9999.000 -9999.000 -9999.000 -9999.000 -9999.000 -9999.000 -9999.000 -9999.000 11.734 11.732 11.734 11.737 11.741 11.745 11.749 11.759 11.777 11.803 11.900 12.054 12.066 -9999.000 12.043 12.071 12.080 12.093 12.105 12.133 12.154 12.179 12.219 12.242 12.263 12.280 12.288 12.294 12.299 12.304 12.308 12.312 12.316 12.321 12.325 12.330 12.336 12.343 12.351 12.361 12.374 12.386 12.396 12.405 12.410 12.628 12.786 12.799 -9999.000 12.872 12.875 12.879 12.883
-9999.000 -9999.000 -9999.000 -9999.000 -9999.000 -9999.000 -9999.000 -9999.000 -9999.000 -9999.000 -9999.000 11.734 11.735 11.740 11.771 11.780 11.771 11.776 11.782 11.801 11.850 11.957 12.058 12.081 -9999.000 -9999.000 -9999.000 -9999.000 -9999.000 12.122 12.137 12.153 12.180 12.203 12.220 12.259 12.291 12.295 12.297 12.303 12.307 12.310 12.314 12.317 12.321 12.325 12.329 12.334 12.339 12.346 12.356 12.371 12.385 12.399 12.406 12.410 12.411 -9999.000 -9999.000 -9999.000 12.869 12.872 12.873 12.875
-9999.000 -9999.000 -9999.000 -9999.000 -9999.000 -9999.000 -9999.000 -9999.000 -9999.000 -9999.000 -9999.000 -9999.000 -9999.000 11.786 11.830 11.930 11.966 11.997 11.947 -9999.000 -9999.000 -9999.000 12.116 12.159 12.225 12.239 -9999.000 -9999.000 -9999.000 12.140 12.144 12.147 12.167 12.199 12.209 -9999.000 12.310 12.306 12.308 12.308 12.310 12.312 12.315 12.318 12.321 12.325 12.328 12.332 12.336 12.341 12.347 12.353 -9999.000 12.405 12.409 12.417 -9999.000 -9999.000 -9999.000 12.856 12.863 12.869 12.872 12.874
-9999.000 -9999.000 -9999.000 -9999.000 -9999.000 -9999.000 -9999.000 -9999.000 -9999.000 -9999.000 -9999.000 -9999.000 -9999.000 -9999.000 11.974 12.082 12.103 12.120 12.160 -9999.000 -9999.000 -9999.000 -9999.000 12.211 12.243 12.254 12.279 -9999.000 -9999.000 12.143 12.145 12.147 12.150 -9999.000 -9999.000 12.342 12.342 12.364 12.318 12.312 12.312 12.313 12.316 12.319 12.322 12.325 12.327 12.330 12.333 12.337 12.342 -9999.000 -9999.000 -9999.000 12.415 12.571 -9999.000 12.826 12.834 12.847 12.857 12.865 12.872 12.883
-9999.000 -9999.000 -9999.000 -9999.000 -9999.000 -9999.000 -9999.000 -9999.000 -9999.000 -9999.000 -9999.000 -9999.000 -9999.000 -9999.000 -9999.000 12.113 12.146 12.162 12.200 -9999.000 -9999.000 -9999.000 -9999.000 -9999.000 12.270 12.280 12.303 12.319 -9999.000 -9999.000 -9999.000 12.150 12.150 -9999.000 -9999.000 -9999.000 12.430 12.524 12.562 -9999.000 -9999.000 12.257 12.318 12.320 12.322 12.325 12.327 12.329 12.331 12.334 -9999.000 -9999.000 -9999.000 -9999.000 12.744 12.798 12.804 12.814 12.824 12.839 12.849 12.864 12.876 12.887
-9999.000 -9999.000 -9999.000 -9999.000 -9999.000 -9999.000 -9999.000 -9999.000 -9999.000 -9999.000 -9999.000 -9999.000 -9999.000 -9999.000 -9999.000 -9999.000 12.180 12.191 12.219 12.230 12.272 12.279 12.281 12.282 12.282 12.289 12.317 12.355 12.429 -9999.000 -9999.000 -9999.000 12.150 -9999.000 12.690 -9999.000 12.576 12.617 12.637 -9999.000 12.707 -9999.000 -9999.000 -9999.000 12.325 12.326 12.327 12.328 -9999.000 -9999.000 -9999.000 12.777 -9999.000 -9999.000 12.795 12.798 12.801 12.808 12.815 12.824 -9999.000 -9999.000 12.884 12.886
-9999.000 -9999.000 -9999.000 -9999.000 -9999.000 -9999.000 -9999.000 -9999.000 -9999.000 -9999.000 -9999.000 -9999.000 -9999.000 -9999.000 -9999.000 -9999.000 12.195 12.209 12.245 12.254 12.261 12.267 12.275 12.280 12.283 12.286 12.320 12.396 12.489 12.578 12.617 -9999.000 -9999.000 12.690 12.690 12.690 12.684 12.654 12.656 12.678 12.707 12.724 -9999.000 -9999.000 -9999.000 -9999.000 -9999.000 -9999.000 -9999.000 12.775 12.776 12.777 12.778 12.782 12.793 12.795 12.798 12.803 12.808 -9999.000 -9999.000 -9999.000 -9999.000 12.883
-9999.000 -9999.000 -9999.000 -9999.000 -9999.000 -9999.000 -9999.000 -9999.000 -9999.000 -9999.000 -9999.000 -9999.000 -9999.000 -9999.000 -9999.000 -9999.000 -9999.000 -9999.000 12.256 12.256 12.260 12.266 12.274 12.280 12.283 12.286 12.297 12.471 12.571 12.631 12.654 12.674 12.684 12.690 12.690 12.691 12.693 12.682 -9999.000 12.714 12.737 12.741 12.743 12.745 12.747 12.750 12.754 12.760 12.762 12.767 12.773 12.777 12.780 12.784 12.789 12.792 12.795 12.799 -9999.000 -9999.000 -9999.000 -9999.000 -9999.000 12.874
-9999.000 -9999.000 -9999.000 -9999.000 -9999.000 -9999.000 -9999.000 -9999.000 -9999.000 -9999.000 -9999.000 -9999.000 -9999.000 -9999.000 -9999.000 -9999.000 -9999.000 12.254 12.255 12.256 12.260 12.263 12.268 12.276 12.284 12.287 12.309 12.520 12.622 12.656 12.669 12.677 12.685 -9999.000 -9999.000 12.695 12.699 12.710 -9999.000 -9999.000 12.740 12.741 12.743 12.745 12.748 12.751 12.754 12.758 12.760 12.765 12.772 12.777 12.780 12.784 12.787 12.789 12.792 -9999.000 -9999.000 -9999.000 -9999.000 12.839 12.848 12.861
-9999.000 -9999.000 -9999.000 -9999.000 -9999.000 -9999.000 -9999.000 -9999.000 -9999.000 -9999.000 -9999.000 -9999.000 -9999.000 -9999.000 -9999.000 -9999.000 12.256 12.256 12.258 12.257 12.260 12.264 12.269 12.273 12.281 12.288 12.490 12.606 12.654 12.667 12.674 12.684 12.696 -9999.000 -9999.000 -9999.000 12.711 12.721 12.730 12.737 12.740 12.741 12.743 12.746 12.748 12.751 12.754 12.757 12.759 12.762 12.769 12.775 12.780 12.784 12.786 12.787 -9999.000 12.793 -9999.000 -9999.000 12.821 12.829 12.838 12.848
-9999.000 -9999.000 -9999.000 -9999.000 -9999.000 -9999.000 -9999.000 -9999.000 -9999.000 -9999.000 -9999.000 -9999.000 -9999.000 -9999.000 -9999.000 -9999.000 -9999.000 12.256 12.256 12.258 12.258 -9999.000 12.270 12.271 -9999.000 -9999.000 -9999.000 12.654 12.663 12.668 12.680 12.696 12.711 12.726 -9999.000 -9999.000 -9999.000 -9999.000 12.736 12.738 12.740 12.741 12.743 12.746 12.749 12.752 12.754 12.756 12.759 12.760 -9999.000 -9999.000 -9999.000 -9999.000 12.787 12.787 12.790 12.793 12.796 12.801 12.809 12.819 12.829 12.839
-9999.000 -9999.000 -9999.000 -9999.000 -9999.000 -9999.000 -9999.000 -9999.000 -9999.000 -9999.000 -9999.000 -9999.000 -9999.000 -9999.000 -9999.000 -9999.000 -9999.000 -9999.000 -9999.000 -9999.000 -9999.000 -9999.000 12.270 12.270 -9999.000 -9999.000 -9999.000 -9999.000 -9999.000 -9999.000 12.699 12.709 12.727 12.741 12.749 12.754 -9999.000 -9999.000 -9999.000 12.740 12.740 12.740 -9999.000 -9999.000 -9999.000 -9999.000 12.754 -9999.000 12.759 -9999.000 -9999.000 -9999.000 -9999.000 -9999.000 12.786 12.787 12.789 12.792 12.795 12.799 12.805 12.813 12.821 12.830
-9999.000 -9999.000 -9999.000 -9999.000 -9999.000 -9999.000 -9999.000 -9999.000 -9999.000 -9999.000 -9999.000 -9999.000 -9999.000 -9999.000 -9999.000 -9999.000 -9999.000 -9999.000 -9999.000 -9999.000 -9999.000 -9999.000 -9999.000 -9999.000 -9999.000 -9999.000 -9999.000 -9999.000 -9999.000 -9999.000 -9999.000 -9999.000 12.737 12.749 12.755 12.760 12.763 12.764 -9999.000 -9999.000 -9999.000 -9999.000 -9999.000 -9999.000 -9999.000 -9999.000 -9999.000 -9999.000 -9999.000 -9999.000 -9999.000 -9999.000 -9999.000 12.783 12.784 12.786 12.788 12.790 12.793 12.797 12.801 12.807 12.814 -9999.000
-9999.000 -9999.000 -9999.000 -9999.000 -9999.000 -9999.000 -9999.000 -9999.000 -9999.000 -9999.000 -9999.000 -9999.000 -9999.000 -9999.000 -9999.000 -9999.000 -9999.000 -9999.000 -9999.000 -9999.000 -9999.000 -9999.000 -9999.000 -9999.000 -9999.000 -9999.000 -9999.000 -9999.000 -9999.000 -9999.000 -9999.000 -9999.000 -9999.000 12.759 12.761 12.763 12.765 12.766 12.767 12.767 -9999.000 -9999.000 12.771 12.771 12.771 -9999.000 12.773 12.774 12.775 12.776 12.777 12.778 12.779 12.781 12.783 12.785 12.786 12.789 12.791 12.794 12.798 12.802 -9999.000 -9999.000
-9999.000 -9999.000 -9999.000 -9999.000 -9999.000 -9999.000 -9999.000 -9999.000 -9999.000 -9999.000 -9999.000 -9999.000 -9999.000 -9999.000 -9999.000 -9999.000 -9999.000 -9999.000 -9999.000 -9999.000 -9999.000 -9999.000 -9999.000 -9999.000 -9999.000 -9999.000 -9999.000 -9999.000 -9999.000 -9999.000 -9999.000 -9999.000 -9999.000 12.764 12.764 12.765 12.766 12.767 12.768 12.770 12.770 12.771 12.771 12.772 12.772 12.773 12.773 12.774 12.774 12.775 12.776 12.777 12.778 12.780 12.782 12.783 12.785 12.787 12.789 12.792 12.795 -9999.000 -9999.000 -9999.000
-9999.000 -9999.000 -9999.000 -9999.000 -9999.000 -9999.000 -9999.000 -9999.000 -9999.000 -9999.000 -9999.000 -9999.000 -9999.000 -9999.000 -9999.000 -9999.000 -9999.000 -9999.000 -9999.000 -9999.000 -9999.000 -9999.000 -9999.000 -9999.000 -9999.000 -9999.000 -9999.000 -9999.000 -9999.000 -9999.000 -9999.000 -9999.000 -9999.000 12.766 12.766 12.766 12.767 12.768 12.769 12.770 12.770 12.771 12.771 12.772 12.772 12.772 12.773 12.773 12.774 12.775 12.776 12.777 12.778 12.779 12.780 12.782 12.784 12.786 12.787 12.789 -9999.000 -9999.000 -9999.000 -9999.000
-9999.000 -9999.000 -9999.000 -9999.000 -9999.000 -9999.000 -9999.000 -9999.000 -9999.000 -9999.000 -9999.000 -9999.000 -9999.000 -9999.000 -9999.000 -9999.000 -9999.000 -9999.000 -9999.000 -9999.000 -9999.000 -9999.000 -9999.000 -9999.000 -9999.000 -9999.000 -9999.000 -9999.000 -9999.000 -9999.000 -9999.000 12.767 12.767 12.767 12.767 12.767 12.767 12.768 12.769 12.770 12.771 12.771 12.771 12.772 12.772 12.773 12.773 12.773 12.774 12.775 12.775 12.776 12.777 12.778 12.779 12.781 12.782 12.784 12.786 -9999.000 -9999.000 -9999.000 -9999.000 -9999.000
-9999.000 -9999.000 -9999.000 -9999.000 -9999.000 -9999.000 -9999.000 -9999.000 -9999.000 -9999.000 -9999.000 -9999.000 -9999.000 -9999.000 -9999.000 -9999.000 -9999.000 -9999.000 -9999.000 -9999.000 -9999.000 -9999.000 -9999.000 -9999.000 -9999.000 -9999.000 -9999.000 -9999.000 -9999.000 -9999.000 -9999.000 12.767 12.767 12.767 12.767 12.767 12.767 -9999.000 12.770 12.771 12.771 12.771 12.771 12.772 12.772 12.772 12.773 12.773 12.774 12.774 12.775 12.776 12.777 12.777 12.779 12.780 12.781 12.782 -9999.000 -9999.000 -9999.000 -9999.000 -9999.000 -9999.000
-9999.000 -9999.000 -9999.000 -9999.000 -9999.000 -9999.000 -9999.000 -9999.000 -9999.000 -9999.000 -9999.000 -9999.000 -9999.000 -9999.000 -9999.000 -9999.000 -9999.000 -9999.000 -9999.000 -9999.000 -9999.000 -9999.000 -9999.000 -9999.000 -9999.000 -9999.000 -9999.000 -9999.000 -9999.000 -9999.000 -9999.000 -9999.000 12.768 12.768 12.768 12.768 12.768 -9999.000 12.771 12.771 12.771 12.771 12.771 12.772 12.772 12.772 12.773 12.773 12.774 12.774 12.775 12.775 12.776 12.777 12.778 12.779 12.780 -9999.000 -9999.000 -9999.000 -9999.000 -9999.000 -9999.000 -9999.000
-9999.000 -9999.000 -9999.000 -9999.000 -9999.000 -9999.000 -9999.000 -9999.000 -9999.000 -9999.000 -9999.000 -9999.000 -9999.000 -9999.000 -9999.000 -9999.000 -9999.000 -9999.000 -9999.000 -9999.000 -9999.000 -9999.000 -9999.000 -9999.000 -9999.000 -9999.000 -9999.000 -9999.000 -9999.000 -9999.000 -9999.000 -9999.000 12.768 12.768 12.769 12.769 12.769 -9999.000 12.771 12.771 12.771 12.771 12.772 12.772 12.772 12.772 12.773 12.773 12.773 12.774 12.774 12.775 12.776 12.776 12.777 12.778 -9999.000 -9999.000 -9999.000 -9999.000 -9999.000 -9999.000 -9999.000 -9999.000
