LISFLOOD_FP/Result/4_LISFLOOD_FP/combined_output/combined_angle_45_x_0_y_0/out-0006.wd
ncols         192
nrows         192
xllcorner     1771145.000000
yllcorner     5471774.000000
cellsize      10.000000
NODATA_value  -9999.000000
[rows 102 to 135 of 192, columns 77 to 153 of 192]
0.000 0.000 0.000 0.000 0.000 0.000 0.000 0.000 0.000 0.000 0.000 0.000 0.000 0.000 0.000 0.000 0.000 0.000 0.000 0.000 0.000 0.000 0.000 0.000 0.000 0.000 0.000 0.000 0.000 0.000 0.000 0.000 0.000 0.000 0.000 0.000 0.000 0.000 0.000 0.000 0.000 0.000 0.000 0.512 0.419 0.439 0.447 1.122 0.000 0.000 0.324 0.751 0.698 0.552 1.429 1.691 0.000 1.287 3.837 4.005 3.547 3.236 2.032 1.520 1.220 0.856 0.693 0.827 0.973 0.885 0.604 0.129 0.108 0.985 1.101 1.492 1.867
1.727 0.000 0.000 0.000 0.000 0.000 0.000 0.000 0.000 0.000 0.000 0.000 0.000 0.000 0.000 0.000 0.000 0.000 0.000 0.000 0.000 0.000 0.000 0.000 0.000 0.000 0.000 0.000 0.000 0.000 0.000 0.000 0.000 0.000 0.000 0.000 0.000 0.000 0.000 0.000 0.000 0.000 0.142 0.076 0.269 0.298 0.473 0.749 0.225 0.315 0.316 0.833 0.000 0.000 1.239 0.358 3.281 3.877 4.066 3.394 3.198 1.949 1.231 1.113 1.082 0.993 0.987 1.287 1.176 1.102 0.966 0.826 0.958 1.031 1.042 0.716 0.532
2.942 2.792 1.862 0.000 0.000 0.000 0.000 0.000 0.000 0.000 0.000 0.000 0.000 0.000 0.000 0.000 0.000 0.000 0.000 0.000 0.000 0.000 0.000 0.000 0.000 0.000 0.000 0.000 0.000 0.000 0.000 0.000 0.000 0.000 0.000 0.000 0.000 0.000 0.000 0.000 0.000 0.000 0.000 0.038 0.000 0.218 0.570 0.888 0.517 0.011 0.636 0.000 0.031 0.133 0.053 3.100 4.009 4.135 3.907 3.352 1.779 1.128 1.142 0.843 1.213 1.148 1.099 1.167 1.145 1.166 0.905 0.848 0.892 1.023 0.602 0.598 0.904
2.861 2.860 3.345 2.604 0.000 0.000 0.000 0.000 0.000 0.000 0.000 2.308 0.000 0.000 0.000 0.000 0.000 0.000 0.000 0.000 0.000 0.000 0.000 0.000 0.000 0.000 0.000 0.000 0.000 0.000 0.000 0.000 0.000 0.000 0.000 0.000 0.000 0.000 0.000 0.000 0.000 0.000 0.000 0.000 0.000 0.000 0.444 0.000 0.130 0.415 0.757 0.000 0.021 0.686 0.000 2.962 4.242 3.932 3.125 2.119 1.363 1.288 1.143 1.117 1.100 1.218 1.177 1.224 1.261 1.076 0.984 1.068 1.040 0.301 0.741 0.942 1.075
0.000 1.891 2.798 3.218 2.659 0.568 0.000 0.000 0.000 0.000 1.627 2.608 2.767 1.664 0.000 0.000 0.000 0.000 0.000 0.000 0.000 0.000 0.000 0.000 0.000 0.000 0.000 0.000 0.000 0.000 0.000 0.000 0.000 0.000 0.000 0.000 0.000 0.000 0.000 0.000 0.000 0.000 0.000 0.000 0.000 0.235 0.372 0.170 0.718 1.089 1.026 0.090 0.050 0.193 0.000 4.004 4.202 3.530 2.810 1.665 1.484 1.280 1.235 1.265 1.217 1.277 1.275 1.226 1.163 1.118 1.175 0.819 0.446 0.840 1.149 1.098 0.000
0.000 0.000 0.000 2.727 3.263 3.240 2.319 0.000 0.000 0.000 0.000 2.618 3.121 3.026 2.543 0.000 0.011 0.002 0.000 0.000 0.000 0.000 0.000 0.000 0.000 0.000 0.000 0.000 0.000 0.000 0.000 0.000 0.000 0.000 0.000 0.000 0.000 0.000 0.000 0.000 0.000 0.000 0.000 0.000 0.000 0.000 0.065 0.806 1.130 1.300 1.041 0.000 1.725 0.020 3.128 4.175 3.941 3.354 2.131 1.638 1.394 1.415 1.191 1.366 1.420 1.444 1.382 1.237 1.263 1.211 0.396 0.737 1.061 1.271 1.043 0.000 0.000
0.000 0.000 0.000 0.000 2.564 3.053 3.653 3.537 0.000 0.000 1.955 3.058 3.146 3.129 3.063 2.602 0.037 0.017 0.000 0.000 0.000 0.000 0.000 0.000 0.000 0.000 0.000 0.000 0.000 0.518 0.297 0.000 0.000 0.000 0.000 0.000 0.000 0.000 0.000 0.000 0.000 0.000 0.000 0.000 0.042 0.261 0.420 1.118 0.000 1.407 0.281 0.000 1.643 0.929 4.061 4.247 3.619 2.659 1.882 1.535 1.361 1.343 1.437 1.404 1.557 1.464 1.431 1.387 1.292 0.368 1.123 1.225 1.396 1.345 0.000 0.000 0.000
0.000 0.000 0.000 0.000 0.000 1.109 3.218 3.613 2.982 0.053 2.155 1.130 0.594 2.274 3.082 3.036 2.007 0.000 0.000 0.000 0.000 0.000 0.000 0.000 0.000 0.000 0.000 0.000 0.000 0.000 0.328 0.000 0.000 0.000 0.000 0.000 0.000 0.000 0.000 0.000 0.000 0.000 0.000 0.502 0.777 0.840 0.919 1.209 1.396 1.518 0.365 0.000 0.815 3.255 4.169 4.181 3.500 2.208 1.719 1.054 0.000 1.598 1.797 1.693 1.712 1.464 1.614 1.355 0.457 1.365 1.493 1.514 1.520 0.000 0.000 0.000 0.000
0.417 0.000 0.000 0.000 0.000 0.000 2.515 2.461 3.697 3.376 0.000 0.000 0.000 0.000 2.093 2.963 2.468 0.000 0.000 0.000 0.000 0.000 0.000 0.000 0.000 0.000 0.000 0.000 0.000 0.000 0.667 0.000 0.000 0.000 0.000 0.000 0.000 0.000 0.000 0.000 0.000 0.000 1.227 1.319 1.129 1.116 0.612 0.783 0.000 1.533 1.267 0.815 3.097 3.847 4.328 3.782 2.670 2.169 1.621 1.019 1.017 0.000 1.838 1.813 1.742 1.515 1.595 0.418 1.506 1.840 1.548 1.361 0.000 0.000 0.000 0.000 0.000
0.377 0.807 2.314 2.232 0.000 0.000 0.000 2.038 2.713 3.913 3.496 0.000 0.000 0.000 0.000 2.060 2.763 2.019 1.077 0.000 0.000 0.000 0.000 0.000 0.000 0.000 0.000 0.000 0.128 0.537 0.983 0.000 0.000 0.000 0.000 0.000 0.000 0.000 0.000 0.000 0.414 1.349 1.447 1.388 1.216 1.124 0.989 0.933 1.402 1.543 0.000 0.000 2.798 3.778 3.965 3.090 2.495 2.157 1.750 1.057 0.000 0.000 2.053 1.982 1.758 1.829 0.478 1.718 1.732 1.667 1.338 0.000 0.000 0.000 0.000 0.000 0.000
0.000 1.020 2.346 2.704 0.000 0.000 0.000 0.000 0.616 3.336 3.814 1.556 0.000 0.000 0.000 1.205 2.724 2.575 2.748 1.998 0.000 0.000 0.000 0.000 0.000 0.000 0.000 0.000 0.000 0.362 0.000 0.000 0.000 0.000 0.000 0.000 0.000 0.000 0.000 1.781 1.614 1.551 1.465 1.385 1.194 1.127 0.946 0.111 1.076 1.631 0.000 0.000 3.591 2.306 1.698 2.789 2.324 2.206 1.752 1.143 1.562 1.788 2.108 2.119 1.988 1.071 1.639 1.655 1.511 1.500 0.000 0.000 0.000 0.000 0.000 0.000 0.000
0.000 0.019 1.974 2.862 2.750 1.832 0.000 0.000 1.812 1.830 3.466 3.544 2.158 0.000 0.000 1.714 1.596 2.688 2.836 2.769 2.584 2.396 2.032 1.175 0.000 0.000 0.000 0.408 0.356 1.043 0.000 0.000 0.000 0.000 0.000 0.000 0.000 1.128 1.563 1.705 1.614 1.549 1.479 1.345 1.255 1.079 0.000 0.000 0.000 1.573 0.000 0.000 0.847 3.843 3.338 2.958 2.419 2.122 1.606 1.251 2.003 2.188 2.249 2.111 1.142 1.539 1.778 1.992 1.952 0.000 0.000 0.000 0.000 0.000 0.000 0.000 0.000
0.000 0.000 0.665 1.652 2.812 2.516 0.597 0.000 0.000 0.000 1.132 0.000 3.957 2.401 1.974 0.000 0.000 0.847 2.690 2.821 2.783 2.742 2.677 2.555 2.387 1.553 0.707 0.000 0.641 0.000 0.000 0.000 0.000 0.000 1.203 1.626 1.751 1.752 1.777 1.688 1.656 1.526 1.464 1.386 1.291 1.200 0.000 0.000 0.815 2.003 0.000 0.000 2.504 3.093 3.011 2.634 2.372 1.669 1.784 1.928 2.059 2.201 2.105 1.142 1.651 1.912 2.014 2.304 0.000 0.000 0.000 0.000 0.000 0.000 0.000 0.000 0.000
0.000 0.003 0.898 1.299 1.943 2.032 2.447 1.699 0.000 0.000 2.468 0.425 4.130 4.283 0.000 0.000 0.000 0.000 1.841 2.826 2.807 2.771 2.698 2.654 2.630 2.623 2.552 2.503 2.395 2.301 2.220 1.936 1.942 1.958 1.977 1.917 1.856 1.803 1.746 1.699 1.687 1.569 1.493 1.385 1.331 1.290 0.000 0.000 0.000 1.992 0.881 3.313 3.986 3.541 3.273 2.462 2.024 1.986 2.008 2.157 2.232 2.063 1.128 1.827 2.098 2.092 2.201 0.000 0.000 0.000 0.000 0.000 0.000 0.000 0.000 0.000 0.000
0.000 0.216 1.230 0.957 0.728 0.973 0.791 2.132 1.146 0.000 0.808 2.772 1.033 3.938 1.699 0.514 0.000 0.000 0.853 2.795 2.817 2.813 2.727 2.708 2.695 2.596 2.551 2.494 2.437 2.379 2.327 2.233 2.110 2.055 1.998 1.910 1.857 1.817 1.718 1.686 1.635 1.591 1.485 1.430 1.449 1.379 1.246 0.000 1.688 2.240 3.796 4.175 4.082 4.016 2.784 1.365 1.664 2.073 2.186 2.362 2.489 1.341 1.971 2.260 2.311 2.280 0.000 0.000 0.000 0.000 0.000 0.000 0.000 0.000 0.000 0.000 0.000
1.082 1.152 1.429 0.676 1.101 1.147 1.006 1.305 0.465 0.000 0.000 1.517 0.000 4.362 4.191 1.225 0.000 2.074 2.430 2.745 2.833 2.743 2.723 2.704 2.642 2.587 2.486 2.425 2.380 2.375 2.306 2.226 2.074 2.087 1.981 1.914 1.844 1.773 1.694 1.658 1.595 1.542 1.498 1.456 1.400 1.303 1.473 2.043 2.552 3.716 4.054 4.217 3.943 3.046 2.335 1.772 1.933 2.078 2.194 2.413 1.722 2.032 2.310 2.577 2.540 0.000 0.000 0.000 0.000 0.000 0.000 0.000 0.000 0.000 0.000 0.000 0.000
3.253 2.292 1.806 2.024 1.728 1.366 0.970 0.855 1.284 0.000 0.000 0.846 3.391 0.000 5.051 4.827 3.643 3.591 0.000 2.415 2.728 2.724 2.711 2.749 2.650 2.618 2.525 2.431 2.382 2.361 2.319 2.206 2.025 2.010 1.927 1.858 1.796 1.721 1.643 1.602 1.552 1.554 1.467 1.357 1.152 0.142 0.000 2.551 2.941 3.864 4.107 3.711 0.000 1.518 1.843 1.325 0.000 2.093 2.362 1.577 2.060 2.406 2.610 2.578 0.000 0.000 0.000 0.000 0.000 0.000 0.000 0.000 0.000 0.000 0.000 0.000 0.000
1.981 2.492 2.709 2.829 2.300 1.032 0.483 0.344 1.561 0.000 0.000 0.000 1.008 0.000 1.460 5.052 3.129 3.556 2.857 0.000 2.575 2.765 2.759 2.769 2.705 2.631 2.553 2.422 2.371 2.370 2.265 2.228 2.108 1.965 2.009 1.861 1.786 1.710 1.641 1.587 1.593 1.486 1.318 0.000 0.467 1.553 1.986 3.097 3.999 4.344 4.176 1.816 0.000 0.000 1.719 1.949 2.028 2.093 1.608 2.270 2.543 2.732 2.685 0.000 0.000 0.000 0.000 0.000 0.000 0.000 0.000 0.000 0.000 0.000 0.000 0.000 0.000
0.655 1.065 1.887 2.146 2.222 2.250 1.870 1.492 0.621 1.948 1.887 0.000 1.431 2.272 2.608 4.476 5.037 0.000 3.238 2.737 2.198 2.582 2.594 2.743 2.708 2.635 2.561 2.488 2.358 2.267 2.227 2.195 2.125 1.976 1.931 1.839 1.769 1.689 1.659 1.645 1.629 1.131 0.976 0.031 1.646 1.232 0.000 3.049 4.273 2.836 1.706 0.247 0.000 0.731 1.754 1.988 1.903 1.338 2.302 2.677 2.793 2.840 0.000 0.000 0.000 0.000 0.000 0.000 0.000 0.000 0.000 0.000 0.000 0.000 0.000 0.000 0.000
1.536 0.221 0.364 0.896 0.619 0.873 0.908 1.076 1.335 2.527 3.529 0.000 0.000 0.000 0.000 0.000 4.550 4.480 1.893 2.733 2.718 2.588 1.279 2.644 2.686 2.590 2.546 2.465 2.392 2.303 2.322 2.173 2.077 1.967 1.878 1.821 1.780 1.693 1.622 1.425 1.304 1.257 1.145 1.265 0.000 0.000 0.000 3.779 4.578 4.452 2.155 0.000 0.000 1.794 2.032 2.069 1.367 2.617 2.730 2.925 2.913 0.000 0.000 0.000 0.000 0.000 0.000 0.000 0.000 0.000 0.000 0.000 0.000 0.000 0.000 0.000 0.000
0.676 1.040 0.322 0.334 0.170 0.000 0.000 0.000 0.000 0.598 2.175 3.208 2.714 0.000 0.000 0.000 0.770 4.670 4.087 1.765 2.892 2.322 0.000 2.365 2.284 0.267 2.478 2.445 2.390 2.325 2.261 2.192 2.086 1.925 1.881 1.812 1.788 1.370 0.000 0.000 1.417 1.583 0.736 0.000 0.000 0.000 3.468 4.396 4.604 4.103 2.815 0.000 2.011 2.137 2.148 1.371 2.279 2.527 2.593 2.726 0.000 0.000 0.000 0.000 0.000 0.000 0.000 0.000 0.000 0.000 0.000 0.000 0.000 0.000 0.000 0.000 0.000
0.000 0.571 1.579 1.162 0.626 0.000 0.000 0.000 0.000 0.000 0.669 2.110 4.268 1.566 0.000 0.000 1.436 4.554 4.403 2.752 0.000 0.000 1.109 2.260 0.925 1.771 1.614 2.261 2.303 2.380 2.242 2.138 2.089 2.027 1.928 1.843 1.550 0.007 0.000 0.000 0.000 1.300 0.356 0.000 1.942 3.240 4.410 4.660 3.525 2.103 1.236 1.783 2.033 2.177 1.514 2.448 2.569 2.623 2.572 0.000 0.000 0.000 0.000 0.000 0.000 0.000 0.000 0.000 0.000 0.000 0.000 0.000 0.000 0.000 0.000 0.000 0.000
0.000 0.000 1.252 1.673 1.164 0.058 0.000 0.000 0.000 0.000 0.000 0.979 2.217 2.699 2.436 0.000 0.000 0.000 0.000 3.896 0.000 0.000 0.000 1.508 2.577 0.000 0.000 0.000 0.000 1.333 2.281 1.954 2.097 2.044 1.901 1.670 0.000 0.000 0.000 0.000 0.000 0.000 2.599 3.215 4.101 4.601 4.830 3.102 1.199 1.912 2.118 2.184 1.776 1.781 2.561 2.630 2.576 2.588 0.000 0.000 0.000 0.000 0.000 0.000 0.000 0.000 0.000 0.000 0.000 0.000 0.000 0.000 0.000 0.000 0.000 0.000 0.000
0.000 0.000 0.000 2.036 1.978 0.918 0.467 0.000 0.043 0.419 1.128 1.676 1.344 2.092 2.012 2.335 0.000 0.000 0.000 4.024 0.000 1.639 0.000 0.054 2.548 2.988 0.000 1.455 0.000 0.000 0.000 0.482 1.382 1.575 0.911 0.000 0.000 0.000 1.528 0.000 0.000 2.099 3.745 4.275 4.828 4.402 1.066 0.000 0.000 0.407 2.326 1.508 2.121 2.548 2.598 2.544 2.526 0.000 0.000 0.000 0.000 0.000 0.000 0.000 0.000 0.000 0.000 0.000 0.000 0.000 0.000 0.000 0.000 0.000 0.000 0.000 0.000
0.000 0.000 0.000 1.301 1.867 2.196 2.110 2.245 2.257 2.727 3.449 3.459 2.652 0.999 1.352 2.638 2.763 1.381 0.000 0.000 4.243 4.531 5.206 2.732 2.585 2.330 2.540 2.102 0.000 0.000 0.000 0.000 0.000 0.000 0.000 0.000 0.321 2.154 2.594 2.292 0.483 3.976 4.596 4.908 4.210 1.710 0.000 0.000 0.000 0.000 2.003 2.488 2.526 2.365 2.560 2.598 0.000 0.000 0.000 0.000 0.000 0.000 0.000 0.000 0.000 0.000 0.000 0.000 0.000 0.000 0.000 0.000 0.000 0.000 0.000 0.000 0.000
0.000 0.000 0.000 0.000 0.000 4.322 3.008 2.502 2.032 1.937 2.683 3.210 3.387 1.806 0.241 0.427 2.981 3.079 1.956 2.275 4.098 4.007 5.492 5.389 0.000 0.000 0.040 3.119 3.105 3.107 2.740 1.889 2.759 0.476 2.738 2.546 2.924 3.396 4.142 4.287 4.623 5.124 5.018 4.550 2.034 0.000 0.000 0.000 0.000 0.000 2.518 2.595 2.710 2.617 2.614 0.000 0.000 0.000 0.000 0.000 0.000 0.000 0.000 0.000 0.000 0.000 0.000 0.000 0.000 0.000 0.000 0.000 0.000 0.000 0.000 0.000 0.000
0.000 0.000 0.000 0.000 4.551 5.116 3.496 1.566 1.438 0.703 0.182 1.178 1.373 0.487 0.171 0.612 1.850 3.741 3.152 1.091 0.000 0.000 2.607 4.981 4.294 0.000 0.000 4.024 3.984 3.752 3.614 3.478 3.394 3.477 3.668 3.848 2.996 4.840 5.063 5.130 5.138 4.799 4.149 2.546 0.000 0.000 0.000 0.000 0.679 2.104 2.679 2.744 2.722 2.220 0.000 0.000 0.000 0.000 0.000 0.000 0.000 0.000 0.000 0.000 0.000 0.000 0.000 0.000 0.000 0.000 0.000 0.000 0.000 0.000 0.000 0.000 0.000
0.000 0.000 0.000 0.262 5.330 5.108 0.591 1.426 0.587 0.731 0.512 0.572 0.219 0.000 0.121 0.781 2.430 3.459 4.879 2.992 0.000 0.000 0.000 1.451 4.924 4.954 5.200 5.524 5.390 5.438 5.111 5.143 5.036 5.204 5.171 5.210 5.252 4.563 2.613 2.898 3.958 3.739 2.433 0.000 2.144 0.000 0.000 0.930 2.397 2.693 2.816 2.873 2.907 0.000 0.000 0.000 0.000 0.000 0.000 0.000 0.000 0.000 0.000 0.000 0.000 0.000 0.000 0.000 0.000 0.000 0.000 0.000 0.000 0.000 0.000 0.000 0.000
0.000 0.000 0.000 0.000 2.487 0.000 3.708 0.000 0.000 0.961 0.395 0.000 0.000 0.000 0.499 1.303 2.079 1.231 3.210 4.412 2.865 0.000 0.000 0.000 0.000 2.109 4.616 5.361 5.300 4.634 4.317 4.352 5.174 5.151 5.018 4.498 4.578 0.000 0.000 0.000 0.000 2.202 2.129 1.301 2.098 2.123 2.297 2.725 2.728 2.820 2.982 2.990 0.000 0.000 0.000 0.000 0.000 0.000 0.000 0.000 0.000 0.000 0.000 0.000 0.000 0.000 0.000 0.000 0.000 0.000 0.000 0.000 0.000 0.000 0.000 0.000 0.000
0.000 0.000 0.000 0.000 0.000 0.000 0.000 0.000 0.000 1.167 0.389 0.000 0.000 0.000 0.000 0.000 0.000 0.403 1.183 3.233 4.102 3.430 0.127 0.000 0.000 0.000 1.697 3.021 3.073 0.000 0.000 0.000 0.000 3.184 0.000 3.201 0.000 0.000 0.000 0.000 0.000 1.160 2.146 2.557 2.703 2.734 2.769 2.815 2.846 2.982 3.096 0.000 0.000 0.000 0.000 0.000 0.000 0.000 0.000 0.000 0.000 0.000 0.000 0.000 0.000 0.000 0.000 0.000 0.000 0.000 0.000 0.000 0.000 0.000 0.000 0.000 0.000
0.000 0.000 0.000 0.000 0.000 0.000 0.000 0.000 0.000 0.000 0.000 0.000 0.000 0.000 0.000 0.000 0.000 0.000 0.000 1.755 4.747 3.708 3.170 1.601 0.851 0.000 0.000 0.000 0.000 0.000 0.000 0.000 0.000 0.000 0.000 0.000 0.000 0.000 0.000 0.000 1.858 2.570 2.680 2.851 2.908 2.858 2.931 2.950 2.995 3.040 0.000 0.000 0.000 0.000 0.000 0.000 0.000 0.000 0.000 0.000 0.000 0.000 0.000 0.000 0.000 0.000 0.000 0.000 0.000 0.000 0.000 0.000 0.000 0.000 0.000 0.000 0.000
0.000 0.000 0.000 0.000 0.000 0.000 0.000 0.000 0.000 0.000 0.000 0.000 0.000 0.000 0.000 0.000 0.000 0.000 0.000 0.000 2.747 3.990 3.767 3.368 2.891 1.561 0.000 0.000 0.000 2.251 0.824 0.042 0.000 2.162 0.973 0.551 1.078 1.193 2.252 2.623 2.956 2.926 3.021 2.967 3.002 3.050 3.044 3.118 3.122 0.000 0.000 0.000 0.000 0.000 0.000 0.000 0.000 0.000 0.000 0.000 0.000 0.000 0.000 0.000 0.000 0.000 0.000 0.000 0.000 0.000 0.000 0.000 0.000 0.000 0.000 0.000 0.000
0.000 0.000 0.000 0.000 0.000 0.000 0.000 0.000 0.000 0.000 0.000 0.000 0.000 0.000 0.000 0.000 0.000 0.000 0.000 0.000 3.843 4.142 3.813 3.826 3.642 3.340 3.147 2.885 3.029 2.840 2.378 2.269 2.210 2.541 2.681 2.960 2.806 2.788 2.873 2.802 2.822 2.955 3.040 3.186 3.224 3.132 3.173 3.159 0.000 0.000 0.000 0.000 0.000 0.000 0.000 0.000 0.000 0.000 0.000 0.000 0.000 0.000 0.000 0.000 0.000 0.000 0.000 0.000 0.000 0.000 0.000 0.000 0.000 0.000 0.000 0.000 0.000
0.000 0.000 0.000 0.000 0.000 0.000 0.000 0.000 0.000 0.000 0.000 0.000 0.000 0.000 0.000 0.000 0.000 0.000 0.000 0.000 3.563 4.531 4.128 4.005 3.886 3.621 3.518 3.364 3.369 3.206 3.138 3.133 3.120 3.101 3.148 2.951 2.963 2.941 2.970 3.045 3.049 3.017 3.001 3.006 3.181 3.362 3.321 0.000 0.000 0.000 0.000 0.000 0.000 0.000 0.000 0.000 0.000 0.000 0.000 0.000 0.000 0.000 0.000 0.000 0.000 0.000 0.000 0.000 0.000 0.000 0.000 0.000 0.000 0.000 0.000 0.000 0.000
