LISFLOOD_FP/Result/4_LISFLOOD_FP/combined_output/combined_angle_45_x_0_y_0/out-0011.elev
ncols         192
nrows         192
xllcorner     1771145.000000
yllcorner     5471774.000000
cellsize      10.000000
NODATA_value  -9999.000000
[rows 84 to 111 of 192, columns 64 to 127 of 192]
-9999.000 -9999.000 -9999.000 -9999.000 -9999.000 -9999.000 -9999.000 9.779 10.169 10.316 10.359 10.511 -9999.000 -9999.000 -9999.000 -9999.000 -9999.000 -9999.000 -9999.000 10.961 10.961 10.815 -9999.000 -9999.000 -9999.000 -9999.000 -9999.000 -9999.000 -9999.000 -9999.000 -9999.000 -9999.000 -9999.000 -9999.000 -9999.000 -9999.000 -9999.000 -9999.000 -9999.000 -9999.000 -9999.000 -9999.000 -9999.000 11.890 11.890 11.890 11.891 12.108 12.418 12.425 12.421 -9999.000 -9999.000 -9999.000 -9999.000 -9999.000 -9999.000 -9999.000 -9999.000 -9999.000 -9999.000 -9999.000 -9999.000 -9999.000
8.432 -9999.000 -9999.000 -9999.000 -9999.000 -9999.000 -9999.000 -9999.000 -9999.000 -9999.000 10.393 11.132 -9999.000 -9999.000 -9999.000 -9999.000 -9999.000 -9999.000 -9999.000 -9999.000 11.230 -9999.000 -9999.000 -9999.000 -9999.000 10.446 -9999.000 -9999.000 -9999.000 -9999.000 -9999.000 -9999.000 -9999.000 -9999.000 -9999.000 -9999.000 -9999.000 -9999.000 -9999.000 -9999.000 -9999.000 -9999.000 11.892 11.891 11.890 11.889 -9999.000 -9999.000 12.447 12.447 12.447 12.447 -9999.000 -9999.000 -9999.000 -9999.000 -9999.000 -9999.000 -9999.000 -9999.000 -9999.000 -9999.000 -9999.000 -9999.000
8.645 8.752 8.764 -9999.000 -9999.000 -9999.000 -9999.000 -9999.000 -9999.000 -9999.000 -9999.000 11.370 -9999.000 -9999.000 -9999.000 -9999.000 11.615 11.615 -9999.000 -9999.000 11.360 11.392 -9999.000 -9999.000 -9999.000 10.876 10.274 -9999.000 -9999.000 -9999.000 -9999.000 -9999.000 -9999.000 -9999.000 -9999.000 -9999.000 -9999.000 -9999.000 -9999.000 -9999.000 -9999.000 -9999.000 11.894 12.060 11.889 11.828 -9999.000 -9999.000 -9999.000 12.447 12.447 12.447 12.448 12.447 12.428 -9999.000 -9999.000 -9999.000 -9999.000 -9999.000 -9999.000 -9999.000 -9999.000 -9999.000
-9999.000 8.751 8.766 8.800 8.832 -9999.000 -9999.000 -9999.000 -9999.000 -9999.000 -9999.000 11.376 11.386 -9999.000 -9999.000 -9999.000 11.614 11.614 -9999.000 -9999.000 -9999.000 11.421 11.428 11.440 11.453 11.539 -9999.000 -9999.000 -9999.000 -9999.000 -9999.000 -9999.000 -9999.000 -9999.000 12.006 12.006 -9999.000 12.019 -9999.000 -9999.000 -9999.000 12.235 -9999.000 12.227 -9999.000 -9999.000 -9999.000 -9999.000 -9999.000 -9999.000 12.447 12.447 12.448 12.450 12.452 12.447 -9999.000 -9999.000 -9999.000 -9999.000 -9999.000 -9999.000 -9999.000 -9999.000
-9999.000 -9999.000 8.806 -9999.000 8.841 8.839 8.842 8.842 -9999.000 -9999.000 -9999.000 -9999.000 11.396 11.401 11.422 11.454 -9999.000 11.614 11.614 11.615 -9999.000 11.516 -9999.000 -9999.000 11.591 11.638 11.646 11.656 11.666 11.735 11.770 11.775 -9999.000 -9999.000 12.007 12.007 12.008 12.013 -9999.000 -9999.000 12.235 12.235 12.235 12.233 -9999.000 -9999.000 -9999.000 -9999.000 -9999.000 -9999.000 12.448 12.447 -9999.000 12.451 12.453 12.457 -9999.000 -9999.000 -9999.000 -9999.000 -9999.000 -9999.000 -9999.000 -9999.000
-9999.000 -9999.000 8.848 8.849 8.844 8.841 8.843 8.841 8.844 8.816 -9999.000 10.300 11.242 -9999.000 -9999.000 11.540 11.602 11.613 11.615 11.616 11.611 11.582 11.613 11.618 11.623 11.643 11.645 11.644 11.670 11.730 11.769 11.790 -9999.000 -9999.000 12.007 12.007 12.008 12.010 12.011 12.011 -9999.000 -9999.000 12.236 12.236 -9999.000 -9999.000 -9999.000 -9999.000 -9999.000 -9999.000 -9999.000 -9999.000 12.447 12.451 12.455 12.462 12.455 -9999.000 -9999.000 12.530 12.532 12.533 -9999.000 -9999.000
8.904 8.891 8.862 8.857 8.844 8.844 8.842 8.845 8.846 8.847 8.841 10.222 9.862 -9999.000 -9999.000 -9999.000 -9999.000 11.614 11.615 11.618 11.620 -9999.000 -9999.000 -9999.000 -9999.000 11.678 -9999.000 -9999.000 -9999.000 11.734 -9999.000 11.944 11.985 -9999.000 -9999.000 12.004 11.964 -9999.000 12.011 12.012 12.191 12.237 12.238 12.250 12.291 12.298 12.300 -9999.000 -9999.000 -9999.000 12.414 12.424 12.440 12.452 12.461 12.477 12.487 12.489 12.514 12.528 12.532 12.534 12.535 12.535
8.905 8.896 8.880 8.868 8.774 8.845 8.845 8.845 8.842 8.837 8.849 8.851 -9999.000 -9999.000 -9999.000 11.611 11.612 11.613 11.615 11.622 11.623 11.624 11.555 10.762 -9999.000 11.709 11.715 -9999.000 -9999.000 11.735 -9999.000 11.974 11.987 11.988 -9999.000 12.003 -9999.000 -9999.000 -9999.000 12.129 12.173 12.212 12.237 -9999.000 12.295 12.298 12.301 12.308 12.337 12.370 12.386 12.416 12.436 12.462 12.477 12.491 12.496 -9999.000 12.524 12.525 -9999.000 12.535 12.536 12.536
8.905 8.898 8.889 8.883 -9999.000 8.845 8.844 8.839 8.848 8.843 8.844 8.843 -9999.000 -9999.000 -9999.000 -9999.000 -9999.000 -9999.000 -9999.000 11.623 11.624 11.626 11.632 -9999.000 11.697 11.715 11.721 -9999.000 11.738 11.739 -9999.000 11.985 11.988 11.992 11.997 12.003 12.006 -9999.000 -9999.000 -9999.000 12.173 12.202 12.235 12.267 12.292 12.299 12.304 12.312 12.328 12.356 12.381 12.411 12.447 12.479 12.492 12.501 12.508 12.516 12.522 12.527 12.532 12.535 12.536 12.536
8.905 8.898 8.889 8.882 -9999.000 8.851 8.849 -9999.000 -9999.000 8.839 8.843 8.852 8.854 -9999.000 -9999.000 -9999.000 -9999.000 -9999.000 -9999.000 11.625 11.625 11.627 11.645 11.680 11.708 11.721 11.725 11.732 11.737 11.740 11.747 11.937 11.988 11.993 11.998 12.006 12.010 12.018 12.036 12.054 12.151 12.194 12.215 12.249 12.293 12.300 12.305 12.312 12.325 12.348 12.385 12.426 12.472 12.491 12.500 12.507 12.512 12.516 12.511 12.531 12.533 12.535 12.536 12.537
8.905 8.897 8.889 8.879 8.864 8.852 8.804 8.732 -9999.000 -9999.000 8.767 8.852 8.859 8.867 -9999.000 -9999.000 -9999.000 -9999.000 -9999.000 -9999.000 11.613 11.626 -9999.000 -9999.000 11.719 11.725 11.726 11.733 11.737 11.740 11.742 11.932 11.983 11.982 -9999.000 12.011 12.013 12.017 -9999.000 12.044 -9999.000 -9999.000 12.208 12.225 -9999.000 12.303 12.304 12.310 12.319 12.329 -9999.000 -9999.000 12.489 12.503 12.507 12.513 12.517 12.521 12.525 12.530 12.534 12.536 12.537 12.538
8.906 8.897 8.890 8.884 -9999.000 8.774 8.717 8.723 8.719 -9999.000 -9999.000 8.856 8.864 8.871 -9999.000 -9999.000 -9999.000 -9999.000 -9999.000 -9999.000 11.518 -9999.000 11.680 -9999.000 -9999.000 11.727 -9999.000 11.736 11.737 -9999.000 11.742 -9999.000 11.983 -9999.000 12.013 12.013 12.016 12.022 12.031 12.035 -9999.000 -9999.000 12.176 -9999.000 -9999.000 12.303 12.303 -9999.000 -9999.000 -9999.000 -9999.000 -9999.000 -9999.000 12.511 12.513 12.517 12.520 12.522 12.530 12.533 12.536 12.537 12.538 12.539
-9999.000 8.894 -9999.000 8.786 -9999.000 -9999.000 8.630 8.697 8.693 8.673 8.676 8.821 8.885 8.906 8.923 8.923 8.905 -9999.000 11.217 11.218 11.318 -9999.000 11.723 -9999.000 11.728 11.728 11.730 11.734 11.738 -9999.000 11.742 -9999.000 11.983 -9999.000 12.012 -9999.000 -9999.000 -9999.000 12.035 12.036 -9999.000 12.100 12.121 -9999.000 12.260 12.273 12.281 -9999.000 -9999.000 -9999.000 -9999.000 -9999.000 -9999.000 12.515 12.518 12.520 12.523 12.527 12.532 12.535 12.537 12.538 12.539 12.540
-9999.000 -9999.000 -9999.000 -9999.000 -9999.000 -9999.000 -9999.000 -9999.000 8.642 8.664 8.666 -9999.000 8.930 8.949 8.957 8.962 -9999.000 -9999.000 11.218 -9999.000 11.276 -9999.000 11.723 11.725 11.727 11.729 11.731 -9999.000 11.739 11.741 -9999.000 -9999.000 -9999.000 12.011 12.012 -9999.000 12.011 12.018 12.036 12.038 12.062 12.090 12.099 -9999.000 12.259 12.258 12.258 12.256 -9999.000 -9999.000 -9999.000 -9999.000 -9999.000 12.518 12.520 12.524 12.528 12.530 12.533 12.536 12.539 12.540 12.541 12.542
-9999.000 -9999.000 10.710 -9999.000 -9999.000 -9999.000 -9999.000 -9999.000 -9999.000 8.641 8.642 -9999.000 8.951 8.958 8.963 8.970 8.978 8.981 -9999.000 10.886 11.181 11.559 11.686 11.705 11.676 11.732 11.733 11.735 -9999.000 11.742 11.743 -9999.000 -9999.000 -9999.000 12.011 12.011 12.011 -9999.000 12.037 12.055 12.063 12.062 12.063 12.065 -9999.000 12.230 -9999.000 12.227 -9999.000 -9999.000 -9999.000 -9999.000 -9999.000 -9999.000 -9999.000 12.530 12.532 12.534 12.537 12.538 12.540 12.542 12.545 12.546
10.704 10.708 10.710 10.714 10.716 -9999.000 -9999.000 -9999.000 -9999.000 -9999.000 -9999.000 8.835 8.957 8.963 8.970 8.976 8.982 8.986 8.990 9.660 -9999.000 -9999.000 -9999.000 11.718 11.730 11.732 11.736 11.737 -9999.000 11.744 -9999.000 12.009 12.009 12.009 12.011 -9999.000 12.012 12.010 -9999.000 12.063 12.064 12.065 12.065 12.065 12.110 12.185 12.189 12.193 -9999.000 -9999.000 -9999.000 -9999.000 -9999.000 -9999.000 -9999.000 12.533 12.535 12.536 12.538 12.540 12.543 12.546 12.548 12.551
10.707 10.711 10.716 10.721 10.726 10.730 10.735 10.737 -9999.000 -9999.000 -9999.000 -9999.000 8.963 8.970 8.978 8.983 8.987 8.990 8.993 8.999 -9999.000 10.763 11.556 11.708 11.717 -9999.000 11.739 11.740 11.744 11.744 -9999.000 12.008 12.008 12.009 -9999.000 12.014 12.014 12.029 12.062 -9999.000 12.064 12.065 12.066 -9999.000 12.078 -9999.000 12.190 12.190 -9999.000 -9999.000 -9999.000 -9999.000 -9999.000 -9999.000 -9999.000 12.537 12.538 12.539 12.540 12.543 12.544 12.548 12.551 12.555
10.708 10.713 10.718 10.722 10.728 10.734 10.739 10.745 10.751 10.754 10.757 -9999.000 10.715 8.993 9.039 8.996 8.992 8.993 8.995 8.998 9.005 9.903 -9999.000 -9999.000 -9999.000 11.739 11.740 11.742 11.754 -9999.000 12.008 12.008 12.008 12.008 -9999.000 -9999.000 -9999.000 12.062 12.062 12.063 12.064 12.065 12.067 12.071 12.078 12.081 -9999.000 -9999.000 -9999.000 -9999.000 -9999.000 -9999.000 -9999.000 -9999.000 -9999.000 12.540 12.540 12.541 12.542 12.544 -9999.000 12.551 12.554 12.564
10.711 10.714 10.719 10.724 10.729 10.735 10.741 10.746 10.753 10.759 10.766 10.770 10.760 -9999.000 10.322 9.110 8.999 8.997 8.997 9.000 9.005 9.021 -9999.000 11.738 11.739 11.739 11.739 -9999.000 11.860 -9999.000 12.005 12.007 12.008 -9999.000 -9999.000 -9999.000 -9999.000 -9999.000 12.062 12.063 12.064 12.065 -9999.000 -9999.000 12.082 12.083 -9999.000 -9999.000 -9999.000 12.098 12.098 -9999.000 -9999.000 -9999.000 12.537 -9999.000 12.541 12.543 12.545 12.548 12.552 -9999.000 -9999.000 12.633
-9999.000 -9999.000 10.726 10.728 10.733 10.737 10.741 10.748 10.757 10.762 10.769 10.776 10.787 10.792 10.783 -9999.000 -9999.000 8.997 8.999 9.003 9.010 9.012 -9999.000 -9999.000 11.739 11.739 -9999.000 -9999.000 11.946 11.991 12.005 12.006 -9999.000 12.021 -9999.000 -9999.000 -9999.000 -9999.000 12.061 12.062 12.062 -9999.000 -9999.000 12.085 12.084 12.085 12.055 -9999.000 12.097 12.096 12.093 12.091 12.089 12.373 12.537 12.539 12.542 12.544 12.547 12.552 12.555 12.568 12.595 12.636
-9999.000 -9999.000 -9999.000 10.729 10.734 10.737 10.740 10.742 10.762 10.765 10.772 10.780 10.792 10.805 10.825 10.844 -9999.000 -9999.000 -9999.000 9.011 9.026 9.014 -9999.000 -9999.000 -9999.000 -9999.000 -9999.000 11.990 11.990 12.003 12.005 12.008 -9999.000 12.021 12.022 -9999.000 -9999.000 -9999.000 12.060 12.060 -9999.000 12.070 12.070 -9999.000 12.086 12.088 12.094 12.095 12.096 12.095 12.093 12.091 12.088 12.086 -9999.000 -9999.000 12.543 12.545 12.550 12.555 12.557 12.565 12.614 12.641
-9999.000 -9999.000 -9999.000 10.716 10.731 10.738 10.742 10.751 10.761 10.767 10.776 10.784 10.796 10.812 10.839 10.867 10.897 -9999.000 -9999.000 -9999.000 9.058 -9999.000 -9999.000 -9999.000 12.231 -9999.000 -9999.000 -9999.000 12.003 12.004 12.006 12.013 12.017 12.019 12.023 12.029 12.051 12.059 12.059 12.059 -9999.000 12.070 12.070 12.071 -9999.000 -9999.000 12.095 12.096 12.096 12.095 12.093 -9999.000 12.084 12.083 12.081 -9999.000 12.543 -9999.000 12.559 12.559 -9999.000 12.614 12.632 12.638
10.702 10.706 10.709 10.711 -9999.000 10.732 -9999.000 -9999.000 -9999.000 -9999.000 -9999.000 -9999.000 10.795 -9999.000 10.866 10.886 10.930 10.977 11.002 10.853 9.730 -9999.000 -9999.000 12.231 12.231 12.231 12.232 -9999.000 12.003 -9999.000 12.014 12.018 12.018 12.018 -9999.000 -9999.000 12.058 12.059 12.060 -9999.000 12.068 12.069 12.070 12.072 12.072 12.072 -9999.000 12.099 12.100 -9999.000 12.090 12.085 12.081 12.081 -9999.000 12.078 -9999.000 12.563 12.563 12.563 12.600 12.626 12.635 12.638
10.702 10.706 10.708 10.710 10.714 -9999.000 -9999.000 -9999.000 -9999.000 -9999.000 -9999.000 -9999.000 -9999.000 -9999.000 10.716 -9999.000 10.973 11.011 11.045 11.072 -9999.000 -9999.000 12.052 -9999.000 12.231 12.231 12.232 12.232 -9999.000 12.065 12.035 12.025 12.019 -9999.000 -9999.000 -9999.000 -9999.000 12.060 12.060 12.061 12.064 -9999.000 -9999.000 12.074 -9999.000 -9999.000 -9999.000 12.103 12.103 12.104 -9999.000 -9999.000 12.079 12.079 12.078 12.077 -9999.000 -9999.000 12.564 12.576 12.604 12.626 12.637 12.638
10.701 10.706 10.709 10.712 10.718 10.722 10.725 -9999.000 -9999.000 -9999.000 10.746 -9999.000 -9999.000 -9999.000 -9999.000 -9999.000 -9999.000 11.042 11.067 11.107 11.130 11.287 12.055 12.227 12.230 12.231 12.232 12.233 12.233 12.162 12.049 -9999.000 12.019 -9999.000 -9999.000 -9999.000 -9999.000 12.061 12.061 12.062 12.065 12.069 12.075 12.076 -9999.000 12.079 12.079 -9999.000 -9999.000 -9999.000 12.076 -9999.000 12.076 -9999.000 12.077 12.077 -9999.000 12.533 12.548 12.569 12.591 12.615 12.646 12.657
10.701 10.704 10.709 10.716 10.723 10.727 10.733 10.738 10.743 10.745 10.748 -9999.000 -9999.000 -9999.000 -9999.000 -9999.000 -9999.000 -9999.000 11.104 11.136 11.151 11.183 11.972 12.224 12.228 12.231 12.233 12.234 12.235 12.236 -9999.000 -9999.000 12.019 12.020 -9999.000 -9999.000 12.061 12.061 12.061 12.062 12.064 12.067 -9999.000 12.078 12.078 12.079 12.079 12.080 12.079 12.078 12.076 12.074 12.073 12.073 12.074 -9999.000 12.489 12.500 12.518 12.553 12.590 12.624 12.653 12.686
10.700 10.704 10.710 10.716 10.724 10.730 10.736 10.741 10.745 10.748 10.754 10.767 10.791 10.842 -9999.000 -9999.000 -9999.000 -9999.000 -9999.000 11.156 11.179 11.210 11.238 -9999.000 -9999.000 -9999.000 -9999.000 12.235 12.237 12.238 -9999.000 -9999.000 12.019 12.019 -9999.000 11.408 -9999.000 12.061 12.062 12.063 12.065 12.069 12.023 12.080 -9999.000 12.072 12.080 12.080 12.079 12.079 12.078 -9999.000 12.067 -9999.000 -9999.000 12.466 12.473 12.486 12.501 12.540 12.574 -9999.000 12.696 12.747
10.701 10.705 10.709 10.716 10.726 10.730 10.737 10.742 10.746 10.751 10.756 10.767 10.875 11.235 11.610 11.695 11.698 -9999.000 -9999.000 11.183 11.206 11.230 11.264 11.286 -9999.000 -9999.000 -9999.000 -9999.000 12.241 12.243 12.246 12.248 -9999.000 -9999.000 -9999.000 11.940 12.018 12.061 12.062 12.062 12.065 12.076 12.082 12.081 12.081 12.080 12.080 12.080 -9999.000 12.079 12.079 -9999.000 -9999.000 12.441 12.448 12.458 12.467 12.479 12.494 12.523 12.591 12.676 12.699 -9999.000
