LISFLOOD_FP/Result/4_LISFLOOD_FP/combined_output/combined_angle_45_x_0_y_0/out.totaltm
ncols         192
nrows         192
xllcorner     1771145.000000
yllcorner     5471774.000000
cellsize      10.000000
NODATA_value  -9999.000000
[rows 102 to 135 of 192, columns 77 to 153 of 192]
0.000 0.238 0.230 0.224 0.219 0.211 0.202 0.160 0.138 0.000 0.201 0.205 0.313 0.338 0.000 0.370 0.000 0.114 0.441 0.398 0.000 0.000 0.000 0.000 0.000 0.289 0.290 0.284 0.256 0.000 0.036 0.241 0.225 0.000 0.012 0.000 0.141 0.137 0.000 0.000 0.000 0.328 0.000 0.548 0.552 0.557 0.561 0.660 0.000 0.000 0.705 0.681 0.642 0.647 0.763 0.777 0.000 0.906 0.934 0.936 0.936 0.936 0.930 0.923 0.914 0.896 0.884 0.877 0.871 0.850 0.841 0.683 0.706 0.866 0.868 0.873 0.876
0.658 0.482 0.000 0.000 0.150 0.155 0.158 0.158 0.133 0.050 0.055 0.288 0.311 0.000 0.000 0.382 0.385 0.454 0.461 0.000 0.344 0.000 0.000 0.000 0.000 0.379 0.296 0.281 0.000 0.000 0.226 0.238 0.229 0.085 0.018 0.192 0.167 0.111 0.167 0.313 0.319 0.495 0.519 0.523 0.544 0.550 0.563 0.677 0.690 0.707 0.723 0.710 0.000 0.000 0.777 0.787 0.930 0.932 0.933 0.934 0.935 0.928 0.911 0.907 0.907 0.899 0.895 0.892 0.880 0.870 0.858 0.860 0.863 0.864 0.867 0.864 0.859
0.670 0.671 0.666 0.000 0.000 0.067 0.137 0.174 0.109 0.000 0.000 0.000 0.000 0.000 0.323 0.327 0.438 0.446 0.465 0.000 0.349 0.375 0.000 0.000 0.000 0.382 0.378 0.055 0.338 0.344 0.028 0.222 0.199 0.213 0.225 0.228 0.245 0.248 0.251 0.305 0.312 0.000 0.000 0.514 0.458 0.541 0.589 0.658 0.671 0.514 0.793 0.444 0.554 0.583 0.585 0.928 0.930 0.931 0.932 0.933 0.920 0.906 0.905 0.896 0.904 0.897 0.892 0.888 0.880 0.874 0.856 0.858 0.860 0.862 0.858 0.860 0.865
0.671 0.672 0.674 0.675 0.000 0.000 0.000 0.185 0.028 0.000 0.000 0.716 0.000 0.024 0.076 0.432 0.435 0.428 0.474 0.476 0.453 0.430 0.425 0.381 0.451 0.447 0.149 0.054 0.267 0.348 0.433 0.000 0.000 0.187 0.167 0.175 0.187 0.162 0.033 0.157 0.210 0.166 0.000 0.485 0.000 0.337 0.597 0.000 0.590 0.750 0.811 0.000 0.564 0.565 0.428 0.927 0.929 0.930 0.930 0.924 0.910 0.903 0.902 0.896 0.897 0.895 0.889 0.885 0.880 0.859 0.854 0.856 0.858 0.819 0.857 0.861 0.864
0.000 0.669 0.675 0.678 0.679 0.559 0.202 0.193 0.000 0.000 0.693 0.723 0.729 0.695 0.000 0.428 0.000 0.156 0.488 0.479 0.459 0.000 0.000 0.420 0.456 0.432 0.029 0.346 0.349 0.352 0.440 0.433 0.341 0.000 0.145 0.132 0.038 0.155 0.148 0.264 0.259 0.000 0.157 0.000 0.368 0.545 0.609 0.617 0.807 0.839 0.830 0.563 0.575 0.567 0.000 0.927 0.928 0.928 0.927 0.913 0.907 0.901 0.899 0.895 0.895 0.892 0.887 0.880 0.868 0.858 0.852 0.852 0.828 0.852 0.857 0.859 0.000
0.000 0.103 0.000 0.679 0.683 0.685 0.680 0.000 0.000 0.400 0.000 0.726 0.737 0.739 0.727 0.000 0.505 0.501 0.491 0.332 0.000 0.000 0.000 0.000 0.463 0.465 0.447 0.317 0.000 0.000 0.446 0.000 0.000 0.000 0.132 0.129 0.126 0.000 0.000 0.267 0.262 0.257 0.194 0.000 0.000 0.385 0.552 0.819 0.840 0.850 0.836 0.000 0.858 0.527 0.924 0.926 0.927 0.926 0.919 0.910 0.905 0.902 0.894 0.892 0.892 0.889 0.883 0.875 0.868 0.856 0.758 0.847 0.848 0.852 0.854 0.000 0.000
0.000 0.000 0.000 0.000 0.681 0.686 0.690 0.691 0.400 0.410 0.706 0.737 0.741 0.743 0.746 0.739 0.510 0.505 0.000 0.328 0.000 0.000 0.000 0.000 0.461 0.476 0.407 0.415 0.437 0.510 0.513 0.000 0.471 0.451 0.000 0.000 0.000 0.357 0.000 0.269 0.000 0.225 0.209 0.000 0.525 0.638 0.757 0.841 0.358 0.858 0.630 0.000 0.867 0.875 0.924 0.925 0.926 0.923 0.913 0.907 0.903 0.900 0.897 0.892 0.889 0.885 0.879 0.873 0.862 0.734 0.840 0.845 0.848 0.850 0.000 0.000 0.000
0.077 0.000 0.000 0.000 0.000 0.623 0.690 0.693 0.694 0.511 0.702 0.665 0.578 0.719 0.749 0.752 0.728 0.000 0.000 0.322 0.318 0.000 0.000 0.435 0.476 0.478 0.486 0.406 0.336 0.000 0.515 0.486 0.484 0.101 0.385 0.441 0.368 0.362 0.299 0.297 0.239 0.121 0.000 0.739 0.825 0.832 0.837 0.849 0.858 0.866 0.697 0.481 0.852 0.921 0.923 0.924 0.924 0.917 0.910 0.894 0.000 0.897 0.895 0.889 0.887 0.881 0.877 0.866 0.769 0.838 0.841 0.843 0.846 0.000 0.000 0.000 0.000
0.534 0.000 0.000 0.000 0.000 0.000 0.688 0.691 0.698 0.700 0.000 0.000 0.000 0.000 0.715 0.754 0.757 0.000 0.000 0.302 0.271 0.000 0.117 0.000 0.417 0.358 0.491 0.494 0.497 0.087 0.521 0.079 0.105 0.463 0.460 0.444 0.442 0.133 0.000 0.125 0.000 0.000 0.809 0.819 0.823 0.828 0.803 0.821 0.000 0.869 0.874 0.880 0.918 0.921 0.922 0.923 0.919 0.915 0.907 0.889 0.883 0.458 0.892 0.888 0.883 0.878 0.874 0.745 0.833 0.837 0.839 0.840 0.000 0.000 0.000 0.000 0.000
0.536 0.540 0.562 0.564 0.000 0.000 0.244 0.683 0.694 0.703 0.705 0.000 0.000 0.000 0.000 0.743 0.764 0.747 0.650 0.000 0.000 0.000 0.124 0.137 0.334 0.368 0.378 0.244 0.510 0.533 0.530 0.491 0.488 0.467 0.457 0.000 0.424 0.419 0.000 0.000 0.568 0.807 0.820 0.826 0.830 0.835 0.839 0.843 0.864 0.872 0.000 0.344 0.918 0.920 0.921 0.920 0.916 0.913 0.908 0.885 0.000 0.000 0.890 0.885 0.881 0.877 0.764 0.837 0.832 0.834 0.834 0.000 0.000 0.000 0.000 0.000 0.000
0.189 0.543 0.565 0.570 0.000 0.000 0.000 0.000 0.565 0.704 0.708 0.666 0.000 0.000 0.000 0.671 0.767 0.769 0.775 0.749 0.000 0.000 0.000 0.000 0.000 0.364 0.135 0.000 0.000 0.535 0.466 0.000 0.482 0.479 0.000 0.000 0.000 0.000 0.000 0.829 0.827 0.832 0.834 0.836 0.821 0.827 0.831 0.560 0.841 0.877 0.000 0.000 0.917 0.917 0.910 0.917 0.914 0.912 0.907 0.885 0.881 0.877 0.887 0.884 0.879 0.855 0.850 0.845 0.828 0.830 0.000 0.000 0.000 0.000 0.000 0.000 0.000
0.000 0.506 0.559 0.584 0.577 0.560 0.000 0.000 0.673 0.680 0.710 0.712 0.714 0.000 0.000 0.708 0.715 0.774 0.780 0.783 0.780 0.773 0.753 0.663 0.000 0.000 0.000 0.558 0.564 0.561 0.487 0.000 0.044 0.000 0.000 0.000 0.000 0.769 0.813 0.833 0.834 0.838 0.843 0.842 0.842 0.818 0.050 0.000 0.000 0.879 0.000 0.000 0.864 0.915 0.915 0.916 0.913 0.910 0.905 0.886 0.891 0.891 0.887 0.881 0.859 0.854 0.850 0.846 0.834 0.000 0.000 0.000 0.000 0.000 0.000 0.000 0.000
0.000 0.000 0.546 0.588 0.586 0.591 0.534 0.000 0.000 0.000 0.576 0.000 0.729 0.712 0.705 0.000 0.000 0.612 0.781 0.787 0.790 0.791 0.793 0.790 0.779 0.720 0.591 0.402 0.588 0.000 0.000 0.487 0.000 0.357 0.739 0.810 0.825 0.829 0.836 0.838 0.842 0.844 0.848 0.853 0.853 0.854 0.000 0.000 0.794 0.888 0.000 0.000 0.909 0.911 0.912 0.913 0.911 0.906 0.904 0.901 0.898 0.896 0.888 0.858 0.855 0.851 0.846 0.843 0.000 0.000 0.000 0.000 0.000 0.000 0.000 0.000 0.000
0.000 0.501 0.590 0.593 0.587 0.595 0.594 0.596 0.000 0.000 0.587 0.569 0.732 0.736 0.078 0.000 0.000 0.000 0.740 0.791 0.794 0.796 0.798 0.799 0.798 0.797 0.789 0.784 0.788 0.794 0.800 0.804 0.809 0.815 0.822 0.827 0.832 0.837 0.841 0.845 0.849 0.852 0.857 0.858 0.862 0.867 0.416 0.000 0.000 0.890 0.804 0.906 0.910 0.911 0.911 0.910 0.907 0.905 0.903 0.900 0.898 0.889 0.856 0.854 0.852 0.847 0.845 0.000 0.000 0.000 0.000 0.000 0.000 0.000 0.000 0.000 0.000
0.000 0.517 0.612 0.598 0.569 0.597 0.568 0.614 0.561 0.000 0.588 0.644 0.650 0.737 0.689 0.568 0.000 0.000 0.616 0.794 0.797 0.801 0.803 0.807 0.805 0.800 0.794 0.790 0.795 0.799 0.804 0.809 0.814 0.819 0.825 0.830 0.835 0.841 0.846 0.851 0.855 0.859 0.863 0.866 0.871 0.874 0.873 0.000 0.881 0.895 0.905 0.907 0.908 0.910 0.908 0.882 0.898 0.903 0.900 0.898 0.896 0.867 0.864 0.862 0.858 0.852 0.000 0.000 0.000 0.000 0.000 0.000 0.000 0.000 0.000 0.000 0.000
0.605 0.610 0.621 0.566 0.607 0.608 0.611 0.617 0.567 0.000 0.000 0.599 0.221 0.743 0.745 0.654 0.000 0.763 0.779 0.795 0.801 0.804 0.807 0.810 0.808 0.803 0.796 0.789 0.792 0.798 0.803 0.807 0.812 0.819 0.824 0.830 0.836 0.841 0.847 0.853 0.858 0.863 0.868 0.872 0.875 0.879 0.882 0.891 0.897 0.903 0.904 0.906 0.907 0.905 0.902 0.889 0.896 0.900 0.897 0.895 0.883 0.881 0.879 0.876 0.867 0.000 0.000 0.000 0.000 0.000 0.000 0.000 0.000 0.000 0.000 0.000 0.000
0.656 0.658 0.644 0.655 0.643 0.618 0.617 0.620 0.640 0.000 0.000 0.592 0.641 0.000 0.760 0.763 0.764 0.768 0.000 0.781 0.804 0.807 0.810 0.814 0.811 0.807 0.801 0.794 0.787 0.791 0.796 0.799 0.803 0.810 0.816 0.822 0.829 0.835 0.840 0.845 0.850 0.856 0.859 0.857 0.841 0.584 0.140 0.895 0.898 0.902 0.903 0.904 0.000 0.876 0.892 0.867 0.000 0.897 0.895 0.879 0.881 0.878 0.875 0.870 0.000 0.000 0.000 0.000 0.000 0.000 0.000 0.000 0.000 0.000 0.000 0.000 0.000
0.652 0.663 0.667 0.671 0.674 0.604 0.558 0.551 0.660 0.000 0.000 0.000 0.644 0.000 0.676 0.760 0.752 0.771 0.773 0.000 0.803 0.812 0.814 0.817 0.814 0.810 0.805 0.796 0.788 0.786 0.790 0.794 0.798 0.801 0.810 0.815 0.821 0.827 0.832 0.837 0.844 0.844 0.836 0.000 0.706 0.866 0.882 0.897 0.899 0.901 0.902 0.885 0.000 0.000 0.885 0.882 0.887 0.894 0.880 0.877 0.879 0.876 0.872 0.000 0.000 0.000 0.000 0.000 0.000 0.000 0.000 0.000 0.000 0.000 0.000 0.000 0.000
0.572 0.605 0.655 0.672 0.677 0.681 0.683 0.686 0.664 0.711 0.710 0.000 0.684 0.705 0.712 0.747 0.749 0.493 0.789 0.793 0.770 0.811 0.815 0.819 0.816 0.813 0.808 0.802 0.791 0.780 0.784 0.789 0.793 0.798 0.804 0.810 0.816 0.821 0.826 0.832 0.839 0.769 0.747 0.533 0.830 0.836 0.000 0.895 0.899 0.897 0.879 0.577 0.000 0.774 0.883 0.880 0.881 0.860 0.878 0.875 0.876 0.873 0.000 0.000 0.000 0.000 0.000 0.000 0.000 0.000 0.000 0.000 0.000 0.000 0.000 0.000 0.000
0.591 0.564 0.581 0.595 0.602 0.677 0.681 0.688 0.695 0.721 0.737 0.000 0.000 0.000 0.000 0.000 0.740 0.738 0.738 0.799 0.803 0.807 0.684 0.821 0.819 0.815 0.811 0.804 0.795 0.784 0.780 0.782 0.786 0.791 0.796 0.802 0.808 0.813 0.815 0.787 0.775 0.761 0.735 0.722 0.000 0.000 0.000 0.895 0.898 0.896 0.883 0.053 0.000 0.869 0.880 0.878 0.858 0.864 0.876 0.872 0.873 0.000 0.000 0.000 0.000 0.000 0.000 0.000 0.000 0.000 0.000 0.000 0.000 0.000 0.000 0.000 0.000
0.580 0.588 0.584 0.584 0.567 0.328 0.000 0.000 0.000 0.609 0.739 0.753 0.755 0.000 0.000 0.000 0.594 0.737 0.735 0.736 0.799 0.775 0.000 0.823 0.819 0.534 0.804 0.797 0.792 0.785 0.776 0.777 0.780 0.782 0.788 0.794 0.801 0.758 0.380 0.000 0.769 0.762 0.641 0.000 0.000 0.000 0.891 0.895 0.897 0.895 0.889 0.101 0.867 0.871 0.876 0.853 0.855 0.858 0.863 0.864 0.000 0.000 0.000 0.000 0.000 0.000 0.000 0.000 0.000 0.000 0.000 0.000 0.000 0.000 0.000 0.000 0.000
0.000 0.590 0.600 0.602 0.588 0.119 0.000 0.000 0.000 0.000 0.617 0.735 0.775 0.696 0.000 0.000 0.670 0.734 0.732 0.732 0.000 0.000 0.671 0.825 0.817 0.813 0.802 0.800 0.796 0.792 0.775 0.770 0.775 0.778 0.782 0.787 0.763 0.505 0.000 0.000 0.000 0.735 0.649 0.000 0.865 0.888 0.893 0.894 0.892 0.881 0.819 0.859 0.864 0.868 0.855 0.852 0.853 0.856 0.859 0.000 0.000 0.000 0.000 0.000 0.000 0.000 0.000 0.000 0.000 0.000 0.000 0.000 0.000 0.000 0.000 0.000 0.000
0.000 0.000 0.602 0.607 0.601 0.529 0.000 0.000 0.000 0.000 0.000 0.663 0.777 0.790 0.792 0.000 0.000 0.000 0.496 0.729 0.000 0.000 0.000 0.826 0.835 0.316 0.000 0.043 0.098 0.695 0.769 0.760 0.770 0.772 0.774 0.760 0.456 0.000 0.000 0.000 0.000 0.174 0.876 0.885 0.888 0.890 0.892 0.889 0.814 0.873 0.870 0.867 0.859 0.860 0.858 0.855 0.851 0.853 0.000 0.000 0.000 0.000 0.000 0.000 0.000 0.000 0.000 0.000 0.000 0.000 0.000 0.000 0.000 0.000 0.000 0.000 0.000
0.000 0.000 0.000 0.611 0.614 0.596 0.583 0.263 0.520 0.577 0.625 0.684 0.688 0.792 0.794 0.802 0.000 0.000 0.000 0.724 0.000 0.823 0.000 0.538 0.836 0.834 0.000 0.821 0.000 0.000 0.000 0.564 0.709 0.731 0.624 0.000 0.000 0.000 0.822 0.000 0.000 0.857 0.884 0.886 0.888 0.889 0.801 0.000 0.000 0.611 0.866 0.832 0.858 0.858 0.855 0.850 0.848 0.000 0.000 0.000 0.000 0.000 0.000 0.000 0.000 0.000 0.000 0.000 0.000 0.000 0.000 0.000 0.000 0.000 0.000 0.000 0.000
0.000 0.000 0.000 0.605 0.617 0.644 0.646 0.652 0.654 0.662 0.677 0.681 0.684 0.673 0.692 0.809 0.814 0.683 0.000 0.000 0.847 0.849 0.851 0.840 0.838 0.835 0.834 0.835 0.449 0.000 0.000 0.000 0.000 0.000 0.000 0.000 0.583 0.846 0.864 0.855 0.618 0.882 0.884 0.885 0.886 0.837 0.000 0.000 0.000 0.000 0.853 0.851 0.856 0.850 0.851 0.847 0.000 0.000 0.000 0.000 0.000 0.000 0.000 0.000 0.000 0.000 0.000 0.000 0.000 0.000 0.000 0.000 0.000 0.000 0.000 0.000 0.000
0.000 0.000 0.000 0.000 0.000 0.645 0.647 0.649 0.648 0.650 0.661 0.671 0.681 0.670 0.588 0.608 0.823 0.831 0.832 0.837 0.846 0.847 0.853 0.854 0.482 0.000 0.532 0.852 0.851 0.851 0.846 0.830 0.848 0.615 0.857 0.860 0.869 0.874 0.877 0.879 0.881 0.883 0.883 0.884 0.855 0.000 0.000 0.000 0.000 0.000 0.851 0.848 0.853 0.847 0.848 0.000 0.000 0.000 0.000 0.000 0.000 0.000 0.000 0.000 0.000 0.000 0.000 0.000 0.000 0.000 0.000 0.000 0.000 0.000 0.000 0.000 0.000
0.000 0.000 0.000 0.000 0.636 0.643 0.645 0.613 0.613 0.590 0.551 0.608 0.628 0.580 0.571 0.627 0.724 0.829 0.830 0.775 0.000 0.000 0.839 0.855 0.856 0.000 0.000 0.857 0.858 0.857 0.857 0.857 0.858 0.860 0.864 0.867 0.868 0.877 0.878 0.879 0.880 0.881 0.881 0.868 0.000 0.000 0.000 0.000 0.646 0.828 0.849 0.846 0.849 0.837 0.000 0.000 0.000 0.000 0.000 0.000 0.000 0.000 0.000 0.000 0.000 0.000 0.000 0.000 0.000 0.000 0.000 0.000 0.000 0.000 0.000 0.000 0.000
0.000 0.000 0.000 0.558 0.640 0.641 0.585 0.608 0.585 0.586 0.578 0.586 0.553 0.483 0.543 0.642 0.799 0.821 0.829 0.811 0.000 0.000 0.000 0.819 0.858 0.860 0.861 0.863 0.864 0.867 0.868 0.869 0.870 0.872 0.873 0.874 0.875 0.876 0.866 0.871 0.877 0.877 0.865 0.000 0.804 0.000 0.000 0.673 0.829 0.836 0.847 0.844 0.846 0.000 0.000 0.000 0.000 0.000 0.000 0.000 0.000 0.000 0.000 0.000 0.000 0.000 0.000 0.000 0.000 0.000 0.000 0.000 0.000 0.000 0.000 0.000 0.000
0.000 0.000 0.000 0.000 0.621 0.297 0.584 0.408 0.000 0.583 0.569 0.000 0.000 0.000 0.610 0.679 0.781 0.674 0.812 0.811 0.803 0.000 0.000 0.000 0.000 0.834 0.860 0.862 0.863 0.864 0.865 0.867 0.869 0.871 0.871 0.872 0.873 0.000 0.000 0.000 0.002 0.855 0.854 0.805 0.808 0.813 0.820 0.828 0.830 0.833 0.844 0.841 0.000 0.000 0.000 0.000 0.000 0.000 0.000 0.000 0.000 0.000 0.000 0.000 0.000 0.000 0.000 0.000 0.000 0.000 0.000 0.000 0.000 0.000 0.000 0.000 0.000
0.000 0.000 0.000 0.000 0.000 0.000 0.000 0.000 0.000 0.580 0.565 0.000 0.000 0.000 0.000 0.000 0.000 0.595 0.669 0.805 0.804 0.796 0.540 0.000 0.000 0.000 0.826 0.849 0.850 0.000 0.000 0.000 0.000 0.855 0.000 0.859 0.000 0.000 0.000 0.000 0.000 0.802 0.849 0.844 0.839 0.834 0.828 0.827 0.829 0.833 0.841 0.000 0.000 0.000 0.000 0.000 0.000 0.000 0.000 0.000 0.000 0.000 0.000 0.000 0.000 0.000 0.000 0.000 0.000 0.000 0.000 0.000 0.000 0.000 0.000 0.000 0.000
0.000 0.000 0.000 0.000 0.000 0.000 0.000 0.000 0.000 0.000 0.000 0.000 0.000 0.000 0.000 0.000 0.000 0.000 0.000 0.699 0.802 0.797 0.790 0.691 0.644 0.000 0.000 0.000 0.000 0.000 0.000 0.000 0.000 0.000 0.000 0.000 0.000 0.000 0.000 0.000 0.781 0.827 0.845 0.840 0.835 0.828 0.824 0.826 0.828 0.830 0.000 0.000 0.000 0.000 0.000 0.000 0.000 0.000 0.000 0.000 0.000 0.000 0.000 0.000 0.000 0.000 0.000 0.000 0.000 0.000 0.000 0.000 0.000 0.000 0.000 0.000 0.000
0.000 0.000 0.000 0.000 0.000 0.000 0.000 0.000 0.000 0.000 0.000 0.000 0.000 0.000 0.000 0.000 0.000 0.000 0.000 0.000 0.772 0.796 0.792 0.780 0.741 0.689 0.421 0.000 0.000 0.719 0.643 0.518 0.000 0.717 0.655 0.617 0.660 0.670 0.791 0.807 0.824 0.829 0.841 0.835 0.831 0.826 0.822 0.824 0.826 0.000 0.000 0.000 0.000 0.000 0.000 0.000 0.000 0.000 0.000 0.000 0.000 0.000 0.000 0.000 0.000 0.000 0.000 0.000 0.000 0.000 0.000 0.000 0.000 0.000 0.000 0.000 0.000
0.000 0.000 0.000 0.000 0.000 0.000 0.000 0.000 0.000 0.000 0.000 0.000 0.000 0.000 0.000 0.000 0.000 0.000 0.000 0.053 0.790 0.794 0.790 0.787 0.782 0.764 0.747 0.741 0.745 0.740 0.726 0.719 0.720 0.769 0.784 0.796 0.799 0.801 0.806 0.809 0.812 0.824 0.836 0.832 0.828 0.822 0.821 0.823 0.000 0.000 0.000 0.000 0.000 0.000 0.000 0.000 0.000 0.000 0.000 0.000 0.000 0.000 0.000 0.000 0.000 0.000 0.000 0.000 0.000 0.000 0.000 0.000 0.000 0.000 0.000 0.000 0.000
0.000 0.000 0.000 0.000 0.000 0.000 0.000 0.000 0.000 0.000 0.000 0.000 0.000 0.000 0.000 0.000 0.000 0.000 0.000 0.000 0.783 0.793 0.789 0.787 0.784 0.777 0.770 0.765 0.771 0.775 0.779 0.782 0.786 0.789 0.794 0.796 0.799 0.802 0.805 0.810 0.816 0.822 0.828 0.821 0.823 0.820 0.820 0.000 0.000 0.000 0.000 0.000 0.000 0.000 0.000 0.000 0.000 0.000 0.000 0.000 0.000 0.000 0.000 0.000 0.000 0.000 0.000 0.000 0.000 0.000 0.000 0.000 0.000 0.000 0.000 0.000 0.000
