LISFLOOD_FP/Result/4_LISFLOOD_FP/combined_output/combined_angle_45_x_0_y_0/out.inittm
ncols         192
nrows         192
xllcorner     1771145.000000
yllcorner     5471774.000000
cellsize      10.000000
NODATA_value  -9999.000000
[rows 87 to 115 of 192, columns 66 to 131 of 192]
0.871 0.901 0.894 -9999.000 0.973 0.952 0.984 0.937 -9999.000 0.862 0.860 -9999.000 0.971 -9999.000 0.799 0.795 -9999.000 -9999.000 -9999.000 0.869 0.874 0.890 0.878 0.904 -9999.000 -9999.000 -9999.000 -9999.000 -9999.000 -9999.000 -9999.000 -9999.000 0.845 0.870 -9999.000 0.865 -9999.000 -9999.000 -9999.000 0.686 -9999.000 0.656 -9999.000 -9999.000 0.924 -9999.000 -9999.000 -9999.000 0.711 0.703 0.698 0.690 0.672 0.880 -9999.000 -9999.000 -9999.000 0.999 -9999.000 -9999.000 -9999.000 -9999.000 -9999.000 -9999.000 -9999.000 -9999.000
0.869 0.945 0.854 0.858 0.871 0.869 0.952 0.932 0.948 -9999.000 0.850 0.842 0.840 0.836 0.996 0.787 0.784 0.824 -9999.000 0.866 -9999.000 -9999.000 0.874 0.855 0.818 0.859 0.861 0.890 0.837 0.831 -9999.000 -9999.000 0.840 0.818 0.820 0.859 0.964 -9999.000 0.703 0.676 0.654 0.652 -9999.000 -9999.000 -9999.000 -9999.000 -9999.000 -9999.000 0.796 0.774 -9999.000 0.614 0.653 0.708 -9999.000 -9999.000 0.993 0.937 0.928 0.975 -9999.000 -9999.000 -9999.000 -9999.000 -9999.000 -9999.000
0.846 0.845 0.851 0.854 0.859 0.861 0.867 0.909 -9999.000 0.894 0.890 -9999.000 -9999.000 0.832 0.805 0.795 0.778 0.816 0.857 0.861 0.839 0.816 0.811 0.805 0.812 0.900 0.871 0.868 0.832 0.825 0.962 0.942 0.838 0.757 0.764 0.768 0.794 0.822 -9999.000 -9999.000 0.646 0.645 -9999.000 -9999.000 -9999.000 -9999.000 -9999.000 -9999.000 -9999.000 -9999.000 0.618 0.594 0.624 0.705 0.879 -9999.000 -9999.000 0.816 0.733 0.732 -9999.000 -9999.000 -9999.000 -9999.000 -9999.000 -9999.000
0.842 0.841 0.847 0.855 0.858 0.860 0.863 0.868 0.899 0.905 0.892 -9999.000 -9999.000 -9999.000 -9999.000 0.796 0.772 0.770 0.835 0.948 -9999.000 -9999.000 -9999.000 0.802 -9999.000 -9999.000 -9999.000 0.861 -9999.000 0.818 0.726 -9999.000 -9999.000 0.752 0.910 0.981 0.802 0.820 0.850 0.647 0.637 0.640 0.623 0.605 0.585 -9999.000 -9999.000 -9999.000 0.666 0.560 0.595 0.587 0.615 0.683 0.676 0.728 0.839 0.711 0.693 0.673 0.664 0.718 -9999.000 -9999.000 -9999.000 -9999.000
0.869 0.838 0.916 0.863 0.879 0.883 0.871 0.865 0.870 0.882 0.998 -9999.000 -9999.000 0.815 0.813 0.799 0.855 0.761 0.758 0.795 0.883 0.889 -9999.000 0.784 0.777 -9999.000 -9999.000 0.854 -9999.000 0.803 0.712 0.732 -9999.000 0.732 -9999.000 0.988 -9999.000 0.853 0.657 0.844 0.626 -9999.000 0.592 0.571 0.563 0.600 0.674 0.558 0.544 0.547 0.559 0.559 0.563 0.596 0.595 -9999.000 0.600 0.630 -9999.000 0.629 0.596 0.613 -9999.000 -9999.000 -9999.000 -9999.000
0.821 0.830 -9999.000 0.857 0.860 0.862 0.863 0.861 0.857 0.855 -9999.000 -9999.000 0.929 0.921 -9999.000 0.932 -9999.000 0.758 0.753 0.749 0.781 -9999.000 0.892 0.805 0.742 -9999.000 0.720 0.722 0.981 0.697 0.695 0.693 0.688 0.690 0.691 -9999.000 -9999.000 -9999.000 0.652 0.651 0.620 0.602 0.566 0.561 0.557 0.552 0.543 0.540 0.537 0.541 0.640 0.550 0.537 0.533 0.551 0.557 0.562 0.555 0.626 0.584 0.573 0.579 0.656 -9999.000 -9999.000 -9999.000
0.828 0.835 0.981 0.845 0.857 -9999.000 -9999.000 0.860 0.858 0.848 0.867 0.925 0.939 0.925 0.945 0.938 -9999.000 0.843 0.754 0.737 0.734 0.723 0.706 0.701 0.704 0.709 0.711 0.718 0.721 0.736 0.698 0.691 0.685 0.683 0.667 0.662 0.657 0.642 0.641 0.625 0.622 0.618 0.565 0.560 0.546 0.542 0.538 0.536 0.533 0.526 0.518 0.515 0.516 0.516 0.525 0.552 0.865 0.522 0.514 0.537 0.551 0.559 0.572 0.570 0.623 -9999.000
0.830 0.833 0.841 0.843 0.902 0.905 0.993 0.920 0.914 0.845 0.841 0.896 -9999.000 -9999.000 -9999.000 -9999.000 -9999.000 -9999.000 0.844 0.791 -9999.000 -9999.000 0.799 0.695 0.716 0.759 0.747 0.742 0.740 0.906 0.778 0.871 0.999 0.674 0.667 0.663 0.979 0.646 -9999.000 -9999.000 0.626 0.622 -9999.000 0.558 0.553 0.565 0.604 0.634 -9999.000 -9999.000 0.519 0.505 0.502 0.495 0.499 0.514 0.521 0.516 0.496 0.496 0.511 0.561 0.553 0.553 0.566 0.633
0.845 0.845 -9999.000 0.883 0.887 0.905 0.894 0.968 0.961 0.843 0.838 0.890 0.961 -9999.000 -9999.000 0.979 0.972 -9999.000 0.854 -9999.000 0.907 -9999.000 -9999.000 0.693 -9999.000 0.764 0.750 -9999.000 0.749 -9999.000 0.787 -9999.000 0.750 0.726 0.721 0.655 0.652 0.649 -9999.000 -9999.000 0.637 -9999.000 -9999.000 0.574 0.574 -9999.000 -9999.000 -9999.000 -9999.000 -9999.000 -9999.000 0.504 0.518 0.489 0.485 0.506 0.674 0.642 0.489 0.472 0.485 0.542 0.543 0.532 0.522 0.534
-9999.000 0.908 -9999.000 -9999.000 0.911 0.901 0.891 0.883 0.874 0.870 0.823 0.892 0.892 0.899 0.905 -9999.000 0.865 0.862 0.857 -9999.000 0.727 -9999.000 0.725 0.687 0.739 0.860 0.759 -9999.000 0.760 -9999.000 0.796 -9999.000 0.754 -9999.000 0.934 -9999.000 0.661 0.651 0.939 0.646 0.643 -9999.000 0.733 0.758 0.658 -9999.000 -9999.000 -9999.000 -9999.000 -9999.000 -9999.000 0.493 0.489 0.486 0.483 0.491 0.488 0.483 0.470 0.467 0.460 0.524 0.494 0.483 0.493 0.626
-9999.000 -9999.000 -9999.000 -9999.000 -9999.000 -9999.000 0.912 0.892 0.893 -9999.000 0.818 0.812 0.822 0.816 0.957 -9999.000 0.881 0.968 0.869 -9999.000 0.715 0.705 0.700 0.681 0.700 -9999.000 0.748 0.742 -9999.000 0.972 0.965 0.847 0.713 -9999.000 0.820 0.849 0.672 0.658 0.655 0.650 0.645 -9999.000 0.730 0.667 0.661 0.703 -9999.000 -9999.000 -9999.000 -9999.000 -9999.000 0.590 0.487 0.484 0.474 0.476 0.533 0.592 0.465 0.451 0.455 0.454 0.459 0.472 0.586 -9999.000
0.787 -9999.000 -9999.000 -9999.000 -9999.000 -9999.000 -9999.000 0.905 0.913 0.977 0.827 0.801 0.816 0.811 0.812 0.831 -9999.000 0.852 0.847 0.843 0.815 0.870 0.905 0.678 0.687 0.712 -9999.000 0.736 0.777 -9999.000 -9999.000 -9999.000 0.706 0.739 0.772 -9999.000 0.757 0.862 0.658 0.879 0.883 0.729 -9999.000 0.733 -9999.000 0.729 -9999.000 -9999.000 -9999.000 -9999.000 -9999.000 -9999.000 -9999.000 0.485 0.470 0.464 0.459 0.454 0.450 0.446 0.428 0.442 0.709 0.535 -9999.000 -9999.000
0.521 0.840 0.806 -9999.000 -9999.000 -9999.000 -9999.000 -9999.000 -9999.000 0.914 0.816 0.789 0.781 0.799 0.800 0.810 0.814 0.857 -9999.000 -9999.000 -9999.000 0.795 0.691 0.675 0.667 0.655 -9999.000 0.647 1.000 0.637 0.657 0.695 0.699 -9999.000 0.782 0.815 -9999.000 0.720 0.662 0.673 0.686 0.720 0.804 0.737 0.737 0.732 -9999.000 -9999.000 -9999.000 -9999.000 -9999.000 -9999.000 -9999.000 0.504 0.465 0.460 0.457 0.481 0.474 0.430 0.423 0.389 0.460 0.524 -9999.000 0.503
0.354 0.355 0.359 0.381 0.510 0.527 -9999.000 -9999.000 -9999.000 -9999.000 0.877 0.812 0.774 0.781 0.787 0.792 0.796 0.860 -9999.000 0.853 0.850 0.802 0.830 -9999.000 0.641 0.638 0.635 0.640 0.930 0.629 0.626 0.628 -9999.000 0.788 0.784 0.908 0.725 0.978 0.670 0.676 0.695 -9999.000 0.774 -9999.000 0.740 0.735 -9999.000 -9999.000 -9999.000 -9999.000 -9999.000 -9999.000 -9999.000 0.572 0.470 0.457 0.446 0.443 0.434 0.424 0.354 0.331 0.423 0.509 -9999.000 0.353
0.351 0.350 0.348 0.347 0.345 0.344 0.343 0.343 0.809 -9999.000 0.910 0.846 0.768 0.776 0.781 0.786 0.791 0.825 0.863 0.858 -9999.000 -9999.000 -9999.000 0.654 0.638 0.636 0.632 -9999.000 0.681 0.677 0.606 0.623 -9999.000 -9999.000 -9999.000 0.763 0.716 0.707 0.675 0.679 0.682 0.694 0.757 0.803 -9999.000 -9999.000 -9999.000 -9999.000 -9999.000 -9999.000 -9999.000 -9999.000 -9999.000 0.473 0.458 0.454 0.451 0.448 -9999.000 0.442 0.435 0.311 0.418 0.374 0.356 0.351
0.353 0.350 0.347 0.345 0.343 0.342 0.340 0.339 0.338 0.341 0.859 -9999.000 0.763 0.771 0.776 0.782 0.789 0.798 0.840 0.862 -9999.000 0.799 0.795 0.687 0.662 -9999.000 0.630 -9999.000 0.886 0.559 0.603 -9999.000 -9999.000 -9999.000 -9999.000 -9999.000 0.711 0.710 0.717 0.744 -9999.000 0.964 0.760 0.775 -9999.000 0.988 -9999.000 0.859 0.863 -9999.000 -9999.000 -9999.000 0.672 -9999.000 0.453 0.448 0.443 0.439 0.341 -9999.000 -9999.000 0.295 0.319 0.358 0.354 0.237
0.551 0.519 0.424 0.357 0.346 0.345 0.339 0.338 0.336 0.335 0.335 0.342 0.518 -9999.000 -9999.000 0.850 0.845 0.843 0.842 0.867 0.950 0.945 0.712 0.690 -9999.000 -9999.000 0.618 0.615 0.546 0.539 -9999.000 0.656 -9999.000 -9999.000 -9999.000 -9999.000 0.621 0.704 0.719 -9999.000 -9999.000 0.774 0.762 0.772 0.916 0.982 0.809 0.834 0.889 0.833 0.687 0.681 0.506 0.482 0.477 0.456 0.450 0.437 0.323 0.310 0.293 0.277 0.291 -9999.000 -9999.000 0.223
-9999.000 0.835 0.487 0.522 0.459 0.849 0.342 0.337 0.335 0.334 0.332 0.330 0.329 0.334 -9999.000 -9999.000 0.933 0.863 0.826 0.891 -9999.000 -9999.000 -9999.000 -9999.000 -9999.000 0.677 0.674 0.562 0.554 0.535 -9999.000 0.651 0.625 -9999.000 -9999.000 -9999.000 0.619 0.622 0.945 0.662 0.656 0.972 0.778 0.802 0.787 0.775 0.772 0.756 0.752 0.749 0.695 0.688 -9999.000 -9999.000 0.486 0.543 0.460 0.411 0.342 0.329 0.487 0.207 0.556 0.446 0.417 0.412
-9999.000 0.461 0.522 0.496 0.492 0.490 0.435 0.455 0.344 0.335 0.332 0.329 0.328 0.326 0.325 -9999.000 -9999.000 -9999.000 0.815 0.972 -9999.000 -9999.000 0.284 -9999.000 0.976 0.925 0.568 0.565 0.572 0.526 0.524 0.547 0.571 0.575 0.619 0.549 0.553 0.851 0.947 0.733 0.652 0.568 -9999.000 -9999.000 0.814 0.833 0.826 0.813 0.838 0.968 0.844 0.791 0.834 -9999.000 0.515 -9999.000 0.663 0.403 -9999.000 0.411 0.250 0.189 -9999.000 0.436 0.436 0.572
0.447 0.454 -9999.000 0.850 -9999.000 -9999.000 -9999.000 -9999.000 -9999.000 -9999.000 0.556 -9999.000 0.332 0.325 0.322 0.321 0.441 0.798 0.808 -9999.000 -9999.000 0.307 0.277 0.271 0.305 -9999.000 0.572 -9999.000 0.844 0.512 0.522 0.541 -9999.000 -9999.000 0.580 0.544 0.568 0.972 0.654 0.652 0.648 0.560 0.567 0.659 -9999.000 0.855 0.868 0.962 0.845 0.852 0.737 0.741 -9999.000 0.843 -9999.000 0.632 0.455 0.391 0.383 0.194 0.161 0.170 0.437 0.425 0.434 -9999.000
0.443 0.443 0.544 -9999.000 -9999.000 -9999.000 -9999.000 -9999.000 -9999.000 -9999.000 -9999.000 -9999.000 0.898 -9999.000 0.321 0.318 0.316 0.320 -9999.000 -9999.000 0.600 -9999.000 0.274 0.263 0.261 0.273 -9999.000 0.496 0.499 0.509 0.668 -9999.000 -9999.000 -9999.000 -9999.000 0.537 0.535 0.554 0.683 -9999.000 -9999.000 0.555 -9999.000 -9999.000 -9999.000 0.868 0.871 0.874 -9999.000 -9999.000 0.734 0.739 0.743 0.806 -9999.000 -9999.000 0.616 0.448 0.181 0.160 0.150 0.164 -9999.000 0.143 0.473 0.076
0.441 0.437 0.435 0.453 0.774 -9999.000 -9999.000 -9999.000 0.841 -9999.000 -9999.000 -9999.000 -9999.000 -9999.000 -9999.000 0.319 0.314 0.311 0.309 0.600 0.590 0.295 0.263 0.259 0.257 0.255 0.261 0.490 0.495 -9999.000 0.672 -9999.000 -9999.000 -9999.000 -9999.000 0.540 0.525 0.594 0.585 0.563 0.491 0.488 -9999.000 0.530 0.550 -9999.000 -9999.000 -9999.000 0.644 -9999.000 0.732 -9999.000 0.775 0.792 -9999.000 0.475 0.362 0.244 0.159 0.643 0.142 0.371 -9999.000 0.133 0.126 0.076
0.508 0.468 0.425 0.419 0.417 0.415 0.438 0.447 0.563 -9999.000 -9999.000 0.924 -9999.000 -9999.000 -9999.000 -9999.000 0.378 0.311 0.307 0.306 0.489 0.298 0.335 0.423 0.282 0.251 0.249 0.272 -9999.000 -9999.000 0.678 0.683 -9999.000 -9999.000 0.566 0.525 0.522 0.514 0.594 0.664 -9999.000 0.486 0.514 0.517 0.900 0.615 0.559 0.633 0.638 0.701 0.703 0.762 0.880 -9999.000 0.261 0.176 0.168 0.163 0.151 0.143 0.135 0.304 0.519 0.148 0.079 0.077
0.468 0.465 0.452 0.444 0.422 0.412 0.413 0.416 0.419 0.447 0.468 0.466 -9999.000 -9999.000 -9999.000 -9999.000 -9999.000 0.313 0.310 0.302 0.301 -9999.000 -9999.000 -9999.000 -9999.000 0.285 0.246 0.244 -9999.000 -9999.000 0.698 0.730 -9999.000 0.884 -9999.000 0.583 0.642 0.510 0.507 0.503 0.913 0.479 0.921 0.895 0.537 0.540 0.556 0.558 0.868 -9999.000 0.875 -9999.000 -9999.000 0.192 0.181 0.178 0.173 0.197 0.179 -9999.000 0.131 0.127 0.121 0.082 0.080 0.078
0.484 0.728 0.446 0.443 0.431 0.410 0.429 0.436 0.433 0.467 0.466 0.465 0.460 0.439 0.436 -9999.000 -9999.000 0.756 0.318 0.306 0.297 0.296 -9999.000 -9999.000 -9999.000 -9999.000 0.257 0.236 0.253 0.350 -9999.000 -9999.000 -9999.000 0.876 0.863 0.666 0.633 0.622 0.756 0.491 0.467 0.470 0.510 0.512 0.533 0.544 -9999.000 0.576 0.581 -9999.000 -9999.000 0.432 0.193 0.180 0.174 0.171 0.166 0.161 0.157 0.136 0.128 -9999.000 0.656 0.083 0.081 0.080
0.473 0.468 0.454 0.448 0.445 0.407 0.405 0.767 0.492 0.915 -9999.000 0.811 0.457 0.436 0.430 -9999.000 -9999.000 -9999.000 -9999.000 0.435 0.297 0.292 0.334 -9999.000 -9999.000 -9999.000 0.330 0.233 0.231 0.225 0.251 -9999.000 -9999.000 -9999.000 -9999.000 -9999.000 0.636 0.865 -9999.000 -9999.000 0.466 0.534 -9999.000 0.518 0.521 -9999.000 -9999.000 -9999.000 -9999.000 -9999.000 0.172 0.173 0.169 0.167 0.164 0.179 0.173 0.169 0.440 0.159 0.123 -9999.000 -9999.000 0.083 0.083 0.090
0.476 0.471 0.469 0.452 0.447 0.414 0.398 0.397 0.487 -9999.000 -9999.000 -9999.000 0.494 0.441 0.417 0.423 0.441 -9999.000 -9999.000 0.327 0.320 0.290 0.288 0.287 -9999.000 -9999.000 0.292 0.285 0.226 0.220 0.218 0.220 0.228 0.247 0.338 -9999.000 -9999.000 -9999.000 0.442 0.436 0.440 0.514 -9999.000 0.956 -9999.000 -9999.000 -9999.000 -9999.000 0.231 0.187 0.167 0.167 0.162 0.157 0.158 0.158 0.183 0.951 -9999.000 -9999.000 0.121 -9999.000 -9999.000 0.136 0.085 0.086
0.491 0.691 0.822 0.842 0.983 -9999.000 0.924 0.392 0.390 -9999.000 -9999.000 -9999.000 -9999.000 0.455 0.412 0.414 0.409 0.466 -9999.000 -9999.000 -9999.000 0.424 -9999.000 0.272 0.288 0.295 -9999.000 -9999.000 0.389 0.219 0.213 0.210 0.209 0.208 0.210 0.221 0.280 0.409 0.598 0.412 -9999.000 -9999.000 0.514 -9999.000 0.643 0.261 0.190 0.175 0.171 0.165 0.162 0.158 0.156 0.152 0.147 0.148 0.147 -9999.000 -9999.000 0.206 0.112 -9999.000 -9999.000 0.091 0.089 0.088
-9999.000 -9999.000 -9999.000 -9999.000 -9999.000 -9999.000 -9999.000 -9999.000 0.379 0.377 -9999.000 -9999.000 0.499 0.411 0.407 0.413 0.406 0.406 0.404 -9999.000 -9999.000 0.414 0.431 0.269 0.265 0.923 -9999.000 -9999.000 -9999.000 0.260 0.210 0.207 0.204 0.202 0.201 0.203 0.204 0.211 0.216 0.212 0.206 0.201 0.196 0.191 0.185 0.178 0.173 0.168 0.163 0.159 0.156 0.151 0.148 0.143 0.142 0.139 0.133 0.584 -9999.000 -9999.000 0.110 0.197 0.094 0.091 0.090 0.090
