LISFLOOD_FP/Result/4_LISFLOOD_FP/combined_output/combined_angle_45_x_0_y_0/out.dem
ncols         192
nrows         192
xllcorner     1771145.000000
yllcorner     5471774.000000
cellsize      10.000000
NODATA_value  -9999.000000
[rows 90 to 119 of 192, columns 0 to 65 of 192]
10000000000.000 10000000000.000 10000000000.000 10000000000.000 10000000000.000 10000000000.000 10000000000.000 10000000000.000 10000000000.000 10000000000.000 10000000000.000 10000000000.000 10000000000.000 10000000000.000 10000000000.000 10000000000.000 10000000000.000 10000000000.000 10000000000.000 10000000000.000 10000000000.000 10000000000.000 10000000000.000 10000000000.000 10000000000.000 10000000000.000 10000000000.000 10000000000.000 10000000000.000 10000000000.000 10000000000.000 10000000000.000 10000000000.000 10000000000.000 12.661 15.237 14.751 13.395 10.704 6.688 6.611 6.676 6.695 6.806 13.312 7.749 7.307 7.492 8.578 8.523 10.465 15.598 13.602 7.312 7.692 7.450 15.984 14.698 17.147 9.103 6.402 6.519 6.611 7.174 7.191 7.514
10000000000.000 10000000000.000 10000000000.000 10000000000.000 10000000000.000 10000000000.000 10000000000.000 10000000000.000 10000000000.000 10000000000.000 10000000000.000 10000000000.000 10000000000.000 10000000000.000 10000000000.000 10000000000.000 10000000000.000 10000000000.000 10000000000.000 10000000000.000 10000000000.000 10000000000.000 10000000000.000 10000000000.000 10000000000.000 10000000000.000 10000000000.000 10000000000.000 10000000000.000 10000000000.000 10000000000.000 10000000000.000 10000000000.000 6.743 11.326 14.434 8.589 13.544 8.081 6.634 6.590 6.631 6.677 7.226 14.341 7.966 7.348 7.526 8.002 9.739 15.030 14.944 9.382 5.961 5.769 5.726 6.930 6.639 6.676 6.383 5.992 6.023 6.114 6.237 6.284 7.459
10000000000.000 10000000000.000 10000000000.000 10000000000.000 10000000000.000 10000000000.000 10000000000.000 10000000000.000 10000000000.000 10000000000.000 10000000000.000 10000000000.000 10000000000.000 10000000000.000 10000000000.000 10000000000.000 10000000000.000 10000000000.000 10000000000.000 10000000000.000 10000000000.000 10000000000.000 10000000000.000 10000000000.000 10000000000.000 10000000000.000 10000000000.000 10000000000.000 10000000000.000 10000000000.000 10000000000.000 10000000000.000 6.703 6.703 7.106 8.084 11.813 8.215 8.423 6.780 6.461 6.535 6.594 7.392 14.037 9.900 8.941 10.799 8.271 10.059 16.241 15.312 6.612 5.691 5.846 6.145 6.297 6.416 6.379 6.364 6.319 6.289 6.289 6.358 6.416 6.444
10000000000.000 10000000000.000 10000000000.000 10000000000.000 10000000000.000 10000000000.000 10000000000.000 10000000000.000 10000000000.000 10000000000.000 10000000000.000 10000000000.000 10000000000.000 10000000000.000 10000000000.000 10000000000.000 10000000000.000 10000000000.000 10000000000.000 10000000000.000 10000000000.000 10000000000.000 10000000000.000 10000000000.000 10000000000.000 10000000000.000 10000000000.000 10000000000.000 10000000000.000 10000000000.000 10000000000.000 6.469 6.782 6.948 9.410 10.358 11.801 13.615 8.020 11.333 6.754 6.427 6.637 6.926 7.215 7.226 7.321 7.161 8.283 7.832 6.758 6.114 5.784 6.089 6.314 6.404 6.331 6.394 6.512 6.593 6.679 6.666 6.635 6.653 6.804 7.357
10000000000.000 10000000000.000 10000000000.000 10000000000.000 10000000000.000 10000000000.000 10000000000.000 10000000000.000 10000000000.000 10000000000.000 10000000000.000 10000000000.000 10000000000.000 10000000000.000 10000000000.000 10000000000.000 10000000000.000 10000000000.000 10000000000.000 10000000000.000 10000000000.000 10000000000.000 10000000000.000 10000000000.000 10000000000.000 10000000000.000 10000000000.000 10000000000.000 10000000000.000 10000000000.000 6.524 6.408 8.032 7.243 9.591 7.330 6.676 8.681 13.460 7.679 7.773 6.707 6.667 6.782 6.851 6.854 7.170 7.958 7.557 7.623 5.737 5.642 6.050 6.181 6.189 6.327 6.453 6.540 6.560 6.619 7.151 6.959 7.039 7.122 7.170 7.222
10000000000.000 10000000000.000 10000000000.000 10000000000.000 10000000000.000 10000000000.000 10000000000.000 10000000000.000 10000000000.000 10000000000.000 10000000000.000 10000000000.000 10000000000.000 10000000000.000 10000000000.000 10000000000.000 10000000000.000 10000000000.000 10000000000.000 10000000000.000 10000000000.000 10000000000.000 10000000000.000 10000000000.000 10000000000.000 10000000000.000 10000000000.000 10000000000.000 10000000000.000 6.495 6.377 6.488 7.155 7.837 8.031 6.242 6.358 6.575 11.221 11.752 8.249 7.009 6.689 6.800 6.928 7.130 7.691 7.551 7.635 6.108 5.821 5.908 6.276 6.414 6.473 6.512 6.628 6.749 6.625 6.802 7.298 7.065 7.160 7.375 7.317 7.584
10000000000.000 10000000000.000 10000000000.000 10000000000.000 10000000000.000 10000000000.000 10000000000.000 10000000000.000 10000000000.000 10000000000.000 10000000000.000 10000000000.000 10000000000.000 10000000000.000 10000000000.000 10000000000.000 10000000000.000 10000000000.000 10000000000.000 10000000000.000 10000000000.000 10000000000.000 10000000000.000 10000000000.000 10000000000.000 10000000000.000 10000000000.000 10000000000.000 6.223 7.136 6.707 8.956 8.817 6.451 6.338 6.228 6.774 11.272 11.543 13.218 12.756 7.594 7.054 6.933 6.911 7.096 7.609 7.714 6.362 6.087 6.098 6.896 6.742 8.566 9.158 9.410 9.809 14.828 9.117 9.980 8.174 7.988 7.389 10.091 15.879 8.055
10000000000.000 10000000000.000 10000000000.000 10000000000.000 10000000000.000 10000000000.000 10000000000.000 10000000000.000 10000000000.000 10000000000.000 10000000000.000 10000000000.000 10000000000.000 10000000000.000 10000000000.000 10000000000.000 10000000000.000 10000000000.000 10000000000.000 10000000000.000 10000000000.000 10000000000.000 10000000000.000 10000000000.000 10000000000.000 10000000000.000 10000000000.000 6.615 6.599 9.333 13.270 7.283 9.308 6.561 6.236 6.629 7.273 7.815 7.210 7.360 13.309 11.213 11.141 11.722 7.097 8.477 7.705 6.551 6.307 6.287 7.477 23.790 16.567 20.758 26.476 26.161 28.294 26.718 20.695 23.998 27.636 18.468 9.321 17.675 22.876 27.420
10000000000.000 10000000000.000 10000000000.000 10000000000.000 10000000000.000 10000000000.000 10000000000.000 10000000000.000 10000000000.000 10000000000.000 10000000000.000 10000000000.000 10000000000.000 10000000000.000 10000000000.000 10000000000.000 10000000000.000 10000000000.000 10000000000.000 10000000000.000 10000000000.000 10000000000.000 10000000000.000 10000000000.000 10000000000.000 10000000000.000 8.189 6.081 11.483 9.839 6.747 7.316 6.481 6.906 6.935 10.985 7.457 9.036 7.707 7.070 8.427 14.177 15.212 10.941 7.514 7.717 6.947 6.452 10.126 8.255 9.245 22.235 25.113 26.811 26.276 25.699 20.145 20.351 23.729 22.828 25.641 17.548 6.987 13.214 19.186 16.633
10000000000.000 10000000000.000 10000000000.000 10000000000.000 10000000000.000 10000000000.000 10000000000.000 10000000000.000 10000000000.000 10000000000.000 10000000000.000 10000000000.000 10000000000.000 10000000000.000 10000000000.000 10000000000.000 10000000000.000 10000000000.000 10000000000.000 10000000000.000 10000000000.000 10000000000.000 10000000000.000 10000000000.000 10000000000.000 7.847 6.020 10.468 9.153 7.725 6.265 6.797 6.722 10.142 11.516 7.609 6.913 10.223 7.304 7.298 11.975 18.107 15.250 12.482 8.173 7.663 6.364 6.255 9.175 12.896 8.833 10.482 10.126 16.379 19.201 13.350 10.026 14.417 20.396 19.904 12.487 8.456 7.310 6.559 7.441 7.721
10000000000.000 10000000000.000 10000000000.000 10000000000.000 10000000000.000 10000000000.000 10000000000.000 10000000000.000 10000000000.000 10000000000.000 10000000000.000 10000000000.000 10000000000.000 10000000000.000 10000000000.000 10000000000.000 10000000000.000 10000000000.000 10000000000.000 10000000000.000 10000000000.000 10000000000.000 10000000000.000 10000000000.000 7.342 7.227 8.295 5.707 6.024 6.193 6.370 9.883 6.933 6.785 8.047 7.907 7.694 9.748 9.390 11.135 18.508 12.411 13.686 7.928 8.656 6.944 6.105 6.311 6.926 8.852 13.061 10.436 8.549 7.117 8.223 8.745 7.608 6.234 6.899 6.072 5.396 5.455 5.565 5.417 5.441 5.475
10000000000.000 10000000000.000 10000000000.000 10000000000.000 10000000000.000 10000000000.000 10000000000.000 10000000000.000 10000000000.000 10000000000.000 10000000000.000 10000000000.000 10000000000.000 10000000000.000 10000000000.000 10000000000.000 10000000000.000 10000000000.000 10000000000.000 10000000000.000 10000000000.000 10000000000.000 10000000000.000 8.108 6.376 8.377 8.144 6.916 6.176 9.368 13.924 6.836 11.517 7.458 7.361 10.083 7.354 8.773 12.404 16.206 13.565 15.076 11.285 8.590 12.385 6.289 6.051 7.974 11.478 11.944 7.381 7.262 10.611 10.355 7.410 5.072 5.052 5.065 5.060 5.261 5.252 5.243 5.242 5.436 5.268 5.363
10000000000.000 10000000000.000 10000000000.000 10000000000.000 10000000000.000 10000000000.000 10000000000.000 10000000000.000 10000000000.000 10000000000.000 10000000000.000 10000000000.000 10000000000.000 10000000000.000 10000000000.000 10000000000.000 10000000000.000 10000000000.000 10000000000.000 10000000000.000 10000000000.000 10000000000.000 9.252 7.991 6.256 6.315 6.670 6.400 13.969 14.094 14.728 7.307 7.528 6.715 9.797 7.656 7.503 11.776 11.767 7.470 15.291 13.616 9.433 8.783 12.698 6.246 6.846 9.810 7.838 8.530 7.251 8.645 7.028 5.762 4.981 4.865 4.918 5.134 5.166 5.267 6.293 7.472 7.998 8.810 6.810 6.200
10000000000.000 10000000000.000 10000000000.000 10000000000.000 10000000000.000 10000000000.000 10000000000.000 10000000000.000 10000000000.000 10000000000.000 10000000000.000 10000000000.000 10000000000.000 10000000000.000 10000000000.000 10000000000.000 10000000000.000 10000000000.000 10000000000.000 10000000000.000 10000000000.000 7.196 7.802 6.705 5.551 5.894 6.183 6.736 10.920 8.239 10.060 6.371 6.330 7.680 9.028 9.314 15.593 13.408 11.057 8.718 12.917 16.253 8.850 8.776 14.748 6.566 10.328 10.936 7.442 11.351 7.456 6.402 5.358 4.826 4.918 5.092 5.070 5.145 5.276 5.951 12.124 18.471 23.267 24.461 19.863 10.775
10000000000.000 10000000000.000 10000000000.000 10000000000.000 10000000000.000 10000000000.000 10000000000.000 10000000000.000 10000000000.000 10000000000.000 10000000000.000 10000000000.000 10000000000.000 10000000000.000 10000000000.000 10000000000.000 10000000000.000 10000000000.000 10000000000.000 10000000000.000 5.537 5.546 6.384 8.538 6.149 5.992 6.946 14.877 7.363 10.044 8.830 6.336 6.405 9.853 9.120 15.094 11.056 12.584 11.236 15.189 13.464 14.622 10.840 14.448 13.008 7.379 12.360 8.417 8.898 6.107 6.368 4.904 4.710 4.984 5.009 5.056 5.166 5.309 5.887 11.309 20.361 24.436 23.339 26.903 22.343 26.835
10000000000.000 10000000000.000 10000000000.000 10000000000.000 10000000000.000 10000000000.000 10000000000.000 10000000000.000 10000000000.000 10000000000.000 10000000000.000 10000000000.000 10000000000.000 10000000000.000 10000000000.000 10000000000.000 10000000000.000 10000000000.000 10000000000.000 6.723 5.619 5.507 5.597 6.195 5.940 6.714 11.391 7.135 6.801 7.034 8.320 9.586 6.534 9.412 14.350 9.515 14.307 17.664 16.481 26.077 15.020 9.415 15.566 15.285 17.129 8.800 8.707 8.908 5.394 5.592 4.725 4.716 4.855 4.851 5.083 5.488 6.343 6.584 7.435 10.075 20.745 8.334 9.979 17.630 19.776 26.209
10000000000.000 10000000000.000 10000000000.000 10000000000.000 10000000000.000 10000000000.000 10000000000.000 10000000000.000 10000000000.000 10000000000.000 10000000000.000 10000000000.000 10000000000.000 10000000000.000 10000000000.000 10000000000.000 10000000000.000 10000000000.000 7.847 8.116 5.919 5.517 5.735 7.780 6.856 10.231 6.520 9.168 6.335 7.170 8.612 8.454 8.295 12.760 12.336 13.550 22.448 20.241 20.440 17.850 17.594 9.474 17.517 20.099 20.349 9.149 6.470 5.215 4.572 4.632 4.734 4.733 4.909 5.478 6.318 6.960 7.379 9.083 7.067 7.276 7.673 7.719 7.008 7.821 8.212 8.696
10000000000.000 10000000000.000 10000000000.000 10000000000.000 10000000000.000 10000000000.000 10000000000.000 10000000000.000 10000000000.000 10000000000.000 10000000000.000 10000000000.000 10000000000.000 10000000000.000 10000000000.000 10000000000.000 10000000000.000 7.438 6.139 5.659 6.179 5.975 5.921 5.805 5.829 9.115 9.517 8.524 6.489 7.697 9.241 8.832 12.962 11.938 13.799 19.222 14.652 20.171 21.823 10.004 9.531 11.531 13.594 13.987 12.141 7.951 5.436 4.679 4.574 4.581 4.545 4.951 7.564 16.141 7.981 8.354 6.946 7.030 7.473 7.598 6.983 7.086 7.183 6.916 7.148 7.183
10000000000.000 10000000000.000 10000000000.000 10000000000.000 10000000000.000 10000000000.000 10000000000.000 10000000000.000 10000000000.000 10000000000.000 10000000000.000 10000000000.000 10000000000.000 10000000000.000 10000000000.000 10000000000.000 11.941 8.402 6.099 6.118 8.229 5.565 6.016 5.931 6.018 6.779 6.551 8.738 8.295 6.642 7.272 7.926 7.066 11.886 17.209 18.209 12.474 20.600 21.824 12.756 11.103 13.233 18.888 10.099 13.519 14.378 4.696 4.500 4.462 4.459 4.676 6.109 13.703 19.521 9.756 6.887 7.672 8.001 7.915 7.452 6.715 6.644 6.896 6.836 6.982 7.464
10000000000.000 10000000000.000 10000000000.000 10000000000.000 10000000000.000 10000000000.000 10000000000.000 10000000000.000 10000000000.000 10000000000.000 10000000000.000 10000000000.000 10000000000.000 10000000000.000 10000000000.000 8.814 7.982 6.509 6.608 5.479 5.576 5.709 5.718 8.427 5.878 6.073 6.049 6.718 7.592 9.590 7.277 10.645 6.910 9.728 14.739 16.129 11.230 16.708 13.840 9.485 10.212 11.960 20.862 18.575 10.320 6.183 4.550 4.440 4.552 4.567 5.289 6.064 17.984 16.873 10.025 6.727 9.614 8.497 6.979 6.630 6.514 6.651 6.706 6.671 6.921 8.151
10000000000.000 10000000000.000 10000000000.000 10000000000.000 10000000000.000 10000000000.000 10000000000.000 10000000000.000 10000000000.000 10000000000.000 10000000000.000 10000000000.000 10000000000.000 10000000000.000 6.790 10.251 6.721 9.353 5.397 7.270 5.659 9.493 6.400 6.150 6.080 6.477 6.300 10.281 6.834 6.988 9.892 9.652 7.453 9.123 7.962 7.705 12.081 19.526 7.624 9.903 8.532 20.063 18.643 9.617 10.655 4.937 4.380 4.401 4.363 4.717 5.284 6.571 7.351 7.037 7.394 8.275 6.933 6.470 6.396 6.543 6.648 6.811 6.833 6.985 7.028 7.996
10000000000.000 10000000000.000 10000000000.000 10000000000.000 10000000000.000 10000000000.000 10000000000.000 10000000000.000 10000000000.000 10000000000.000 10000000000.000 10000000000.000 10000000000.000 14.692 7.663 5.700 6.568 7.115 5.812 5.660 7.130 6.020 6.910 9.655 10.486 14.726 6.898 6.417 6.611 7.337 13.397 11.555 7.802 7.355 7.475 10.450 8.809 9.258 6.647 6.848 13.757 17.005 14.985 8.467 5.813 4.537 4.317 4.340 4.360 4.937 6.038 6.574 6.879 6.777 7.036 6.773 6.200 6.267 6.419 7.222 7.867 8.203 7.984 8.366 8.174 7.712
10000000000.000 10000000000.000 10000000000.000 10000000000.000 10000000000.000 10000000000.000 10000000000.000 10000000000.000 10000000000.000 10000000000.000 10000000000.000 10000000000.000 5.986 6.860 5.617 5.241 5.383 6.496 9.307 6.483 6.181 6.092 6.639 9.392 16.556 23.259 13.724 7.409 6.586 11.219 9.604 11.468 7.380 15.495 7.978 9.302 7.949 8.798 13.130 11.585 14.615 21.622 13.716 8.211 5.435 4.374 4.199 4.184 4.607 5.753 6.544 6.506 6.862 7.679 6.875 5.966 5.987 6.200 7.460 7.409 8.082 8.256 7.867 7.978 8.063 8.237
10000000000.000 10000000000.000 10000000000.000 10000000000.000 10000000000.000 10000000000.000 10000000000.000 10000000000.000 10000000000.000 10000000000.000 10000000000.000 10000000000.000 8.602 8.418 6.232 5.936 5.351 6.451 6.037 7.470 6.928 7.567 13.453 11.866 13.756 24.094 25.968 11.740 6.702 7.236 12.089 7.559 7.160 8.284 10.745 16.630 12.552 15.848 18.119 12.006 14.878 11.807 13.075 14.535 4.520 4.282 4.048 4.317 5.371 5.801 6.599 6.449 6.649 7.544 6.141 5.670 5.943 6.233 7.491 7.735 7.356 9.312 8.376 7.648 7.955 8.230
10000000000.000 10000000000.000 10000000000.000 10000000000.000 10000000000.000 10000000000.000 10000000000.000 10000000000.000 10000000000.000 10000000000.000 10000000000.000 10000000000.000 10000000000.000 7.083 7.820 5.299 5.402 5.440 6.358 6.969 10.211 13.962 19.776 27.426 19.537 19.647 17.619 7.968 10.805 7.244 7.221 14.997 8.026 13.934 11.094 10.599 16.430 18.303 18.408 17.769 17.028 18.231 10.305 6.368 4.340 4.084 4.151 5.270 5.657 7.897 7.139 7.232 6.098 8.070 5.801 5.664 5.656 6.830 7.574 8.723 6.936 9.558 10.862 9.884 8.180 8.318
10000000000.000 10000000000.000 10000000000.000 10000000000.000 10000000000.000 10000000000.000 10000000000.000 10000000000.000 10000000000.000 10000000000.000 10000000000.000 10000000000.000 10000000000.000 10000000000.000 5.841 5.558 6.212 6.352 6.382 7.718 10.992 26.532 25.459 20.319 21.251 23.238 14.420 7.565 15.922 7.275 6.770 6.838 7.890 14.868 16.841 14.651 13.270 19.845 15.195 13.427 10.577 21.096 10.697 7.938 4.183 4.119 5.052 5.799 5.961 8.247 6.639 6.919 7.748 5.771 5.771 5.619 6.363 7.434 7.421 7.270 7.150 9.448 14.787 16.270 15.090 12.741
10000000000.000 10000000000.000 10000000000.000 10000000000.000 10000000000.000 10000000000.000 10000000000.000 10000000000.000 10000000000.000 10000000000.000 10000000000.000 10000000000.000 10000000000.000 10000000000.000 10000000000.000 5.896 5.816 5.773 8.222 25.274 21.949 18.929 24.380 15.526 27.473 18.400 11.759 20.620 11.322 6.925 6.722 6.443 6.319 7.067 11.878 20.363 6.208 12.603 7.917 20.435 19.516 20.693 18.016 5.205 4.068 6.538 5.723 5.858 6.628 7.696 8.224 8.713 6.307 5.613 5.584 6.175 7.570 7.182 6.937 7.024 7.299 10.767 18.360 21.375 20.566 23.704
10000000000.000 10000000000.000 10000000000.000 10000000000.000 10000000000.000 10000000000.000 10000000000.000 10000000000.000 10000000000.000 10000000000.000 10000000000.000 10000000000.000 10000000000.000 10000000000.000 10000000000.000 10000000000.000 6.073 7.848 19.794 23.183 22.185 25.649 21.974 18.620 17.986 15.064 24.221 20.350 10.653 6.973 7.038 7.777 6.295 5.624 6.019 13.779 7.641 9.505 13.188 26.604 26.647 21.893 14.130 5.330 4.082 5.275 5.656 5.683 8.711 6.460 8.250 8.262 6.123 5.894 5.657 7.276 7.055 7.524 6.278 7.038 7.252 11.540 19.148 25.295 26.355 26.927
10000000000.000 10000000000.000 10000000000.000 10000000000.000 10000000000.000 10000000000.000 10000000000.000 10000000000.000 10000000000.000 10000000000.000 10000000000.000 10000000000.000 10000000000.000 10000000000.000 10000000000.000 10000000000.000 10000000000.000 16.621 18.102 23.813 22.366 20.828 19.128 18.376 14.075 18.012 17.077 20.188 8.122 7.165 11.289 17.752 14.672 5.764 5.195 5.959 5.779 5.413 6.860 14.341 26.139 25.675 16.887 4.939 4.174 5.107 5.694 17.267 14.683 10.010 7.436 7.343 5.852 5.854 5.857 7.504 6.848 8.025 6.991 6.920 6.707 12.438 17.471 23.450 27.953 29.552
10000000000.000 10000000000.000 10000000000.000 10000000000.000 10000000000.000 10000000000.000 10000000000.000 10000000000.000 10000000000.000 10000000000.000 10000000000.000 10000000000.000 10000000000.000 10000000000.000 10000000000.000 10000000000.000 10000000000.000 10000000000.000 24.704 16.834 20.772 25.433 11.885 16.602 23.050 19.440 19.036 11.209 7.416 7.618 24.925 23.404 21.730 8.521 5.240 4.811 5.011 5.248 5.504 6.156 16.464 21.104 19.438 4.400 4.505 6.039 5.384 17.253 7.614 9.632 8.610 5.702 5.804 5.667 5.939 7.445 7.024 8.493 6.917 6.748 6.781 8.046 13.290 19.272 25.720 31.123
