LISFLOOD_FP/Result/4_LISFLOOD_FP/combined_output/combined_angle_45_x_0_y_0/out.dem
ncols         192
nrows         192
xllcorner     1771145.000000
yllcorner     5471774.000000
cellsize      10.000000
NODATA_value  -9999.000000
[rows 60 to 89 of 192, columns 66 to 131 of 192]
13.529 9.066 10.699 10.623 9.049 10.006 11.862 11.108 13.714 10.496 10.233 12.521 11.983 12.156 12.648 12.764 13.187 10.576 16.095 12.379 15.969 13.414 13.225 11.118 11.230 18.226 15.428 13.972 12.694 11.657 11.525 11.638 11.748 11.895 12.129 14.919 13.864 12.471 12.635 14.724 14.864 12.530 12.098 11.839 14.389 15.088 13.356 13.366 12.663 14.521 13.752 14.618 15.776 16.660 13.481 13.112 13.233 17.643 17.484 17.227 14.716 15.242 16.525 14.173 15.849 15.428
8.801 8.469 11.117 8.806 11.264 11.670 10.966 12.518 11.045 12.292 12.122 11.984 10.363 11.756 10.657 12.581 14.987 11.233 13.433 14.748 14.687 10.870 10.614 10.554 11.889 11.524 17.286 11.962 15.612 15.091 13.546 12.246 13.198 13.864 13.515 12.442 14.158 12.462 15.760 12.747 15.488 13.579 12.360 11.646 12.421 13.765 17.121 13.129 15.634 13.130 14.451 13.425 15.789 14.843 13.182 13.130 15.285 13.441 15.599 14.161 14.943 15.642 16.752 13.828 14.512 29.105
10.179 8.273 8.580 10.653 10.584 8.999 12.204 14.913 19.636 11.283 10.676 11.088 9.602 10.052 12.767 13.433 17.285 18.350 15.314 12.515 12.598 11.096 13.740 12.585 10.686 13.126 14.326 13.792 13.247 13.437 14.133 12.685 12.290 15.071 14.327 12.836 12.656 15.474 12.428 12.483 12.575 15.362 12.463 11.717 12.231 15.111 15.530 15.237 15.020 14.336 16.000 17.661 13.517 13.030 13.029 13.157 13.327 14.737 14.530 17.595 15.573 13.815 16.509 14.124 14.441 22.724
8.051 8.058 8.221 8.187 8.295 8.455 8.518 8.865 8.877 8.975 8.668 8.634 8.576 11.319 12.546 15.032 12.355 14.485 14.234 11.865 13.635 12.360 10.911 10.474 10.357 10.805 12.788 14.730 11.632 11.697 12.233 13.261 11.939 12.319 12.521 11.872 14.107 12.820 12.625 12.348 12.518 13.035 15.989 11.890 11.854 12.627 15.992 13.598 15.636 14.121 13.476 13.054 12.974 12.889 13.143 13.405 13.436 14.008 15.627 13.651 18.561 13.588 13.691 14.118 18.875 23.288
8.281 8.165 10.340 9.221 10.115 8.849 8.584 8.784 8.802 13.359 11.892 9.299 8.649 9.767 14.947 10.405 9.756 9.921 11.424 10.579 18.607 11.358 10.096 11.714 10.572 9.865 10.335 12.640 11.517 13.688 13.714 15.919 14.369 19.114 13.788 12.852 15.192 17.347 15.224 12.896 12.331 13.498 13.418 12.085 19.969 15.156 13.743 15.729 16.489 15.208 15.528 15.156 15.291 13.129 13.912 16.143 16.437 13.611 13.459 17.857 13.532 13.605 13.874 14.889 24.821 19.812
10.362 10.319 8.940 11.450 10.867 10.388 12.376 12.051 11.903 15.036 11.992 12.940 11.372 10.155 14.922 9.866 9.416 10.661 10.978 10.927 11.729 11.313 13.736 10.545 9.701 9.681 9.710 10.407 12.868 13.818 12.048 13.454 12.177 15.746 13.946 15.442 13.103 15.087 18.393 16.360 13.809 15.274 14.206 12.664 14.438 16.019 13.839 13.500 16.551 12.972 13.214 15.070 15.072 14.857 15.838 19.157 16.517 13.499 13.365 13.525 13.631 13.498 18.375 23.674 16.240 17.216
10.737 8.701 11.295 9.308 10.772 10.031 12.655 10.592 11.960 10.320 11.915 10.882 9.555 12.840 12.729 9.507 9.878 15.068 13.719 13.592 10.970 11.330 10.659 10.054 9.961 10.197 11.549 11.296 12.038 13.382 12.053 14.546 14.862 15.176 14.394 12.333 12.623 12.437 13.807 17.805 18.476 18.464 15.509 15.150 16.462 16.193 14.580 15.183 13.182 13.275 12.507 12.592 12.999 14.447 14.071 15.196 13.570 13.280 13.374 13.476 13.737 14.152 13.650 14.001 13.684 13.712
9.036 9.290 9.917 9.965 9.121 10.889 8.713 8.944 11.537 13.077 11.707 14.558 11.455 9.676 10.696 9.458 9.734 9.923 9.594 10.124 10.694 12.816 12.915 10.130 9.190 10.493 11.258 11.205 13.744 12.221 13.750 13.113 12.149 15.397 16.459 16.750 12.109 11.983 11.549 12.260 14.875 12.845 15.500 13.453 12.983 17.030 14.401 13.536 17.807 15.168 15.903 12.526 13.545 14.256 15.337 14.601 13.115 13.191 13.127 14.790 13.368 13.344 13.576 13.563 13.445 13.561
9.704 8.885 7.392 11.378 9.840 12.262 8.648 8.222 8.850 10.816 11.700 11.114 9.198 9.905 13.190 10.260 12.105 10.708 13.868 12.202 10.582 11.226 10.480 9.983 9.278 11.004 12.463 11.510 12.754 12.241 14.656 12.546 17.292 16.843 13.499 11.936 13.550 12.127 11.934 11.529 17.353 13.479 13.720 14.757 15.719 14.299 13.341 14.754 13.537 19.281 14.574 13.620 15.489 12.574 13.412 13.316 13.172 13.340 16.335 13.406 13.360 13.358 13.262 13.479 13.596 13.317
9.142 8.872 9.218 9.934 14.707 15.141 12.367 10.260 9.754 11.738 11.716 11.336 12.163 13.040 10.487 9.641 14.315 12.474 13.479 17.508 10.651 13.203 13.342 14.146 9.451 11.440 12.752 14.026 13.884 12.426 14.732 16.856 20.662 14.974 13.942 16.607 12.509 14.862 12.955 16.662 14.286 17.458 13.051 13.252 14.256 16.252 13.665 15.493 14.550 14.419 16.514 14.025 19.229 15.070 13.556 13.135 13.641 13.296 15.042 13.354 13.291 13.271 13.306 13.254 13.499 13.282
10.052 8.700 12.198 11.471 12.464 10.640 10.420 11.009 10.053 9.023 10.858 11.452 11.754 10.375 10.695 11.292 10.597 12.382 13.897 10.906 10.232 11.161 10.418 13.411 9.561 14.617 11.773 15.013 12.571 12.087 13.541 14.733 11.290 12.812 12.117 12.893 13.534 15.407 12.526 14.643 14.302 12.617 15.107 14.610 13.693 18.697 14.607 13.293 14.100 14.279 15.998 15.010 20.267 14.047 14.015 13.831 18.147 16.828 13.943 15.813 13.348 13.275 13.346 14.775 17.290 13.924
8.045 11.452 11.296 9.722 10.585 11.089 11.906 9.475 9.974 9.094 9.543 9.911 12.788 10.753 10.395 12.545 9.920 11.895 10.287 12.126 11.341 12.422 10.802 10.163 10.068 14.476 13.226 13.273 13.542 12.623 11.049 11.042 10.899 13.541 15.543 13.782 12.342 13.486 12.357 14.305 13.003 13.858 15.135 15.351 19.606 14.446 16.618 16.105 12.874 15.833 15.598 15.328 13.557 13.225 13.981 19.422 17.011 16.566 16.467 17.011 14.962 13.540 15.961 19.415 19.090 16.849
9.566 8.848 9.721 8.925 13.787 15.443 14.929 8.831 9.666 12.093 10.450 11.474 13.167 9.450 9.737 12.553 9.767 13.257 12.951 12.587 12.127 12.490 14.125 11.073 10.407 11.579 14.202 16.881 13.387 13.408 10.645 11.080 11.009 14.359 15.417 13.951 13.952 14.733 15.494 12.938 14.868 12.928 15.709 14.725 13.453 18.561 14.876 14.374 12.928 13.269 14.634 12.951 13.117 13.265 15.953 14.292 14.007 16.522 16.647 15.030 15.999 20.481 19.016 17.549 15.226 18.363
7.864 7.470 7.445 7.561 8.444 13.285 10.216 8.478 8.645 8.838 8.810 8.964 9.589 11.747 9.670 9.928 13.438 10.511 10.315 10.209 10.303 12.386 13.551 10.599 18.088 16.488 14.070 16.108 14.279 12.476 11.296 10.976 14.757 12.250 13.286 14.363 14.892 15.998 12.900 12.609 15.023 13.614 13.541 13.259 16.588 12.804 18.132 16.759 15.513 13.040 14.294 13.262 13.276 13.241 13.625 17.780 17.226 14.499 14.571 15.778 22.666 22.467 22.119 18.113 21.872 18.525
7.676 7.761 7.762 7.780 7.990 8.136 8.304 8.204 8.077 8.333 8.359 8.489 8.670 10.655 11.328 9.023 9.495 9.507 9.413 10.016 9.951 9.977 10.051 9.716 15.217 15.151 16.349 13.397 15.580 19.508 18.993 11.394 17.513 14.689 13.792 14.452 15.225 15.465 12.517 13.642 12.378 16.259 18.759 16.005 13.269 15.307 16.204 20.952 13.524 13.294 13.187 13.403 14.367 15.634 14.116 18.036 18.272 14.426 18.977 22.158 22.369 22.526 18.011 21.091 18.671 18.713
7.440 7.566 7.629 7.880 7.809 7.852 8.002 8.291 8.412 8.368 8.446 8.590 8.651 8.768 9.006 9.120 9.164 9.186 9.418 9.540 9.586 9.693 9.669 9.567 9.883 9.920 11.175 9.674 10.962 11.739 11.199 10.523 10.549 10.951 11.005 12.375 11.264 11.710 12.972 12.511 11.462 12.890 16.955 12.987 14.090 17.349 14.237 14.567 14.655 13.282 13.358 14.055 13.888 13.820 25.800 13.917 18.928 21.456 23.053 22.104 21.779 17.355 15.777 14.989 15.893 13.839
8.891 9.550 9.897 8.647 8.317 7.709 8.123 12.729 15.845 8.806 8.232 8.366 8.471 11.060 8.678 9.436 9.014 11.583 12.285 9.328 9.307 11.643 12.412 9.593 9.648 10.336 11.783 9.732 9.885 10.098 10.192 10.283 10.593 10.794 10.747 10.945 11.204 11.345 11.481 11.612 11.721 11.733 11.875 11.963 12.890 12.351 14.061 14.065 13.277 13.264 21.109 14.033 17.413 16.159 16.085 14.998 14.220 20.788 22.672 21.498 14.212 13.758 13.985 13.844 15.107 14.509
11.078 8.637 10.680 9.091 10.892 10.185 8.340 9.450 11.262 9.374 8.111 8.326 9.501 9.610 9.231 9.187 9.107 9.312 9.410 11.238 9.340 10.773 13.840 10.064 10.152 13.782 17.012 9.822 11.646 9.928 10.054 10.057 10.091 10.986 12.691 10.796 11.518 13.484 11.588 11.734 11.950 11.831 11.929 12.238 12.667 15.890 14.896 12.930 12.908 14.492 22.723 18.330 16.362 15.719 14.407 15.190 14.785 13.536 18.034 13.882 13.491 13.510 14.435 14.007 14.768 19.073
10.642 8.222 9.857 8.044 10.189 10.855 8.325 9.236 11.160 9.093 10.498 8.981 8.720 9.609 11.457 9.312 9.390 12.712 12.700 10.055 12.076 10.509 10.233 10.435 10.669 15.917 11.320 15.555 12.269 11.213 10.257 10.111 10.001 12.029 11.507 14.087 14.245 11.856 14.676 15.680 19.278 12.616 12.120 12.108 14.368 17.187 18.481 12.704 13.119 16.800 21.828 18.237 14.401 12.909 15.830 16.269 16.447 13.172 12.942 12.868 16.440 15.436 15.133 14.188 13.892 19.769
7.757 7.863 7.844 8.260 8.318 8.705 8.083 9.868 10.482 9.565 11.108 8.786 8.811 10.627 14.805 10.232 9.638 9.678 9.842 10.103 12.691 10.560 13.249 10.433 10.016 12.401 11.512 10.208 12.974 10.363 12.848 13.257 10.608 12.410 10.821 13.707 12.450 11.997 11.769 14.454 13.335 11.787 11.497 12.765 16.397 17.301 12.390 16.258 15.104 12.448 16.180 20.775 17.888 12.807 12.788 13.838 18.146 15.069 13.692 12.839 13.002 13.472 14.552 15.888 13.746 16.365
7.558 9.783 10.318 8.479 9.342 11.117 8.712 9.759 9.160 12.055 10.989 9.225 8.970 9.795 14.497 9.994 9.904 9.574 9.704 12.351 11.649 13.414 10.343 9.942 13.262 13.391 11.868 10.458 12.313 10.423 12.276 12.971 10.305 10.706 10.730 13.303 14.948 13.814 12.577 14.495 11.765 13.429 13.195 14.376 11.938 11.913 16.341 18.438 13.559 12.975 17.832 14.914 19.612 13.293 13.011 14.354 13.633 18.377 13.858 13.031 12.851 13.086 13.562 14.696 13.990 14.573
8.069 10.218 10.180 10.297 8.450 8.139 10.270 11.508 9.234 10.086 16.924 9.689 9.261 10.477 13.634 9.903 10.286 10.414 9.885 10.802 14.472 11.863 10.840 13.250 13.393 14.990 14.711 10.979 12.150 10.456 12.088 12.913 10.443 12.389 12.445 13.874 12.532 13.749 12.474 13.524 11.862 13.992 11.894 11.943 11.483 11.904 15.002 15.930 15.626 13.070 13.161 13.706 17.567 19.295 16.599 13.308 15.068 14.145 17.583 15.495 13.171 12.836 12.756 13.543 13.693 15.834
13.849 12.894 9.973 12.983 9.770 9.913 8.738 14.364 9.686 11.446 10.801 9.517 9.567 9.671 9.675 9.956 10.416 13.142 10.879 13.740 11.242 12.632 11.455 11.261 11.793 12.754 11.662 11.451 13.977 10.459 10.502 14.027 11.328 13.088 14.243 12.233 12.467 11.849 12.806 11.384 13.113 11.747 13.582 11.274 11.980 11.844 15.296 12.909 16.405 16.043 15.078 16.352 14.046 13.979 17.430 13.519 18.850 14.717 14.058 15.884 14.860 13.069 12.850 13.931 14.202 13.735
12.828 9.890 9.144 10.462 8.041 8.376 11.420 10.616 14.133 12.714 11.491 11.289 9.406 9.816 11.451 10.447 14.514 11.856 10.531 10.195 12.315 11.271 10.405 10.848 10.382 10.822 11.745 13.608 11.576 14.130 12.654 13.202 11.291 10.823 12.252 12.679 13.524 11.199 11.996 11.529 11.474 12.954 11.077 10.004 11.270 12.557 16.545 12.621 12.617 13.720 13.589 13.655 15.455 13.916 13.507 15.389 16.799 15.559 15.090 14.365 16.846 14.647 15.458 12.859 13.127 13.601
12.021 10.585 10.612 11.490 9.757 9.209 9.779 9.561 9.539 10.133 11.588 11.532 9.546 9.955 14.635 11.728 11.792 10.451 10.345 10.695 13.610 11.910 12.505 11.076 10.685 15.252 10.886 14.567 11.686 14.418 11.708 11.427 11.960 10.299 10.753 14.171 17.092 14.774 13.205 12.083 12.882 10.852 9.956 10.578 11.351 12.104 12.405 12.399 12.408 12.618 14.419 13.730 13.399 16.140 16.590 13.928 13.517 16.210 14.025 15.434 13.160 14.994 14.987 13.682 12.932 12.618
14.692 11.192 10.696 11.340 11.794 11.636 11.185 12.629 9.767 10.882 13.015 9.956 9.476 9.613 11.893 15.964 12.747 12.849 10.806 13.154 9.966 11.158 13.255 10.444 10.995 11.732 10.661 11.288 10.984 13.270 13.994 11.000 11.564 10.738 10.671 12.401 18.169 20.148 12.483 18.405 11.035 9.829 10.760 11.156 12.815 13.675 11.940 11.765 12.085 12.319 12.556 15.920 15.604 15.625 14.884 12.483 13.005 14.927 13.050 14.295 15.854 15.744 16.973 22.746 15.149 14.549
7.138 9.772 13.298 10.323 9.412 14.386 9.874 9.722 11.895 9.655 13.061 10.391 10.288 12.316 9.851 11.372 12.113 11.397 10.468 10.481 16.619 11.941 12.825 10.861 10.273 10.972 10.800 11.509 11.264 11.237 11.504 11.150 15.035 13.001 13.961 14.623 12.812 18.247 20.849 14.262 11.232 11.843 11.301 11.796 11.735 13.217 14.817 11.544 11.520 11.615 11.915 12.322 12.425 12.833 12.405 12.626 12.313 12.686 15.802 13.776 15.361 13.855 15.315 15.521 14.351 16.319
6.621 8.408 8.232 14.224 10.140 9.657 10.360 9.200 12.064 9.823 10.050 12.184 11.467 14.004 9.909 9.863 14.120 14.542 12.534 10.434 10.285 10.666 10.534 11.506 13.254 13.159 12.872 16.862 12.359 12.643 12.243 14.227 10.969 11.699 13.912 11.470 13.264 19.086 13.434 11.705 15.107 11.120 13.860 13.679 11.744 14.014 13.302 15.096 11.416 11.469 11.728 12.019 11.940 12.381 13.499 12.395 12.460 12.605 13.568 13.101 13.865 13.358 15.159 21.862 16.415 18.351
7.646 9.447 6.779 6.910 7.563 7.057 9.652 9.176 9.476 11.635 9.548 9.353 10.291 10.462 11.786 9.528 9.509 10.587 13.078 11.044 12.132 13.936 11.208 11.005 10.220 10.897 10.484 11.575 10.733 11.100 12.802 13.876 11.440 11.238 11.225 11.626 12.103 14.317 11.834 11.585 11.377 11.158 13.082 11.629 14.116 11.220 12.564 13.437 11.987 11.835 15.595 11.549 11.849 12.071 13.396 12.445 12.595 12.532 12.519 12.574 14.178 13.549 12.988 15.388 14.613 13.694
7.116 6.776 6.886 6.812 6.998 6.517 6.794 8.638 13.515 10.170 11.180 12.136 12.860 10.780 10.179 9.920 9.324 10.438 11.228 11.047 10.642 10.399 10.537 10.800 10.751 11.527 10.672 11.302 10.961 11.305 12.077 12.053 11.410 10.903 10.794 10.592 10.944 11.271 13.998 13.388 11.336 11.152 14.135 13.754 13.023 14.533 12.303 11.376 13.677 15.122 11.566 11.500 11.750 12.105 12.406 12.784 13.336 12.399 12.252 12.257 12.665 13.783 13.142 17.244 16.835 11.824
