LISFLOOD_FP/Result/4_LISFLOOD_FP/combined_output/combined_angle_45_x_0_y_0/out.inittm
ncols         192
nrows         192
xllcorner     1771145.000000
yllcorner     5471774.000000
cellsize      10.000000
NODATA_value  -9999.000000
[rows 116 to 144 of 192, columns 66 to 131 of 192]
-9999.000 -9999.000 -9999.000 -9999.000 -9999.000 -9999.000 -9999.000 -9999.000 -9999.000 0.360 0.546 -9999.000 0.483 0.388 0.403 0.432 0.403 0.432 0.386 0.439 -9999.000 0.412 0.356 0.350 0.263 0.312 0.432 -9999.000 -9999.000 0.384 0.207 0.203 0.199 0.197 0.194 0.195 0.200 0.207 0.210 0.205 0.201 0.196 0.191 0.186 0.181 0.176 0.171 0.165 0.160 0.155 0.150 0.145 0.141 0.137 0.134 0.129 0.126 0.127 -9999.000 0.119 0.105 0.095 0.093 0.092 0.090 0.092
-9999.000 -9999.000 -9999.000 -9999.000 -9999.000 -9999.000 -9999.000 -9999.000 -9999.000 0.358 0.353 0.395 0.391 0.380 0.434 0.393 0.392 0.389 0.384 0.434 -9999.000 -9999.000 0.401 0.779 0.257 0.255 0.346 -9999.000 0.238 0.221 0.205 0.199 0.196 0.194 0.190 0.192 0.197 0.204 0.212 0.208 0.202 0.198 0.193 0.189 0.181 0.176 0.170 0.165 0.159 0.153 0.147 0.142 0.137 0.133 0.128 0.125 0.122 0.118 0.109 0.103 0.097 0.096 0.094 0.093 0.095 0.099
-9999.000 -9999.000 -9999.000 -9999.000 -9999.000 -9999.000 -9999.000 -9999.000 -9999.000 0.441 0.351 0.344 0.342 0.356 0.345 0.357 0.382 0.383 0.381 0.361 -9999.000 -9999.000 0.409 0.359 -9999.000 0.240 0.238 0.236 0.233 -9999.000 0.219 0.197 0.193 0.190 0.186 0.189 0.193 0.199 0.207 0.213 0.209 0.204 0.201 0.198 0.191 0.185 0.178 0.172 0.166 0.160 0.155 0.150 0.144 0.141 0.143 0.159 0.417 0.860 0.105 0.102 0.099 0.097 0.096 -9999.000 0.124 0.108
-9999.000 -9999.000 -9999.000 -9999.000 -9999.000 -9999.000 -9999.000 -9999.000 -9999.000 0.718 0.390 0.348 0.338 0.333 0.329 0.326 0.396 0.442 0.449 0.340 -9999.000 -9999.000 -9999.000 0.357 -9999.000 0.325 0.241 0.249 0.230 0.228 -9999.000 0.197 0.189 0.186 0.183 0.186 0.190 0.195 0.204 0.212 0.214 0.211 0.206 0.203 0.199 0.190 0.185 0.179 0.174 0.168 0.163 0.156 0.156 0.165 -9999.000 0.294 0.134 0.118 0.103 0.101 0.099 0.098 0.115 -9999.000 -9999.000 0.115
-9999.000 -9999.000 -9999.000 -9999.000 -9999.000 -9999.000 -9999.000 -9999.000 -9999.000 0.468 0.393 0.429 0.395 0.345 0.328 0.323 0.319 0.317 0.314 0.336 0.289 0.290 -9999.000 0.316 0.295 0.289 0.253 0.252 0.507 0.211 0.207 0.231 0.189 0.185 0.181 0.184 0.187 0.192 0.198 0.209 0.220 0.216 0.212 0.207 0.202 0.196 0.190 0.184 0.180 0.174 0.168 0.162 0.231 0.254 0.467 0.170 0.165 -9999.000 0.106 0.102 0.103 0.121 0.423 -9999.000 0.226 0.118
-9999.000 -9999.000 -9999.000 -9999.000 -9999.000 -9999.000 -9999.000 -9999.000 -9999.000 0.429 0.401 0.410 0.436 0.419 0.406 0.398 0.324 0.319 0.312 0.305 0.279 0.263 -9999.000 -9999.000 -9999.000 -9999.000 -9999.000 0.260 0.262 0.262 0.201 0.198 0.194 0.316 0.179 0.182 0.185 0.189 0.196 0.206 0.216 0.220 0.218 0.215 0.210 0.204 0.199 0.192 0.187 0.185 0.213 0.225 0.239 0.265 0.279 -9999.000 -9999.000 -9999.000 0.105 0.103 0.104 0.117 0.947 -9999.000 0.131 0.121
-9999.000 -9999.000 -9999.000 -9999.000 -9999.000 -9999.000 -9999.000 -9999.000 -9999.000 -9999.000 -9999.000 0.420 0.413 0.416 0.416 0.434 0.672 -9999.000 -9999.000 -9999.000 0.392 0.261 0.247 0.245 -9999.000 -9999.000 -9999.000 0.407 0.264 0.265 0.264 0.201 0.226 -9999.000 0.177 0.181 0.466 0.196 0.203 0.208 0.215 0.224 0.223 0.220 0.218 0.212 0.207 0.199 0.242 0.620 -9999.000 0.231 0.239 0.359 -9999.000 -9999.000 -9999.000 0.109 0.105 0.104 0.105 0.111 0.900 0.133 0.129 0.124
-9999.000 -9999.000 -9999.000 -9999.000 -9999.000 -9999.000 -9999.000 -9999.000 -9999.000 -9999.000 -9999.000 -9999.000 0.411 0.400 0.399 0.412 0.881 -9999.000 -9999.000 -9999.000 -9999.000 0.383 0.265 0.225 0.304 -9999.000 -9999.000 0.330 0.266 0.268 0.268 -9999.000 -9999.000 0.330 0.176 0.183 0.188 0.198 0.200 0.204 0.208 0.226 0.230 0.225 0.223 0.218 0.213 0.237 0.496 -9999.000 -9999.000 -9999.000 0.265 0.351 -9999.000 0.135 0.112 0.108 0.106 0.108 0.119 0.181 0.141 0.136 0.132 0.145
-9999.000 -9999.000 -9999.000 -9999.000 -9999.000 -9999.000 -9999.000 -9999.000 -9999.000 -9999.000 -9999.000 -9999.000 -9999.000 0.398 0.394 0.399 0.471 -9999.000 -9999.000 -9999.000 -9999.000 -9999.000 0.338 0.223 0.210 0.208 -9999.000 -9999.000 -9999.000 0.504 0.271 -9999.000 -9999.000 -9999.000 0.174 0.166 0.684 -9999.000 0.958 0.902 0.305 0.232 0.241 0.231 0.228 0.227 0.240 0.544 -9999.000 -9999.000 -9999.000 -9999.000 0.826 0.124 0.116 0.112 0.110 0.109 0.112 0.186 0.128 0.131 0.134 0.141 0.141 0.143
-9999.000 -9999.000 -9999.000 -9999.000 -9999.000 -9999.000 -9999.000 -9999.000 -9999.000 -9999.000 -9999.000 -9999.000 -9999.000 -9999.000 0.389 0.386 0.404 0.418 0.737 0.480 0.423 0.375 0.316 0.313 0.208 0.206 0.199 -9999.000 -9999.000 -9999.000 0.276 -9999.000 0.177 -9999.000 0.462 0.164 0.166 -9999.000 0.179 -9999.000 -9999.000 -9999.000 0.437 0.292 0.269 0.376 -9999.000 -9999.000 -9999.000 0.178 -9999.000 -9999.000 0.143 0.116 0.114 0.113 0.112 0.199 -9999.000 -9999.000 0.389 0.134 0.169 0.143 0.142 0.145
-9999.000 -9999.000 -9999.000 -9999.000 -9999.000 -9999.000 -9999.000 -9999.000 -9999.000 -9999.000 -9999.000 -9999.000 -9999.000 -9999.000 0.395 0.383 0.356 0.354 0.349 0.346 0.338 0.324 0.319 0.316 0.327 0.308 0.191 0.187 0.317 -9999.000 -9999.000 0.153 0.152 0.149 0.161 0.163 0.165 0.167 0.166 0.551 -9999.000 -9999.000 -9999.000 -9999.000 -9999.000 -9999.000 -9999.000 0.418 0.155 0.136 0.145 0.383 0.118 0.116 0.115 0.114 0.163 -9999.000 -9999.000 -9999.000 -9999.000 0.147 0.149 0.145 0.151 0.150
-9999.000 -9999.000 -9999.000 -9999.000 -9999.000 -9999.000 -9999.000 -9999.000 -9999.000 -9999.000 -9999.000 -9999.000 -9999.000 -9999.000 -9999.000 -9999.000 0.355 0.353 0.351 0.353 0.351 0.339 0.329 0.319 0.330 0.412 0.392 0.177 0.169 0.168 0.163 0.154 0.153 0.148 0.146 0.518 -9999.000 0.468 0.149 0.149 0.149 0.154 0.170 0.153 0.385 0.144 0.141 0.131 0.126 0.123 0.121 0.119 0.118 0.117 0.116 0.145 -9999.000 -9999.000 -9999.000 -9999.000 -9999.000 0.149 0.152 0.148 0.153 0.152
-9999.000 -9999.000 -9999.000 -9999.000 -9999.000 -9999.000 -9999.000 -9999.000 -9999.000 -9999.000 -9999.000 -9999.000 -9999.000 -9999.000 -9999.000 0.364 0.357 0.356 0.388 0.388 0.410 0.450 0.392 0.372 0.420 0.429 0.374 0.277 0.171 0.170 0.225 -9999.000 -9999.000 0.161 0.145 0.144 -9999.000 -9999.000 0.143 0.143 0.143 0.144 0.143 0.142 0.140 0.136 0.133 0.132 0.123 0.122 0.121 0.120 0.119 0.119 0.132 -9999.000 -9999.000 -9999.000 -9999.000 0.354 0.173 0.151 0.154 0.151 0.163 -9999.000
-9999.000 -9999.000 -9999.000 -9999.000 -9999.000 -9999.000 -9999.000 -9999.000 -9999.000 -9999.000 -9999.000 -9999.000 -9999.000 -9999.000 0.442 0.361 0.359 0.415 0.392 0.415 0.415 0.423 0.415 0.448 0.517 0.457 0.358 0.201 0.180 0.171 0.189 -9999.000 -9999.000 -9999.000 0.181 0.142 0.141 0.139 0.137 0.136 0.134 0.133 0.131 0.130 0.129 0.128 0.127 0.125 0.125 0.134 0.129 0.124 0.123 0.135 -9999.000 0.196 -9999.000 -9999.000 0.327 0.172 0.164 0.154 0.157 0.155 -9999.000 -9999.000
-9999.000 -9999.000 -9999.000 -9999.000 -9999.000 -9999.000 -9999.000 -9999.000 -9999.000 -9999.000 -9999.000 -9999.000 -9999.000 -9999.000 -9999.000 0.379 0.704 0.417 0.592 -9999.000 0.418 0.432 -9999.000 -9999.000 -9999.000 0.390 0.322 0.219 0.326 0.188 0.189 0.197 -9999.000 -9999.000 -9999.000 -9999.000 0.166 0.140 0.139 0.137 0.136 0.135 0.133 0.131 0.130 0.129 0.128 0.127 -9999.000 -9999.000 -9999.000 0.998 0.145 0.146 0.196 0.192 0.188 0.180 0.172 0.170 0.167 0.157 0.159 -9999.000 -9999.000 -9999.000
-9999.000 -9999.000 -9999.000 -9999.000 -9999.000 -9999.000 -9999.000 -9999.000 -9999.000 -9999.000 -9999.000 -9999.000 -9999.000 -9999.000 -9999.000 -9999.000 -9999.000 -9999.000 -9999.000 -9999.000 0.420 0.435 -9999.000 -9999.000 -9999.000 -9999.000 -9999.000 -9999.000 0.406 0.331 0.196 0.197 0.204 0.460 -9999.000 -9999.000 -9999.000 0.175 0.151 0.150 -9999.000 -9999.000 -9999.000 -9999.000 0.145 -9999.000 0.141 -9999.000 -9999.000 -9999.000 -9999.000 -9999.000 0.199 0.151 0.157 0.161 0.166 0.172 0.173 0.171 0.167 0.160 -9999.000 -9999.000 -9999.000 -9999.000
-9999.000 -9999.000 -9999.000 -9999.000 -9999.000 -9999.000 -9999.000 -9999.000 -9999.000 -9999.000 -9999.000 -9999.000 -9999.000 -9999.000 -9999.000 -9999.000 -9999.000 -9999.000 -9999.000 -9999.000 -9999.000 -9999.000 -9999.000 -9999.000 -9999.000 -9999.000 -9999.000 -9999.000 -9999.000 -9999.000 0.301 0.198 0.203 0.210 0.309 0.356 -9999.000 -9999.000 -9999.000 -9999.000 -9999.000 -9999.000 -9999.000 -9999.000 -9999.000 -9999.000 -9999.000 -9999.000 -9999.000 -9999.000 -9999.000 0.219 0.174 0.155 0.161 0.165 0.172 0.176 0.174 0.172 0.170 -9999.000 -9999.000 -9999.000 -9999.000 -9999.000
-9999.000 -9999.000 -9999.000 -9999.000 -9999.000 -9999.000 -9999.000 -9999.000 -9999.000 -9999.000 -9999.000 -9999.000 -9999.000 -9999.000 -9999.000 -9999.000 -9999.000 -9999.000 -9999.000 -9999.000 -9999.000 -9999.000 -9999.000 -9999.000 -9999.000 -9999.000 -9999.000 -9999.000 -9999.000 -9999.000 -9999.000 0.229 0.205 0.208 0.220 0.260 0.311 0.579 -9999.000 -9999.000 0.281 0.358 0.483 -9999.000 0.283 0.345 0.383 0.341 0.330 0.209 0.193 0.176 0.172 0.159 0.165 0.169 0.174 0.178 0.176 0.174 -9999.000 -9999.000 -9999.000 -9999.000 -9999.000 -9999.000
-9999.000 -9999.000 -9999.000 -9999.000 -9999.000 -9999.000 -9999.000 -9999.000 -9999.000 -9999.000 -9999.000 -9999.000 -9999.000 -9999.000 -9999.000 -9999.000 -9999.000 -9999.000 -9999.000 -9999.000 -9999.000 -9999.000 -9999.000 -9999.000 -9999.000 -9999.000 -9999.000 -9999.000 -9999.000 -9999.000 0.947 0.210 0.206 0.210 0.213 0.218 0.237 0.253 0.260 0.256 0.261 0.275 0.281 0.280 0.231 0.216 0.204 0.201 0.199 0.194 0.192 0.188 0.176 0.165 0.168 0.172 0.179 0.179 0.177 -9999.000 -9999.000 -9999.000 -9999.000 -9999.000 -9999.000 -9999.000
-9999.000 -9999.000 -9999.000 -9999.000 -9999.000 -9999.000 -9999.000 -9999.000 -9999.000 -9999.000 -9999.000 -9999.000 -9999.000 -9999.000 -9999.000 -9999.000 -9999.000 -9999.000 -9999.000 -9999.000 -9999.000 -9999.000 -9999.000 -9999.000 -9999.000 -9999.000 -9999.000 -9999.000 -9999.000 -9999.000 -9999.000 0.217 0.207 0.211 0.213 0.216 0.223 0.230 0.235 0.229 0.225 0.222 0.218 0.215 0.212 0.207 0.204 0.201 0.199 0.195 0.190 0.184 0.179 0.172 0.179 0.178 0.181 0.181 -9999.000 -9999.000 -9999.000 -9999.000 -9999.000 -9999.000 -9999.000 -9999.000
-9999.000 -9999.000 -9999.000 -9999.000 -9999.000 -9999.000 -9999.000 -9999.000 -9999.000 -9999.000 -9999.000 -9999.000 -9999.000 -9999.000 -9999.000 -9999.000 -9999.000 -9999.000 -9999.000 -9999.000 -9999.000 -9999.000 -9999.000 -9999.000 -9999.000 -9999.000 -9999.000 -9999.000 -9999.000 0.275 0.220 0.215 0.211 0.213 0.215 0.220 0.222 0.226 0.229 0.226 0.223 0.219 0.215 0.212 0.209 0.206 0.204 0.201 0.199 0.196 0.193 0.189 0.182 0.176 0.183 0.180 0.184 -9999.000 -9999.000 -9999.000 -9999.000 -9999.000 -9999.000 -9999.000 -9999.000 -9999.000
-9999.000 -9999.000 -9999.000 -9999.000 -9999.000 -9999.000 -9999.000 -9999.000 -9999.000 -9999.000 -9999.000 -9999.000 -9999.000 -9999.000 -9999.000 -9999.000 -9999.000 -9999.000 -9999.000 -9999.000 -9999.000 -9999.000 -9999.000 -9999.000 -9999.000 -9999.000 -9999.000 -9999.000 -9999.000 0.296 0.223 0.215 0.213 0.214 0.319 -9999.000 0.225 0.228 0.226 0.222 0.219 0.216 0.214 0.211 0.209 0.206 0.203 0.201 0.200 0.197 0.194 0.191 0.186 0.180 0.186 0.183 -9999.000 -9999.000 -9999.000 -9999.000 -9999.000 -9999.000 -9999.000 -9999.000 -9999.000 -9999.000
-9999.000 -9999.000 -9999.000 -9999.000 -9999.000 -9999.000 -9999.000 -9999.000 -9999.000 -9999.000 -9999.000 -9999.000 -9999.000 -9999.000 -9999.000 -9999.000 -9999.000 -9999.000 -9999.000 -9999.000 -9999.000 -9999.000 -9999.000 -9999.000 -9999.000 -9999.000 -9999.000 -9999.000 -9999.000 -9999.000 0.253 0.218 0.227 0.217 0.425 -9999.000 0.227 0.226 0.223 0.220 0.218 0.216 0.213 0.210 0.208 0.206 0.203 0.201 0.199 0.197 0.195 0.194 0.190 0.185 0.189 -9999.000 -9999.000 -9999.000 -9999.000 -9999.000 -9999.000 -9999.000 -9999.000 -9999.000 -9999.000 -9999.000
-9999.000 -9999.000 -9999.000 -9999.000 -9999.000 -9999.000 -9999.000 -9999.000 -9999.000 -9999.000 -9999.000 -9999.000 -9999.000 -9999.000 -9999.000 -9999.000 -9999.000 -9999.000 -9999.000 -9999.000 -9999.000 -9999.000 -9999.000 -9999.000 -9999.000 -9999.000 -9999.000 -9999.000 -9999.000 -9999.000 0.287 0.225 0.223 0.221 0.224 -9999.000 0.230 0.226 0.222 0.220 0.218 0.215 0.213 0.210 0.208 0.207 0.204 0.201 0.200 0.198 0.196 0.195 0.193 0.190 -9999.000 -9999.000 -9999.000 -9999.000 -9999.000 -9999.000 -9999.000 -9999.000 -9999.000 -9999.000 -9999.000 -9999.000
-9999.000 -9999.000 -9999.000 -9999.000 -9999.000 -9999.000 -9999.000 -9999.000 -9999.000 -9999.000 -9999.000 -9999.000 -9999.000 -9999.000 -9999.000 -9999.000 -9999.000 -9999.000 -9999.000 -9999.000 -9999.000 -9999.000 -9999.000 -9999.000 -9999.000 -9999.000 -9999.000 0.769 0.638 0.439 0.295 0.245 0.226 0.225 0.226 0.231 0.227 0.225 0.221 0.219 0.216 0.214 0.212 0.210 0.208 0.206 0.205 0.203 0.201 0.200 0.198 0.196 0.195 -9999.000 -9999.000 -9999.000 -9999.000 -9999.000 -9999.000 -9999.000 -9999.000 -9999.000 -9999.000 -9999.000 -9999.000 -9999.000
-9999.000 -9999.000 -9999.000 -9999.000 -9999.000 -9999.000 -9999.000 -9999.000 -9999.000 -9999.000 -9999.000 -9999.000 -9999.000 -9999.000 -9999.000 -9999.000 -9999.000 -9999.000 -9999.000 -9999.000 -9999.000 -9999.000 -9999.000 -9999.000 -9999.000 -9999.000 -9999.000 0.962 0.511 0.434 0.322 0.268 0.234 0.227 0.238 0.229 0.226 0.224 0.222 0.219 0.217 0.216 0.213 0.211 0.209 0.208 0.206 0.204 0.203 0.201 0.199 0.198 -9999.000 -9999.000 -9999.000 -9999.000 -9999.000 -9999.000 -9999.000 -9999.000 -9999.000 -9999.000 -9999.000 -9999.000 -9999.000 -9999.000
-9999.000 -9999.000 -9999.000 -9999.000 -9999.000 -9999.000 -9999.000 -9999.000 -9999.000 -9999.000 -9999.000 -9999.000 -9999.000 -9999.000 -9999.000 -9999.000 -9999.000 -9999.000 -9999.000 -9999.000 -9999.000 -9999.000 -9999.000 -9999.000 -9999.000 -9999.000 -9999.000 0.876 0.685 0.461 0.368 0.323 0.279 0.240 0.233 0.232 0.226 0.224 0.222 0.220 0.218 0.216 0.214 0.213 0.210 0.209 0.207 0.205 0.204 0.203 0.201 -9999.000 -9999.000 -9999.000 -9999.000 -9999.000 -9999.000 -9999.000 -9999.000 -9999.000 -9999.000 -9999.000 -9999.000 -9999.000 -9999.000 -9999.000
-9999.000 -9999.000 -9999.000 -9999.000 -9999.000 -9999.000 -9999.000 -9999.000 -9999.000 -9999.000 -9999.000 -9999.000 -9999.000 -9999.000 -9999.000 -9999.000 -9999.000 -9999.000 -9999.000 -9999.000 -9999.000 -9999.000 -9999.000 -9999.000 -9999.000 -9999.000 -9999.000 -9999.000 0.733 0.580 0.485 -9999.000 -9999.000 0.322 0.235 0.231 0.227 0.225 0.223 0.221 0.219 0.217 0.215 0.214 0.212 0.210 0.208 0.207 0.205 0.204 -9999.000 -9999.000 -9999.000 -9999.000 -9999.000 -9999.000 -9999.000 -9999.000 -9999.000 -9999.000 -9999.000 -9999.000 -9999.000 -9999.000 -9999.000 -9999.000
-9999.000 -9999.000 -9999.000 -9999.000 -9999.000 -9999.000 -9999.000 -9999.000 -9999.000 -9999.000 -9999.000 -9999.000 -9999.000 -9999.000 -9999.000 -9999.000 -9999.000 -9999.000 -9999.000 -9999.000 -9999.000 -9999.000 -9999.000 -9999.000 -9999.000 -9999.000 -9999.000 -9999.000 0.783 0.661 0.597 0.802 -9999.000 0.898 0.316 0.235 0.231 0.229 0.228 0.222 0.220 0.218 0.216 0.214 0.213 0.212 0.210 0.208 0.208 -9999.000 -9999.000 -9999.000 -9999.000 -9999.000 -9999.000 -9999.000 -9999.000 -9999.000 -9999.000 -9999.000 -9999.000 -9999.000 -9999.000 -9999.000 -9999.000 -9999.000
