LISFLOOD_FP/Result/4_LISFLOOD_FP/combined_output/combined_angle_45_x_0_y_0/out.dem
ncols         192
nrows         192
xllcorner     1771145.000000
yllcorner     5471774.000000
cellsize      10.000000
NODATA_value  -9999.000000
[rows 120 to 149 of 192, columns 66 to 131 of 192]
30.989 30.110 29.233 27.762 27.171 25.517 22.917 20.473 17.474 10.803 9.240 10.510 10.103 9.286 9.032 8.962 8.955 9.370 9.800 10.865 9.743 9.815 19.413 9.857 9.041 8.712 6.853 6.305 11.348 8.165 8.700 9.295 8.942 8.958 8.832 8.876 8.954 9.033 9.109 9.243 9.338 9.382 9.418 9.492 9.647 9.697 9.796 9.876 9.969 10.013 10.041 10.070 10.578 10.738 12.342 10.816 11.236 13.263 9.443 8.221 9.662 10.796 12.275 15.744 11.865 10.862
28.161 29.676 27.451 26.086 24.618 23.536 21.042 19.105 14.363 10.531 9.366 9.637 11.073 10.935 10.330 10.625 10.391 10.398 10.325 10.236 9.166 8.186 12.365 20.860 12.741 15.515 12.409 6.807 6.893 9.506 8.706 8.750 8.903 10.267 8.946 8.906 9.003 9.051 9.135 9.212 9.303 9.287 9.440 9.540 9.654 9.748 9.811 9.860 9.959 10.047 10.260 10.397 10.453 10.569 10.449 17.636 14.599 13.089 8.709 7.913 8.040 10.339 12.891 13.221 10.789 10.565
26.613 25.215 22.365 23.224 20.318 17.375 15.354 15.043 15.573 16.349 12.096 10.634 10.364 11.289 11.317 11.546 11.824 12.146 12.139 12.169 11.154 9.615 8.646 9.154 18.411 17.997 13.171 10.609 6.711 7.298 9.652 8.573 9.155 13.069 9.258 9.329 11.332 9.123 9.158 9.215 9.283 9.349 9.421 9.531 9.695 9.743 9.816 9.846 10.272 11.955 12.814 10.290 10.129 10.990 14.003 21.609 20.114 9.005 8.085 7.883 8.387 9.677 12.869 10.543 10.430 10.431
18.963 19.177 19.552 20.537 21.487 20.408 21.044 19.141 18.149 17.515 16.310 14.337 11.084 10.208 10.639 11.191 12.146 12.830 12.868 12.926 12.726 11.174 9.760 7.614 10.343 18.134 23.455 9.946 6.829 6.981 8.638 13.077 16.422 10.577 9.427 10.858 9.855 9.995 9.345 9.303 9.228 9.369 9.475 9.528 9.593 9.694 9.782 10.079 11.552 15.894 15.801 14.737 10.417 11.797 16.194 10.500 9.210 8.054 7.814 8.958 10.387 11.264 10.739 10.510 10.376 11.053
19.132 19.136 22.049 24.396 25.248 23.876 24.183 22.852 22.267 23.252 19.203 16.843 15.361 10.555 10.155 10.674 11.752 12.410 12.842 12.964 12.927 12.785 10.919 9.691 9.234 9.514 13.653 23.330 17.348 11.371 7.493 19.585 20.564 23.068 10.387 9.505 12.411 14.994 12.724 12.251 10.278 9.331 9.660 9.520 9.575 9.720 9.953 11.763 16.242 15.182 12.924 12.979 12.692 9.814 9.204 8.327 7.838 7.625 9.364 11.283 10.582 10.385 10.330 10.753 10.762 9.993
19.947 21.069 24.857 27.677 28.449 27.628 26.739 25.973 25.840 24.398 22.184 20.341 17.923 12.946 9.811 9.875 10.950 11.405 12.146 11.835 11.487 10.779 10.232 10.572 9.857 9.975 9.733 13.777 27.189 17.677 7.366 13.567 10.667 15.230 12.100 9.657 9.242 15.309 10.859 16.553 14.649 13.753 11.135 10.236 10.044 10.708 13.398 14.823 14.773 10.861 13.160 17.931 10.309 8.667 8.141 7.594 8.027 11.373 15.182 22.237 12.091 10.176 11.000 10.399 9.983 9.944
24.382 24.920 27.801 29.532 30.121 29.609 29.190 28.636 29.337 26.830 25.526 22.522 20.455 14.432 10.554 9.997 9.688 9.779 9.649 9.640 9.176 8.457 8.447 9.257 10.949 10.681 9.490 9.445 10.866 17.796 16.584 8.063 7.775 7.100 9.565 9.667 9.924 9.739 10.212 12.377 14.603 14.636 16.127 15.195 13.645 16.105 14.568 12.064 10.233 9.795 10.098 11.909 8.430 7.812 7.504 8.207 10.713 25.923 20.645 25.603 16.168 10.494 10.013 9.982 10.156 9.972
26.795 28.761 30.333 30.012 29.996 30.118 29.651 29.448 29.087 27.973 25.867 22.904 19.869 17.070 14.220 13.058 7.568 8.883 9.391 9.865 9.964 9.222 8.698 8.523 10.108 11.908 11.806 9.279 9.202 10.341 10.029 8.208 8.299 6.814 6.919 12.283 20.597 12.182 9.231 9.248 9.248 9.617 10.471 9.603 11.890 9.634 9.828 9.454 8.989 8.247 8.105 7.773 7.277 7.387 7.858 10.379 24.255 23.834 27.347 26.095 19.640 9.970 9.898 9.790 9.894 9.907
30.489 31.678 31.173 30.066 29.946 29.531 30.855 31.194 29.833 28.035 25.439 22.388 18.515 15.537 13.621 7.347 6.774 8.394 10.327 10.456 11.193 11.718 10.729 10.536 11.429 12.011 11.658 10.435 8.554 9.149 11.216 18.853 18.551 9.703 7.332 8.030 15.800 16.509 8.329 8.369 8.603 8.743 8.882 8.969 8.889 8.702 8.524 9.381 7.544 7.325 7.262 7.257 7.600 8.252 9.858 15.229 27.697 26.358 22.746 11.772 10.356 9.795 9.737 9.766 10.280 100.000
31.881 31.459 30.919 30.592 30.223 31.555 32.615 32.484 30.838 27.805 25.343 20.676 18.527 16.579 11.626 6.559 6.774 11.301 10.466 11.308 11.165 11.387 11.332 11.687 12.266 12.149 11.509 9.865 8.840 7.428 9.325 18.615 23.905 13.806 10.874 7.411 7.389 7.150 6.828 6.964 6.917 7.247 7.217 7.327 7.161 7.198 7.161 7.122 7.817 9.774 9.494 8.438 8.659 9.965 15.468 10.259 19.570 14.720 11.502 10.042 9.756 9.644 9.597 9.571 100.000 100.000
30.062 30.960 32.249 32.999 33.292 34.353 33.967 32.944 31.657 27.383 24.808 22.447 21.915 22.882 18.123 9.405 12.110 8.186 12.018 12.675 10.935 11.502 12.695 13.566 13.718 11.794 10.991 10.217 11.072 9.108 7.918 9.478 12.787 23.624 17.069 15.648 10.240 7.735 6.991 7.053 7.722 8.041 8.008 7.190 7.215 7.350 7.873 7.793 13.542 18.954 23.017 12.808 10.195 10.270 11.099 10.305 10.282 10.114 9.694 9.701 9.620 9.467 9.469 100.000 100.000 100.000
30.131 32.291 34.705 35.750 36.536 36.338 34.509 31.860 28.901 25.613 24.015 24.077 24.448 22.815 23.972 21.671 16.255 16.040 12.983 14.075 10.729 11.508 12.415 13.338 14.225 14.099 14.113 13.082 11.918 11.146 9.110 8.252 8.930 12.189 21.592 19.910 23.356 10.655 9.331 9.280 20.168 18.139 22.596 21.080 9.182 14.515 9.169 19.836 20.906 19.332 24.937 16.443 11.237 10.252 9.842 9.698 9.670 9.640 9.600 9.577 9.449 9.345 100.000 100.000 100.000 100.000
29.474 32.550 34.979 36.910 38.111 36.713 33.775 29.946 27.538 25.235 25.709 25.265 26.250 25.870 26.056 25.577 24.499 22.250 21.478 21.043 17.149 14.601 13.294 13.613 14.197 14.655 15.240 14.901 13.856 13.119 10.596 7.614 8.657 9.199 10.770 11.521 23.791 23.702 20.140 13.100 17.522 20.984 12.844 20.227 17.128 21.583 20.174 22.382 18.922 22.059 13.650 10.533 9.823 9.715 9.546 9.491 9.544 9.475 9.461 9.422 9.384 100.000 100.000 100.000 100.000 100.000
27.065 30.030 33.238 36.447 37.897 36.693 34.558 30.778 26.677 23.497 29.051 28.514 26.476 25.173 24.521 28.562 27.173 26.474 24.652 25.175 24.386 23.489 20.954 14.855 14.837 15.372 15.528 15.280 14.692 13.717 14.481 9.622 8.380 8.605 9.005 9.483 10.814 12.471 13.013 13.167 10.127 11.555 12.307 13.530 10.219 11.408 11.831 11.306 11.192 10.134 9.765 9.433 9.465 9.372 9.428 9.396 9.351 9.359 9.289 9.290 100.000 100.000 100.000 100.000 100.000 100.000
25.502 28.193 31.768 35.009 36.877 36.111 34.135 30.526 27.859 27.195 28.038 27.315 26.346 26.275 24.820 24.332 27.093 28.881 27.123 27.563 26.592 25.496 22.777 16.054 15.349 15.861 15.904 15.312 14.449 13.607 12.721 8.529 8.231 8.561 8.548 8.732 9.036 9.230 9.493 9.349 9.538 10.001 10.110 10.170 9.840 9.701 9.421 9.576 9.595 9.512 9.584 9.566 9.435 9.352 9.208 9.172 9.266 9.227 9.245 100.000 100.000 100.000 100.000 100.000 100.000 100.000
25.691 27.018 30.212 33.901 36.493 36.900 35.903 32.794 31.020 29.808 30.177 31.329 30.394 29.706 30.531 28.208 26.640 28.465 29.238 28.604 27.789 26.162 22.780 19.788 17.413 21.317 19.485 20.821 17.690 12.834 13.624 8.810 7.843 8.246 8.369 8.489 8.755 8.859 9.014 9.009 9.172 9.241 9.246 9.260 9.279 9.233 9.430 9.419 9.442 9.415 9.340 9.338 9.371 9.389 9.386 9.213 9.034 9.078 100.000 100.000 100.000 100.000 100.000 100.000 100.000 100.000
25.300 27.176 28.981 32.516 35.031 36.871 36.235 35.376 35.078 33.059 33.839 35.758 34.071 33.978 33.678 31.523 29.163 29.199 29.602 28.311 26.517 24.874 25.376 20.056 22.290 22.443 23.034 21.834 18.474 10.015 8.534 8.497 8.322 8.317 8.408 8.575 8.552 8.660 8.797 8.943 9.006 9.019 9.035 9.101 9.144 9.223 9.241 9.262 9.290 9.254 9.200 9.163 9.136 9.213 9.282 9.170 9.184 100.000 100.000 100.000 100.000 100.000 100.000 100.000 100.000 100.000
25.249 26.340 27.858 30.100 33.230 35.127 36.303 35.816 35.580 35.555 36.264 37.290 38.124 37.834 36.601 33.903 31.091 31.683 30.433 27.591 26.357 25.370 24.223 22.799 20.907 16.427 23.237 23.225 21.403 10.490 8.390 8.161 8.356 8.158 10.954 14.571 8.565 8.535 8.609 8.644 8.692 8.798 8.853 8.908 8.983 8.977 8.995 9.093 9.151 9.019 8.926 9.022 9.031 8.962 8.972 8.991 100.000 100.000 100.000 100.000 100.000 100.000 100.000 100.000 100.000 100.000
24.702 24.448 26.331 27.890 29.915 32.184 34.966 36.329 37.214 37.350 38.605 40.051 40.670 39.755 37.679 34.693 35.550 34.605 31.369 28.829 25.596 23.878 23.229 23.677 23.131 15.711 14.933 16.439 20.043 18.785 9.268 7.939 8.761 8.261 12.085 14.586 8.221 8.290 8.351 8.443 8.551 8.645 8.676 8.743 8.800 8.912 8.915 8.937 8.904 8.850 8.919 8.894 8.869 8.885 8.817 100.000 100.000 100.000 100.000 100.000 100.000 100.000 100.000 100.000 100.000 100.000
20.651 21.880 23.818 25.285 26.669 29.151 31.257 33.790 37.055 38.027 39.824 40.794 40.684 39.028 38.306 37.556 36.822 34.887 33.161 25.766 24.842 23.432 21.184 17.823 16.093 13.647 13.340 13.059 13.550 18.292 10.271 8.490 8.011 8.490 8.414 12.814 8.378 8.273 8.212 8.382 8.483 8.514 8.606 8.624 8.686 8.690 8.606 8.595 8.759 8.827 8.808 8.810 8.759 8.776 100.000 100.000 100.000 100.000 100.000 100.000 100.000 100.000 100.000 100.000 100.000 100.000
18.367 20.823 24.546 26.592 28.530 31.108 32.631 34.491 36.480 39.724 39.671 38.632 38.287 36.839 35.608 37.600 37.023 34.218 31.878 29.304 26.982 20.211 16.914 13.274 12.383 12.846 13.095 12.658 12.559 12.134 10.475 8.998 7.996 8.557 8.162 8.229 8.145 8.221 8.192 8.233 8.339 8.365 8.434 8.452 8.446 8.477 8.566 8.558 8.662 8.737 8.732 8.696 8.701 100.000 100.000 100.000 100.000 100.000 100.000 100.000 100.000 100.000 100.000 100.000 100.000 100.000
19.613 20.930 24.567 27.070 27.709 28.986 27.016 28.183 31.951 35.890 36.679 34.936 33.694 32.386 30.743 29.772 31.152 28.431 30.717 28.329 21.060 14.685 14.279 13.434 13.518 13.214 13.032 12.788 12.376 12.118 11.039 9.793 8.477 8.037 8.486 7.920 7.940 8.051 8.137 8.133 8.269 8.368 8.345 8.385 8.436 8.505 8.541 8.526 8.592 8.675 8.605 8.655 100.000 100.000 100.000 100.000 100.000 100.000 100.000 100.000 100.000 100.000 100.000 100.000 100.000 100.000
23.155 22.790 24.005 24.700 22.441 20.706 20.163 21.239 23.816 27.604 31.158 33.181 31.818 30.425 28.234 28.218 29.375 27.409 24.734 24.069 19.521 17.089 15.944 15.078 14.326 13.694 13.239 12.725 12.598 12.238 11.681 11.064 10.101 8.523 7.818 7.959 7.453 7.876 7.996 8.119 8.197 8.274 8.347 8.369 8.357 8.414 8.454 8.520 8.537 8.572 8.659 100.000 100.000 100.000 100.000 100.000 100.000 100.000 100.000 100.000 100.000 100.000 100.000 100.000 100.000 100.000
25.747 25.954 25.746 21.699 17.344 17.318 17.608 18.121 18.963 21.747 27.118 30.311 29.948 26.598 25.683 27.364 26.435 25.823 24.635 22.466 20.236 18.041 16.747 15.847 14.781 14.127 13.343 12.842 12.634 12.496 12.306 13.187 20.517 11.036 8.149 8.018 7.758 7.788 7.920 8.070 8.117 8.219 8.255 8.345 8.335 8.387 8.403 8.415 8.428 8.550 100.000 100.000 100.000 100.000 100.000 100.000 100.000 100.000 100.000 100.000 100.000 100.000 100.000 100.000 100.000 100.000
23.659 24.316 23.658 17.965 16.924 17.357 17.403 17.802 18.271 18.592 21.046 23.917 25.005 22.625 23.358 24.480 23.771 23.263 22.131 20.801 18.546 17.163 15.929 14.428 13.846 13.302 13.378 13.065 12.667 12.579 12.515 12.676 13.349 12.739 10.909 8.105 7.988 8.017 8.352 8.061 8.119 8.142 8.124 8.185 8.214 8.241 8.291 8.317 8.505 100.000 100.000 100.000 100.000 100.000 100.000 100.000 100.000 100.000 100.000 100.000 100.000 100.000 100.000 100.000 100.000 100.000
18.791 19.948 18.659 16.973 17.097 17.328 17.541 17.806 18.092 18.218 18.693 19.403 21.720 20.537 21.198 21.314 21.347 20.401 19.227 18.131 17.372 16.076 14.843 13.559 12.915 12.746 12.495 12.667 12.814 12.323 12.483 12.392 12.428 12.492 12.375 10.451 8.955 8.073 7.926 7.927 8.036 8.078 8.093 8.267 7.926 8.263 8.399 8.410 100.000 100.000 100.000 100.000 100.000 100.000 100.000 100.000 100.000 100.000 100.000 100.000 100.000 100.000 100.000 100.000 100.000 100.000
15.716 16.352 16.575 17.119 17.307 17.334 17.602 17.982 18.113 18.160 18.347 18.673 20.443 19.423 19.590 19.400 19.177 18.818 18.295 17.393 16.281 15.087 14.318 13.061 13.085 12.571 12.648 12.962 12.792 12.567 12.535 12.120 12.014 12.051 11.982 12.317 10.770 8.520 7.534 7.627 7.929 8.145 8.127 8.201 8.235 8.271 8.279 100.000 100.000 100.000 100.000 100.000 100.000 100.000 100.000 100.000 100.000 100.000 100.000 100.000 100.000 100.000 100.000 100.000 100.000 100.000
16.225 16.157 16.460 17.034 17.816 17.507 17.691 17.996 18.278 18.291 18.382 19.203 20.233 19.404 19.297 19.268 19.079 18.692 18.150 17.240 16.160 14.681 13.770 13.434 12.807 12.380 12.408 12.338 12.431 12.409 12.337 12.232 12.017 11.900 12.089 14.145 12.017 9.775 7.646 7.680 7.798 7.882 8.078 8.129 8.181 8.203 100.000 100.000 100.000 100.000 100.000 100.000 100.000 100.000 100.000 100.000 100.000 100.000 100.000 100.000 100.000 100.000 100.000 100.000 100.000 100.000
17.282 16.219 16.585 17.038 17.257 17.489 17.793 18.085 18.251 18.422 18.495 18.664 20.658 19.256 20.870 20.469 20.467 19.044 18.137 17.251 15.853 14.293 13.445 13.233 12.677 12.283 12.937 12.441 12.625 12.655 12.645 12.376 12.144 12.048 11.965 11.762 11.516 10.834 8.345 7.612 7.716 7.853 7.964 8.032 8.077 100.000 100.000 100.000 100.000 100.000 100.000 100.000 100.000 100.000 100.000 100.000 100.000 100.000 100.000 100.000 100.000 100.000 100.000 100.000 100.000 100.000
16.142 16.206 17.764 18.986 17.983 17.533 17.856 18.170 18.311 18.437 18.537 18.581 18.699 18.800 19.125 20.202 20.049 20.066 18.608 17.295 15.880 14.464 13.496 12.904 12.545 12.774 12.513 12.402 12.538 12.536 12.486 12.216 12.245 12.146 12.008 11.544 11.394 11.573 8.805 7.599 7.596 7.697 7.786 7.868 100.000 100.000 100.000 100.000 100.000 100.000 100.000 100.000 100.000 100.000 100.000 100.000 100.000 100.000 100.000 100.000 100.000 100.000 100.000 100.000 100.000 100.000
