LISFLOOD_FP/Result/4_LISFLOOD_FP/combined_output/combined_angle_45_x_0_y_0/out.dem
ncols         192
nrows         192
xllcorner     1771145.000000
yllcorner     5471774.000000
cellsize      10.000000
NODATA_value  -9999.000000
[rows 30 to 59 of 192, columns 66 to 131 of 192]
10000000000.000 10000000000.000 10000000000.000 10000000000.000 10000000000.000 10000000000.000 10000000000.000 10000000000.000 10000000000.000 10000000000.000 10000000000.000 10000000000.000 10000000000.000 10000000000.000 10000000000.000 10000000000.000 10000000000.000 10000000000.000 10000000000.000 10000000000.000 10000000000.000 10000000000.000 10000000000.000 10000000000.000 10000000000.000 10000000000.000 10000000000.000 10000000000.000 12.328 13.228 11.327 14.271 10.950 12.378 11.432 11.395 11.666 11.866 10.979 10.934 11.088 12.903 16.327 15.098 11.902 11.678 12.413 11.690 11.764 12.575 15.062 16.233 16.746 20.018 25.807 16.846 21.924 18.969 13.913 17.260 13.991 13.005 13.098 13.248 13.480 17.636
10000000000.000 10000000000.000 10000000000.000 10000000000.000 10000000000.000 10000000000.000 10000000000.000 10000000000.000 10000000000.000 10000000000.000 10000000000.000 10000000000.000 10000000000.000 10000000000.000 10000000000.000 10000000000.000 10000000000.000 10000000000.000 10000000000.000 10000000000.000 10000000000.000 10000000000.000 10000000000.000 10000000000.000 10000000000.000 10000000000.000 10000000000.000 13.064 11.208 10.869 10.919 11.127 11.428 11.552 13.641 15.800 13.613 13.004 10.893 10.372 10.060 13.531 17.122 11.449 11.282 11.533 11.511 12.285 13.304 23.514 21.863 16.418 18.191 22.643 16.869 16.324 17.914 18.754 19.154 19.327 15.103 14.128 14.487 14.419 19.131 23.119
10000000000.000 10000000000.000 10000000000.000 10000000000.000 10000000000.000 10000000000.000 10000000000.000 10000000000.000 10000000000.000 10000000000.000 10000000000.000 10000000000.000 10000000000.000 10000000000.000 10000000000.000 10000000000.000 10000000000.000 10000000000.000 10000000000.000 10000000000.000 10000000000.000 10000000000.000 10000000000.000 10000000000.000 10000000000.000 10000000000.000 10.788 11.298 11.909 12.813 11.579 17.026 12.578 14.027 10.604 10.910 10.899 12.602 10.678 9.942 9.713 10.759 10.855 11.142 11.306 12.017 11.858 13.614 19.793 22.410 23.373 15.503 24.255 18.113 16.644 14.855 15.550 15.219 16.351 21.711 13.715 17.313 14.284 17.902 15.957 14.173
10000000000.000 10000000000.000 10000000000.000 10000000000.000 10000000000.000 10000000000.000 10000000000.000 10000000000.000 10000000000.000 10000000000.000 10000000000.000 10000000000.000 10000000000.000 10000000000.000 10000000000.000 10000000000.000 10000000000.000 10000000000.000 10000000000.000 10000000000.000 10000000000.000 10000000000.000 10000000000.000 10000000000.000 10000000000.000 14.933 11.558 13.515 11.524 10.791 12.077 10.960 10.710 11.083 10.910 11.076 10.575 11.004 10.411 9.650 9.885 10.625 11.425 11.915 11.369 11.848 12.763 15.561 21.089 15.956 18.417 22.559 28.196 19.709 16.573 14.772 14.468 17.807 18.135 18.952 20.087 21.229 15.184 16.113 15.132 14.714
10000000000.000 10000000000.000 10000000000.000 10000000000.000 10000000000.000 10000000000.000 10000000000.000 10000000000.000 10000000000.000 10000000000.000 10000000000.000 10000000000.000 10000000000.000 10000000000.000 10000000000.000 10000000000.000 10000000000.000 10000000000.000 10000000000.000 10000000000.000 10000000000.000 10000000000.000 10000000000.000 10000000000.000 10.393 12.753 10.082 10.159 10.294 10.731 13.432 10.432 10.302 10.410 10.592 13.317 10.428 10.552 10.145 9.619 10.688 13.563 12.170 12.204 11.987 12.687 13.552 16.398 17.608 21.329 17.742 23.733 23.344 17.283 26.855 15.478 14.539 15.282 15.442 17.415 16.582 18.598 15.247 19.146 20.331 16.221
10000000000.000 10000000000.000 10000000000.000 10000000000.000 10000000000.000 10000000000.000 10000000000.000 10000000000.000 10000000000.000 10000000000.000 10000000000.000 10000000000.000 10000000000.000 10000000000.000 10000000000.000 10000000000.000 10000000000.000 10000000000.000 10000000000.000 10000000000.000 10000000000.000 10000000000.000 10000000000.000 10.219 14.431 14.156 10.036 10.145 14.134 10.359 10.278 10.324 10.307 10.312 10.341 10.695 10.222 10.396 10.251 11.160 15.696 12.293 12.218 13.635 12.715 12.119 13.595 17.816 21.822 20.571 14.496 21.360 14.976 15.590 21.017 15.961 14.846 14.935 16.621 17.087 17.920 16.924 17.608 18.824 20.981 17.863
10000000000.000 10000000000.000 10000000000.000 10000000000.000 10000000000.000 10000000000.000 10000000000.000 10000000000.000 10000000000.000 10000000000.000 10000000000.000 10000000000.000 10000000000.000 10000000000.000 10000000000.000 10000000000.000 10000000000.000 10000000000.000 10000000000.000 10000000000.000 10000000000.000 10000000000.000 9.733 9.595 10.752 10.113 9.932 10.308 16.537 10.551 10.260 10.311 10.191 10.260 10.547 10.801 10.558 10.516 17.015 13.272 12.337 12.074 12.350 14.132 12.642 12.577 13.023 13.549 14.972 21.268 21.526 15.197 14.237 14.991 14.807 16.033 15.742 14.713 16.223 16.249 15.342 15.800 16.004 17.186 20.904 17.867
10000000000.000 10000000000.000 10000000000.000 10000000000.000 10000000000.000 10000000000.000 10000000000.000 10000000000.000 10000000000.000 10000000000.000 10000000000.000 10000000000.000 10000000000.000 10000000000.000 10000000000.000 10000000000.000 10000000000.000 10000000000.000 10000000000.000 10000000000.000 10000000000.000 9.969 9.875 11.390 9.783 12.696 10.096 10.243 18.612 10.555 10.169 10.153 10.218 10.118 10.319 10.624 11.521 14.060 12.654 11.920 11.983 12.166 12.279 12.544 13.165 12.704 13.004 13.227 13.711 15.673 18.043 18.935 14.527 21.622 14.910 14.348 15.576 15.854 14.770 17.180 16.836 14.538 15.115 15.086 16.053 15.514
10000000000.000 10000000000.000 10000000000.000 10000000000.000 10000000000.000 10000000000.000 10000000000.000 10000000000.000 10000000000.000 10000000000.000 10000000000.000 10000000000.000 10000000000.000 10000000000.000 10000000000.000 10000000000.000 10000000000.000 10000000000.000 10000000000.000 10000000000.000 13.470 12.554 14.058 10.654 9.773 13.044 9.993 9.982 16.415 10.512 10.047 10.149 10.135 10.131 10.190 10.585 10.588 10.504 11.618 12.037 12.047 12.063 12.224 12.413 12.742 14.599 13.031 13.483 20.136 18.093 14.125 14.560 17.819 16.970 14.528 14.266 14.444 15.034 15.144 15.750 15.230 18.746 14.554 14.836 15.265 16.125
10000000000.000 10000000000.000 10000000000.000 10000000000.000 10000000000.000 10000000000.000 10000000000.000 10000000000.000 10000000000.000 10000000000.000 10000000000.000 10000000000.000 10000000000.000 10000000000.000 10000000000.000 10000000000.000 10000000000.000 10000000000.000 10000000000.000 12.968 12.483 10.653 11.774 10.294 10.833 10.723 10.909 10.019 16.683 10.645 10.134 10.157 10.157 10.104 10.142 10.371 10.822 10.194 14.601 15.981 14.696 12.153 12.265 12.410 12.614 14.726 13.722 13.308 19.235 16.986 16.635 14.338 19.597 15.120 14.141 14.492 15.292 19.578 17.215 14.771 15.535 22.543 15.314 14.803 16.138 14.969
10000000000.000 10000000000.000 10000000000.000 10000000000.000 10000000000.000 10000000000.000 10000000000.000 10000000000.000 10000000000.000 10000000000.000 10000000000.000 10000000000.000 10000000000.000 10000000000.000 10000000000.000 10000000000.000 10000000000.000 10000000000.000 15.363 11.760 11.209 13.862 19.144 17.436 9.602 9.108 9.514 10.639 16.340 10.942 10.152 10.255 10.072 10.029 10.106 10.961 16.497 11.640 16.334 16.898 12.560 12.193 12.304 12.378 14.107 14.320 14.597 16.535 14.345 16.993 13.791 14.653 19.758 21.781 14.137 15.861 21.486 21.031 15.574 16.939 14.885 19.800 25.307 14.984 20.157 14.778
10000000000.000 10000000000.000 10000000000.000 10000000000.000 10000000000.000 10000000000.000 10000000000.000 10000000000.000 10000000000.000 10000000000.000 10000000000.000 10000000000.000 10000000000.000 10000000000.000 10000000000.000 10000000000.000 10000000000.000 13.070 14.761 12.042 10.868 18.241 18.997 17.210 15.108 12.184 10.682 10.889 16.688 10.458 10.261 10.445 10.388 10.595 11.394 11.729 16.129 18.788 24.351 13.418 12.181 12.346 13.603 12.427 13.494 13.102 13.514 15.833 13.638 15.581 15.171 19.171 17.884 14.594 14.099 14.456 14.712 15.035 16.992 17.140 17.008 22.440 16.727 15.870 16.093 17.138
10000000000.000 10000000000.000 10000000000.000 10000000000.000 10000000000.000 10000000000.000 10000000000.000 10000000000.000 10000000000.000 10000000000.000 10000000000.000 10000000000.000 10000000000.000 10000000000.000 10000000000.000 10000000000.000 20.898 19.700 18.837 16.319 16.303 16.344 14.611 11.900 14.172 12.959 11.870 11.390 10.928 11.262 15.631 16.135 14.575 11.934 12.392 12.012 12.693 12.660 12.340 13.051 12.258 14.950 13.431 13.823 13.579 12.748 15.391 13.916 18.807 14.488 15.171 14.365 21.115 18.658 14.465 14.417 14.586 14.679 14.548 16.046 23.571 19.193 15.124 16.934 19.284 21.031
10000000000.000 10000000000.000 10000000000.000 10000000000.000 10000000000.000 10000000000.000 10000000000.000 10000000000.000 10000000000.000 10000000000.000 10000000000.000 10000000000.000 10000000000.000 10000000000.000 10000000000.000 15.617 15.164 14.533 15.885 17.665 18.695 11.108 10.956 10.960 11.088 11.156 11.140 11.140 11.164 11.483 11.685 11.787 11.309 11.390 11.589 11.730 11.873 11.968 12.325 12.137 12.201 15.145 15.071 13.705 14.257 17.527 13.727 13.094 13.082 15.632 13.455 13.870 14.224 15.344 17.598 13.947 16.417 15.442 20.964 20.948 23.179 21.687 19.882 15.934 21.839 15.407
10000000000.000 10000000000.000 10000000000.000 10000000000.000 10000000000.000 10000000000.000 10000000000.000 10000000000.000 10000000000.000 10000000000.000 10000000000.000 10000000000.000 10000000000.000 10000000000.000 16.493 12.571 12.040 11.343 12.417 16.424 17.392 11.004 10.865 10.975 11.065 11.099 11.139 11.179 11.239 11.384 11.469 11.418 11.408 11.867 11.611 11.785 11.965 12.223 15.759 12.137 12.078 14.365 16.069 15.091 18.608 16.815 17.463 13.781 14.154 16.147 18.763 14.300 15.339 18.641 14.634 15.732 20.460 20.573 23.108 20.684 19.360 18.815 20.366 22.941 15.877 14.407
10000000000.000 10000000000.000 10000000000.000 10000000000.000 10000000000.000 10000000000.000 10000000000.000 10000000000.000 10000000000.000 10000000000.000 10000000000.000 10000000000.000 10000000000.000 14.657 15.431 15.320 11.009 11.186 14.173 13.571 12.205 10.808 10.864 11.018 11.075 11.167 11.328 11.359 11.389 11.442 11.515 11.461 11.495 11.572 11.661 11.796 11.995 12.043 13.787 12.043 12.280 14.375 12.371 15.977 19.652 16.362 16.301 13.663 13.280 14.633 16.756 16.177 14.836 14.694 13.993 17.266 15.100 16.039 15.184 21.178 15.813 19.335 22.510 21.123 20.677 17.184
10000000000.000 10000000000.000 10000000000.000 10000000000.000 10000000000.000 10000000000.000 10000000000.000 10000000000.000 10000000000.000 10000000000.000 10000000000.000 10000000000.000 10.367 10.802 14.538 12.796 11.253 13.438 19.250 14.436 11.835 10.808 10.873 11.242 11.309 11.236 11.331 11.310 11.412 11.411 11.575 11.578 12.025 11.603 11.673 11.675 11.729 11.922 11.776 11.935 12.387 17.544 13.150 15.978 17.182 17.045 14.563 15.393 14.653 13.736 15.275 15.802 15.494 14.027 16.634 17.712 14.507 16.368 19.759 18.291 18.457 17.987 17.028 17.692 20.495 21.548
10000000000.000 10000000000.000 10000000000.000 10000000000.000 10000000000.000 10000000000.000 10000000000.000 10000000000.000 10000000000.000 10000000000.000 10000000000.000 10.309 10.305 10.397 10.641 11.210 14.629 16.821 13.043 16.282 11.784 10.882 11.147 11.302 11.317 11.336 11.438 11.379 11.416 11.414 11.812 11.716 11.587 11.685 11.495 11.562 11.531 11.660 11.781 11.869 12.384 12.985 14.210 16.643 16.743 13.407 14.205 15.514 14.731 14.267 14.496 14.038 15.159 15.140 21.027 16.187 15.891 19.923 12.703 17.366 17.473 23.081 19.020 17.644 24.568 19.201
10000000000.000 10000000000.000 10000000000.000 10000000000.000 10000000000.000 10000000000.000 10000000000.000 10000000000.000 10000000000.000 10000000000.000 10.831 11.650 11.255 18.240 11.769 10.900 14.089 11.333 17.693 12.432 11.316 10.656 10.893 11.256 11.262 11.290 11.474 11.437 11.449 11.495 11.861 11.619 11.435 11.278 11.523 11.449 11.404 11.586 11.745 11.877 13.754 18.490 17.610 13.215 14.081 14.137 12.786 12.920 15.596 16.354 13.869 15.417 15.274 14.905 15.333 16.532 18.333 20.848 13.540 19.159 14.596 13.319 18.223 16.219 16.812 15.721
10000000000.000 10000000000.000 10000000000.000 10000000000.000 10000000000.000 10000000000.000 10000000000.000 10000000000.000 10000000000.000 11.726 13.077 11.801 15.783 18.416 10.864 10.418 11.118 10.732 17.224 15.528 10.628 10.483 10.624 10.883 10.996 11.102 11.317 11.469 11.609 11.697 11.761 11.682 11.488 11.675 11.593 11.585 11.465 11.692 11.991 12.241 14.034 14.355 12.520 11.762 11.787 12.109 12.516 15.241 13.821 14.729 13.607 14.769 13.903 15.471 15.930 19.054 14.436 18.005 12.789 20.074 15.675 15.418 15.390 17.369 16.959 14.829
10000000000.000 10000000000.000 10000000000.000 10000000000.000 10000000000.000 10000000000.000 10000000000.000 10000000000.000 10.814 11.024 17.920 16.012 14.597 10.543 17.059 10.556 10.322 10.360 10.941 14.105 10.379 10.333 10.622 10.863 10.855 10.952 11.259 11.504 11.633 11.747 11.813 11.768 11.638 11.853 11.999 11.670 11.555 11.778 12.038 12.406 13.121 15.148 15.497 12.695 11.933 11.859 12.108 15.932 14.790 15.047 16.259 14.374 15.605 17.061 17.269 19.202 19.762 13.420 15.042 17.689 14.915 14.210 18.998 16.716 14.836 18.171
10000000000.000 10000000000.000 10000000000.000 10000000000.000 10000000000.000 10000000000.000 10000000000.000 10.866 12.174 11.193 14.190 15.074 10.272 12.359 12.505 11.722 11.825 10.975 10.199 14.072 10.676 10.356 10.510 10.924 11.103 11.096 11.237 11.477 11.652 11.759 11.853 11.952 11.941 11.735 11.827 11.973 11.636 11.768 12.123 12.582 15.355 14.282 15.052 12.701 12.125 12.193 12.100 12.272 12.989 14.443 17.119 14.372 15.176 14.300 14.680 17.913 13.794 13.259 16.230 14.593 19.246 16.512 13.854 14.966 17.707 15.471
10000000000.000 10000000000.000 10000000000.000 10000000000.000 10000000000.000 10000000000.000 12.767 10.520 13.668 13.275 13.437 13.366 9.997 11.971 15.439 11.196 16.528 11.949 10.018 16.649 10.514 10.366 13.005 10.956 11.178 11.035 11.237 11.447 11.691 11.731 11.815 12.070 12.042 11.823 15.216 12.734 11.797 11.776 12.063 16.322 13.318 14.921 13.189 12.282 12.253 14.216 13.516 12.152 12.204 12.592 14.825 16.289 16.925 16.081 16.241 13.160 15.565 16.647 13.791 14.363 17.202 14.570 14.775 17.783 14.869 16.777
10000000000.000 10000000000.000 10000000000.000 10000000000.000 10000000000.000 13.836 12.653 12.757 10.115 11.504 14.600 10.531 12.336 16.488 18.280 12.361 16.324 12.400 18.963 12.392 10.082 10.283 13.732 11.329 11.542 11.012 11.213 11.402 11.646 11.714 11.858 12.047 12.151 11.937 12.308 12.414 11.969 11.772 12.036 17.500 15.441 12.476 15.037 12.106 14.670 16.432 18.269 13.946 12.434 12.284 12.702 15.451 13.604 13.429 13.047 13.083 13.559 14.375 17.215 14.756 14.989 13.934 13.433 16.622 15.434 15.146
10000000000.000 10000000000.000 10000000000.000 10000000000.000 12.329 14.014 15.074 14.061 13.375 13.021 14.164 10.085 11.253 18.582 18.525 15.841 15.586 16.943 17.470 14.907 9.942 10.188 14.080 11.621 11.630 10.958 11.190 11.403 11.603 11.656 11.772 12.015 12.113 12.005 12.022 12.134 11.876 11.783 12.388 15.413 13.789 14.015 11.866 12.434 14.587 16.957 14.846 17.596 13.599 12.651 12.363 13.536 16.346 12.773 13.058 14.776 14.815 15.189 15.078 15.574 13.653 14.451 13.403 14.348 14.086 14.898
10000000000.000 10000000000.000 10000000000.000 12.923 11.788 11.291 14.332 11.313 10.685 11.150 12.338 11.468 10.124 18.637 15.584 18.559 17.919 16.606 18.491 14.542 9.933 10.266 13.897 11.258 11.572 10.836 11.169 11.321 11.541 11.561 11.691 11.784 11.866 11.943 11.710 12.284 12.304 12.256 14.538 14.004 12.652 11.828 12.152 13.887 16.465 13.577 15.639 16.035 15.105 13.166 12.912 12.709 12.785 12.862 13.369 15.601 14.380 13.541 16.157 14.133 14.457 16.255 14.295 13.986 14.005 16.988
10000000000.000 10000000000.000 10.516 12.248 9.973 11.848 9.347 12.236 9.842 9.880 9.539 9.296 9.055 9.076 11.513 16.712 14.719 16.876 18.549 15.170 9.757 10.281 10.958 10.679 10.859 10.842 10.901 11.021 11.111 11.165 11.238 11.331 11.309 11.492 11.501 11.868 14.194 12.461 12.093 11.814 11.779 12.238 15.510 13.554 13.943 13.749 13.139 14.571 15.837 15.624 14.853 14.116 12.706 12.889 14.077 16.174 15.020 14.989 14.171 16.596 15.316 16.342 16.209 14.196 15.834 17.783
10000000000.000 12.685 12.256 10.691 11.463 9.684 9.331 10.013 12.353 9.516 11.669 11.440 9.502 9.836 13.364 10.411 10.468 13.246 10.997 10.020 10.114 10.530 10.422 10.436 10.517 10.600 10.687 10.740 10.796 11.133 11.306 11.437 11.414 11.573 13.823 17.567 11.585 11.669 11.601 11.725 12.125 12.548 15.328 15.766 15.152 13.766 14.084 13.173 15.192 14.320 15.560 13.863 12.829 12.858 13.037 14.271 15.862 13.951 17.044 15.499 15.974 13.414 14.702 14.535 14.445 15.024
12.895 9.438 9.908 9.389 11.954 9.166 9.215 11.900 9.389 9.084 11.563 12.341 12.252 13.848 13.599 10.535 13.365 12.502 10.175 10.309 10.307 10.952 10.420 10.371 10.825 11.485 11.584 12.249 12.465 12.790 11.448 11.355 11.081 10.905 11.171 16.644 12.478 13.028 12.686 15.123 15.406 11.960 15.925 14.749 16.220 15.662 13.704 16.663 14.877 16.348 14.339 14.827 13.718 14.706 12.972 13.224 13.339 16.252 15.248 14.503 13.709 13.782 14.737 17.393 16.786 14.600
9.515 8.949 8.818 10.222 8.830 9.069 9.048 9.925 10.141 10.529 10.613 11.758 10.034 10.263 10.661 10.044 10.345 11.338 10.090 10.452 10.687 10.491 10.536 10.231 10.426 10.479 10.994 11.289 11.583 11.762 11.681 11.588 11.695 11.433 11.833 12.845 12.978 12.791 14.815 14.237 16.095 12.276 11.947 12.251 15.120 13.346 13.999 13.309 13.912 13.449 13.546 17.529 15.210 13.528 16.265 13.113 13.388 15.929 16.718 14.109 15.640 15.765 16.375 15.330 15.001 14.038
