LISFLOOD_FP/Result/4_LISFLOOD_FP/combined_output/combined_angle_45_x_0_y_0/out.max
ncols         192
nrows         192
xllcorner     1771145.000000
yllcorner     5471774.000000
cellsize      10.000000
NODATA_value  -9999.000000
[rows 102 to 135 of 192, columns 77 to 153 of 192]
0.000 1.015 2.226 2.799 3.014 3.050 3.081 2.857 2.007 0.000 2.313 0.979 1.977 2.587 0.000 1.403 0.000 0.328 2.276 1.743 0.000 0.000 0.000 0.000 0.000 0.730 2.851 2.236 1.859 0.000 0.095 2.534 2.212 0.000 0.023 0.000 0.635 1.109 0.000 0.000 0.000 0.517 0.000 1.829 1.725 1.721 1.685 2.337 0.000 0.000 0.966 1.318 1.249 1.107 1.997 2.261 0.000 1.690 4.240 4.409 3.950 3.638 2.434 1.923 1.624 1.268 1.123 1.266 1.412 1.327 1.050 0.519 0.439 1.326 1.455 1.849 2.234
4.144 2.269 0.000 0.000 2.757 2.814 2.836 2.653 2.334 0.814 0.083 1.651 2.539 0.000 0.000 1.666 1.537 2.590 2.608 0.000 1.456 0.000 0.000 0.000 0.000 2.641 0.743 0.784 0.000 0.000 2.386 2.788 2.562 0.218 0.019 1.686 0.986 0.340 1.004 1.639 0.325 1.790 2.000 1.439 1.558 1.555 1.694 1.960 1.218 1.113 0.923 1.408 0.000 0.000 1.820 0.783 3.682 4.281 4.471 3.798 3.602 2.352 1.637 1.521 1.496 1.420 1.422 1.725 1.615 1.542 1.400 1.233 1.345 1.396 1.401 1.076 0.893
5.313 5.116 4.147 0.000 0.000 1.448 2.440 2.703 2.148 0.000 0.000 0.000 0.000 0.000 2.515 0.954 2.261 2.295 2.486 0.000 1.155 1.433 0.000 0.000 0.000 1.422 2.596 0.132 2.146 1.855 0.074 2.222 1.035 2.073 2.309 2.202 2.506 1.978 1.745 2.284 2.116 0.000 0.000 1.507 1.092 1.449 1.778 2.095 1.708 0.590 1.200 0.624 1.548 1.861 0.461 3.500 4.411 4.539 4.311 3.757 2.186 1.537 1.555 1.260 1.640 1.580 1.534 1.605 1.584 1.605 1.339 1.265 1.289 1.401 0.968 0.957 1.267
5.217 5.158 5.577 4.785 0.000 0.000 0.000 2.710 0.539 0.000 0.000 3.095 0.000 0.015 0.205 2.739 2.567 2.010 2.533 2.938 2.288 2.008 2.152 1.398 2.755 2.731 0.441 0.133 0.669 0.912 1.804 0.000 0.000 1.513 0.965 1.180 1.523 0.876 0.093 0.856 1.394 1.028 0.000 1.373 0.000 0.531 1.632 0.000 0.728 0.965 1.311 0.000 0.608 2.451 0.240 3.364 4.645 4.336 3.531 2.526 1.775 1.705 1.564 1.543 1.530 1.652 1.614 1.662 1.700 1.516 1.421 1.499 1.465 0.686 1.123 1.328 1.456
0.000 4.120 4.988 5.347 4.725 2.580 0.717 1.451 0.000 0.000 2.415 3.395 3.554 2.453 0.000 2.833 0.000 0.452 2.800 2.681 2.397 0.000 0.000 2.052 2.891 2.220 0.069 2.485 1.329 0.988 1.527 2.544 0.864 0.000 0.680 0.527 0.096 0.909 0.739 2.043 2.088 0.000 0.905 0.000 0.623 1.386 1.521 0.776 1.263 1.637 1.576 0.556 0.392 1.958 0.000 4.409 4.606 3.936 3.216 2.075 1.900 1.700 1.659 1.694 1.650 1.712 1.712 1.665 1.603 1.558 1.615 1.261 0.877 1.268 1.567 1.506 0.000
0.000 0.471 0.000 4.787 5.265 5.190 4.230 0.000 0.000 3.238 0.000 3.406 3.909 3.814 3.332 0.000 1.152 2.272 2.219 1.026 0.000 0.000 0.000 0.000 3.089 2.719 2.435 0.855 0.000 0.000 1.267 0.000 0.000 0.000 0.554 1.024 1.956 0.000 0.000 1.814 1.837 1.855 1.241 0.000 0.000 0.456 0.666 1.354 1.674 1.845 1.589 0.000 2.116 0.439 3.533 4.580 4.346 3.760 2.539 2.050 1.811 1.838 1.618 1.797 1.855 1.881 1.821 1.677 1.704 1.653 0.843 1.184 1.514 1.721 1.473 0.000 0.000
0.000 0.000 0.000 0.000 4.521 4.979 5.523 5.390 0.801 0.341 2.735 3.845 3.934 3.918 3.853 3.392 0.845 1.570 0.000 2.162 0.000 0.000 0.000 0.000 2.425 3.104 1.258 1.182 1.225 2.634 2.298 0.000 1.732 1.365 0.000 0.000 0.000 2.113 0.000 1.172 0.000 1.584 1.391 0.000 0.636 0.834 0.990 1.675 0.384 1.945 0.811 0.000 2.037 1.330 4.466 4.653 4.025 3.066 2.290 1.946 1.780 1.768 1.866 1.838 1.993 1.901 1.870 1.827 1.733 0.819 1.585 1.687 1.856 1.800 0.000 0.000 0.000
0.335 0.000 0.000 0.000 0.000 2.981 5.060 5.447 4.784 0.618 2.934 1.914 1.381 3.064 3.873 3.828 2.801 0.000 0.000 2.182 2.592 0.000 0.000 2.215 2.769 2.680 2.807 1.345 0.913 0.000 2.168 1.547 1.936 0.282 1.067 2.079 0.989 1.612 0.842 1.884 0.965 0.388 0.000 1.223 1.485 1.520 1.532 1.771 1.939 2.050 0.891 0.309 1.211 3.660 4.575 4.587 3.907 2.617 2.129 1.465 0.000 2.028 2.232 2.129 2.150 1.902 2.053 1.795 0.907 1.829 1.957 1.978 1.983 0.000 0.000 0.000 0.000
1.738 0.000 0.000 0.000 0.000 0.000 4.340 4.264 5.464 5.111 0.000 0.000 0.000 0.000 2.885 3.757 3.265 0.000 0.000 1.996 1.104 0.000 1.166 0.000 1.997 1.129 2.578 2.173 1.729 0.258 2.418 0.216 0.305 2.124 2.610 1.809 1.985 0.380 0.000 0.455 0.000 0.000 1.983 2.071 1.865 1.836 1.249 1.370 0.000 2.039 1.758 1.233 3.501 4.253 4.734 4.189 3.079 2.580 2.035 1.435 1.436 0.386 2.277 2.253 2.182 1.954 2.034 0.866 1.969 2.304 2.012 1.825 0.000 0.000 0.000 0.000 0.000
1.027 1.461 2.984 2.901 0.000 0.000 0.925 3.808 4.460 5.615 5.172 0.000 0.000 0.000 0.000 2.859 3.565 2.824 1.884 0.000 0.000 0.000 0.416 0.408 0.989 1.305 1.372 0.598 1.862 2.206 2.712 1.659 2.219 1.868 1.745 0.000 1.564 1.554 0.000 0.000 1.185 2.115 2.208 2.143 1.959 1.850 1.672 1.505 1.907 2.042 0.000 0.261 3.203 4.183 4.372 3.499 2.908 2.573 2.168 1.479 0.000 0.000 2.494 2.423 2.200 2.271 0.926 2.178 2.193 2.129 1.801 0.000 0.000 0.000 0.000 0.000 0.000
0.234 1.686 3.017 3.375 0.000 0.000 0.000 0.000 2.262 5.008 5.469 3.160 0.000 0.000 0.000 2.008 3.529 3.383 3.558 2.810 0.000 0.000 0.000 0.000 0.000 1.664 0.390 0.000 0.000 1.758 1.156 0.000 2.169 2.518 0.000 0.000 0.000 0.000 0.000 2.568 2.398 2.326 2.231 2.143 1.941 1.864 1.662 0.597 1.564 2.112 0.000 0.000 3.997 2.718 2.114 3.207 2.743 2.627 2.175 1.572 1.995 2.224 2.547 2.560 2.432 1.519 2.092 2.111 1.970 1.961 0.000 0.000 0.000 0.000 0.000 0.000 0.000
0.000 0.774 2.647 3.537 3.426 2.509 0.000 0.000 3.450 3.470 5.069 5.092 3.350 0.000 0.000 2.519 2.403 3.497 3.648 3.582 3.399 3.213 2.849 1.993 0.000 0.000 0.000 1.372 1.316 2.327 1.259 0.000 0.123 0.000 0.000 0.000 0.000 1.926 2.359 2.495 2.399 2.326 2.248 2.105 2.005 1.821 0.036 0.000 0.000 2.037 0.000 0.000 1.267 4.272 3.767 3.385 2.845 2.548 2.034 1.683 2.438 2.625 2.688 2.552 1.587 1.988 2.229 2.447 2.409 0.000 0.000 0.000 0.000 0.000 0.000 0.000 0.000
0.000 0.000 1.341 2.330 3.489 3.194 1.276 0.000 0.000 0.000 2.560 0.000 4.968 3.390 2.963 0.000 0.000 1.658 3.503 3.636 3.599 3.559 3.494 3.373 3.206 2.372 1.526 0.525 1.499 0.000 0.000 0.835 0.000 0.472 2.016 2.437 2.560 2.557 2.576 2.482 2.444 2.306 2.234 2.146 2.040 1.941 0.000 0.000 1.268 2.455 0.000 0.000 2.944 3.528 3.444 3.064 2.802 2.099 2.216 2.363 2.495 2.638 2.544 1.584 2.096 2.360 2.464 2.756 0.000 0.000 0.000 0.000 0.000 0.000 0.000 0.000 0.000
0.000 0.740 1.576 1.977 2.621 2.711 3.127 2.377 0.000 0.000 3.858 1.513 5.123 5.260 0.077 0.000 0.000 0.000 2.655 3.641 3.624 3.589 3.516 3.472 3.448 3.441 3.369 3.321 3.213 3.119 3.039 2.755 2.760 2.776 2.793 2.731 2.666 2.610 2.548 2.495 2.477 2.352 2.266 2.144 2.076 2.021 0.462 0.000 0.000 2.442 1.321 3.752 4.427 3.980 3.710 2.895 2.456 2.420 2.443 2.593 2.669 2.501 1.568 2.271 2.543 2.539 2.649 0.000 0.000 0.000 0.000 0.000 0.000 0.000 0.000 0.000 0.000
0.000 0.906 1.910 1.636 1.406 1.651 1.469 2.812 1.825 0.000 1.944 3.804 2.047 4.894 2.633 1.426 0.000 0.000 1.670 3.612 3.635 3.631 3.545 3.526 3.513 3.414 3.368 3.312 3.256 3.198 3.146 3.052 2.929 2.872 2.815 2.725 2.669 2.625 2.522 2.485 2.428 2.376 2.258 2.187 2.184 2.073 1.860 0.000 2.130 2.682 4.236 4.615 4.522 4.457 3.224 1.800 2.099 2.508 2.622 2.798 2.927 1.780 2.413 2.703 2.756 2.725 0.000 0.000 0.000 0.000 0.000 0.000 0.000 0.000 0.000 0.000 0.000
1.772 1.836 2.111 1.356 1.778 1.823 1.683 1.982 1.133 0.000 0.000 2.548 0.375 5.299 5.112 2.132 0.000 2.932 3.267 3.567 3.653 3.562 3.542 3.523 3.460 3.405 3.304 3.243 3.198 3.193 3.125 3.045 2.893 2.905 2.798 2.729 2.656 2.583 2.500 2.459 2.391 2.330 2.275 2.214 2.128 1.951 2.019 2.497 2.995 4.157 4.494 4.656 4.383 3.488 2.776 2.210 2.369 2.514 2.630 2.850 2.160 2.472 2.751 3.019 2.984 0.000 0.000 0.000 0.000 0.000 0.000 0.000 0.000 0.000 0.000 0.000 0.000
3.941 2.976 2.487 2.702 2.406 2.043 1.646 1.526 1.931 0.000 0.000 1.808 4.313 0.000 5.956 5.722 4.534 4.480 0.000 3.237 3.550 3.545 3.531 3.568 3.468 3.436 3.343 3.249 3.200 3.180 3.138 3.025 2.843 2.829 2.744 2.673 2.610 2.532 2.450 2.405 2.352 2.347 2.251 2.120 1.892 0.533 0.088 2.993 3.383 4.305 4.547 4.150 0.000 1.959 2.284 1.766 0.000 2.530 2.799 2.016 2.500 2.846 3.051 3.020 0.000 0.000 0.000 0.000 0.000 0.000 0.000 0.000 0.000 0.000 0.000 0.000 0.000
2.667 3.175 3.389 3.508 2.977 1.708 1.155 1.003 2.203 0.000 0.000 0.000 1.906 0.000 2.351 5.944 4.019 4.444 3.738 0.000 3.401 3.589 3.580 3.588 3.523 3.448 3.370 3.240 3.189 3.189 3.084 3.047 2.927 2.783 2.826 2.677 2.600 2.522 2.450 2.393 2.396 2.284 2.113 0.000 0.887 1.953 2.413 3.539 4.441 4.785 4.617 2.255 0.000 0.000 2.160 2.390 2.468 2.532 2.047 2.710 2.983 3.172 3.125 0.000 0.000 0.000 0.000 0.000 0.000 0.000 0.000 0.000 0.000 0.000 0.000 0.000 0.000
1.335 1.745 2.565 2.823 2.897 2.913 2.512 2.105 1.122 2.384 2.324 0.000 2.314 3.157 3.496 5.366 5.927 0.909 4.111 3.599 3.040 3.414 3.417 3.560 3.524 3.451 3.378 3.306 3.176 3.086 3.046 3.014 2.944 2.794 2.749 2.656 2.584 2.502 2.469 2.453 2.434 1.935 1.779 0.345 2.026 1.620 0.000 3.491 4.716 3.279 2.149 0.690 0.000 1.176 2.195 2.429 2.344 1.779 2.742 3.118 3.233 3.281 0.000 0.000 0.000 0.000 0.000 0.000 0.000 0.000 0.000 0.000 0.000 0.000 0.000 0.000 0.000
2.213 0.802 0.948 1.548 1.257 1.496 1.504 1.620 1.802 2.965 3.967 0.000 0.000 0.000 0.000 0.000 5.440 5.368 2.770 3.594 3.570 3.433 2.106 3.456 3.500 3.405 3.363 3.283 3.210 3.122 3.141 2.992 2.896 2.786 2.696 2.638 2.597 2.507 2.433 2.233 2.110 2.061 1.948 2.068 0.000 0.000 0.000 4.222 5.021 4.896 2.599 0.042 0.000 2.240 2.476 2.512 1.809 3.058 3.171 3.365 3.354 0.000 0.000 0.000 0.000 0.000 0.000 0.000 0.000 0.000 0.000 0.000 0.000 0.000 0.000 0.000 0.000
1.253 1.559 0.716 0.721 0.516 0.199 0.000 0.000 0.000 1.033 2.613 3.646 3.152 0.000 0.000 0.000 1.654 5.556 4.972 2.636 3.744 3.171 0.000 3.161 3.087 1.086 3.295 3.263 3.208 3.143 3.080 3.011 2.905 2.744 2.699 2.630 2.605 2.185 0.508 0.000 2.222 2.388 1.533 0.000 0.000 0.000 3.913 4.840 5.048 4.547 3.259 0.064 2.457 2.583 2.593 1.815 2.722 2.969 3.035 3.167 0.000 0.000 0.000 0.000 0.000 0.000 0.000 0.000 0.000 0.000 0.000 0.000 0.000 0.000 0.000 0.000 0.000
0.000 0.962 1.935 1.524 0.988 0.062 0.000 0.000 0.000 0.000 1.104 2.549 4.707 2.002 0.000 0.000 2.321 5.440 5.289 3.635 0.000 0.000 1.870 3.020 1.606 2.572 2.427 3.078 3.121 3.199 3.061 2.957 2.908 2.846 2.747 2.662 2.368 0.900 0.000 0.000 0.000 2.105 0.852 0.000 2.388 3.685 4.855 5.105 3.969 2.547 1.681 2.228 2.478 2.623 1.959 2.892 3.013 3.066 3.015 0.000 0.000 0.000 0.000 0.000 0.000 0.000 0.000 0.000 0.000 0.000 0.000 0.000 0.000 0.000 0.000 0.000 0.000
0.000 0.000 1.619 2.052 1.549 0.508 0.000 0.000 0.000 0.000 0.000 1.418 2.655 3.134 2.870 0.000 0.000 0.000 0.903 4.780 0.000 0.000 0.000 2.135 3.098 0.215 0.000 0.019 0.176 2.151 3.100 2.773 2.916 2.863 2.720 2.489 0.681 0.000 0.000 0.000 0.000 0.112 3.045 3.662 4.548 5.048 5.276 3.548 1.644 2.357 2.564 2.630 2.222 2.227 3.007 3.075 3.021 3.032 0.000 0.000 0.000 0.000 0.000 0.000 0.000 0.000 0.000 0.000 0.000 0.000 0.000 0.000 0.000 0.000 0.000 0.000 0.000
0.000 0.000 0.000 2.431 2.378 1.332 0.890 0.185 0.509 0.859 1.568 2.116 1.783 2.525 2.443 2.758 0.000 0.000 0.000 4.908 0.000 2.084 0.000 0.545 3.029 3.462 0.000 1.911 0.000 0.000 0.000 1.301 2.201 2.394 1.730 0.000 0.000 0.000 1.977 0.000 0.000 2.547 4.192 4.722 5.276 4.849 1.513 0.000 0.000 0.855 2.773 1.955 2.568 2.994 3.045 2.989 2.971 0.000 0.000 0.000 0.000 0.000 0.000 0.000 0.000 0.000 0.000 0.000 0.000 0.000 0.000 0.000 0.000 0.000 0.000 0.000 0.000
0.000 0.000 0.000 1.703 2.275 2.621 2.539 2.677 2.692 3.165 3.889 3.901 3.095 1.436 1.777 3.059 3.192 1.810 0.000 0.000 4.688 4.977 5.652 3.181 3.052 2.798 3.004 2.558 0.410 0.000 0.000 0.000 0.000 0.000 0.000 0.000 0.771 2.604 3.043 2.742 0.934 4.424 5.044 5.356 4.657 2.157 0.000 0.000 0.000 0.000 2.451 2.936 2.974 2.812 3.007 3.044 0.000 0.000 0.000 0.000 0.000 0.000 0.000 0.000 0.000 0.000 0.000 0.000 0.000 0.000 0.000 0.000 0.000 0.000 0.000 0.000 0.000
0.000 0.000 0.000 0.000 0.000 4.753 3.438 2.934 2.466 2.375 3.124 3.652 3.830 2.255 0.620 0.822 3.411 3.511 2.391 2.715 4.543 4.452 5.938 5.835 0.462 0.000 0.594 3.568 3.554 3.556 3.189 2.338 3.209 0.926 3.188 2.996 3.374 3.846 4.592 4.737 5.073 5.574 5.466 4.998 2.481 0.000 0.000 0.000 0.000 0.000 2.967 3.043 3.158 3.065 3.061 0.000 0.000 0.000 0.000 0.000 0.000 0.000 0.000 0.000 0.000 0.000 0.000 0.000 0.000 0.000 0.000 0.000 0.000 0.000 0.000 0.000 0.000
0.000 0.000 0.000 0.000 4.976 5.547 3.927 1.998 1.872 1.141 0.624 1.621 1.818 0.948 0.566 1.020 2.279 4.174 3.587 1.529 0.000 0.000 3.053 5.428 4.741 0.000 0.000 4.473 4.433 4.201 4.064 3.928 3.843 3.926 4.117 4.297 3.446 5.289 5.513 5.579 5.588 5.248 4.598 2.995 0.000 0.000 0.000 0.000 1.129 2.553 3.128 3.193 3.172 2.668 0.000 0.000 0.000 0.000 0.000 0.000 0.000 0.000 0.000 0.000 0.000 0.000 0.000 0.000 0.000 0.000 0.000 0.000 0.000 0.000 0.000 0.000 0.000
0.000 0.000 0.000 0.694 5.761 5.549 1.021 1.859 1.021 1.169 0.952 1.016 0.668 0.272 0.511 1.202 2.860 3.892 5.315 3.429 0.000 0.000 0.000 1.898 5.371 5.402 5.648 5.973 5.838 5.887 5.560 5.593 5.485 5.654 5.621 5.660 5.702 5.013 3.063 3.348 4.408 4.189 2.883 0.000 2.595 0.000 0.000 1.381 2.848 3.144 3.266 3.322 3.357 0.000 0.000 0.000 0.000 0.000 0.000 0.000 0.000 0.000 0.000 0.000 0.000 0.000 0.000 0.000 0.000 0.000 0.000 0.000 0.000 0.000 0.000 0.000 0.000
0.000 0.000 0.000 0.000 2.916 0.211 4.136 0.304 0.000 1.400 0.835 0.000 0.000 0.000 0.917 1.729 2.509 1.666 3.648 4.852 3.308 0.000 0.000 0.000 0.000 2.558 5.065 5.810 5.749 5.083 4.766 4.802 5.623 5.600 5.468 4.947 5.028 0.000 0.000 0.000 0.001 2.653 2.579 1.752 2.549 2.575 2.749 3.177 3.180 3.271 3.433 3.440 0.000 0.000 0.000 0.000 0.000 0.000 0.000 0.000 0.000 0.000 0.000 0.000 0.000 0.000 0.000 0.000 0.000 0.000 0.000 0.000 0.000 0.000 0.000 0.000 0.000
0.000 0.000 0.000 0.000 0.000 0.000 0.000 0.000 0.000 1.607 0.827 0.000 0.000 0.000 0.000 0.000 0.000 0.839 1.622 3.676 4.549 3.878 0.626 0.000 0.000 0.000 2.146 3.470 3.521 0.000 0.000 0.000 0.000 3.634 0.000 3.651 0.000 0.000 0.000 0.000 0.000 1.611 2.596 3.008 3.155 3.185 3.221 3.267 3.297 3.433 3.547 0.000 0.000 0.000 0.000 0.000 0.000 0.000 0.000 0.000 0.000 0.000 0.000 0.000 0.000 0.000 0.000 0.000 0.000 0.000 0.000 0.000 0.000 0.000 0.000 0.000 0.000
0.000 0.000 0.000 0.000 0.000 0.000 0.000 0.000 0.000 0.000 0.000 0.000 0.000 0.000 0.000 0.000 0.000 0.000 0.000 2.201 5.195 4.158 3.622 2.053 1.304 0.000 0.000 0.000 0.000 0.000 0.000 0.000 0.000 0.000 0.000 0.000 0.000 0.000 0.000 0.000 2.311 3.022 3.132 3.303 3.360 3.310 3.383 3.402 3.447 3.492 0.000 0.000 0.000 0.000 0.000 0.000 0.000 0.000 0.000 0.000 0.000 0.000 0.000 0.000 0.000 0.000 0.000 0.000 0.000 0.000 0.000 0.000 0.000 0.000 0.000 0.000 0.000
0.000 0.000 0.000 0.000 0.000 0.000 0.000 0.000 0.000 0.000 0.000 0.000 0.000 0.000 0.000 0.000 0.000 0.000 0.000 0.000 3.198 4.441 4.219 3.821 3.344 2.014 0.357 0.000 0.000 2.705 1.277 0.525 0.000 2.615 1.427 1.005 1.531 1.645 2.705 3.075 3.409 3.378 3.473 3.419 3.454 3.501 3.496 3.570 3.574 0.000 0.000 0.000 0.000 0.000 0.000 0.000 0.000 0.000 0.000 0.000 0.000 0.000 0.000 0.000 0.000 0.000 0.000 0.000 0.000 0.000 0.000 0.000 0.000 0.000 0.000 0.000 0.000
0.000 0.000 0.000 0.000 0.000 0.000 0.000 0.000 0.000 0.000 0.000 0.000 0.000 0.000 0.000 0.000 0.000 0.000 0.000 0.011 4.296 4.594 4.265 4.279 4.095 3.793 3.600 3.338 3.483 3.294 2.831 2.723 2.663 2.994 3.134 3.414 3.259 3.241 3.326 3.255 3.275 3.408 3.492 3.638 3.676 3.584 3.625 3.611 0.000 0.000 0.000 0.000 0.000 0.000 0.000 0.000 0.000 0.000 0.000 0.000 0.000 0.000 0.000 0.000 0.000 0.000 0.000 0.000 0.000 0.000 0.000 0.000 0.000 0.000 0.000 0.000 0.000
0.000 0.000 0.000 0.000 0.000 0.000 0.000 0.000 0.000 0.000 0.000 0.000 0.000 0.000 0.000 0.000 0.000 0.000 0.000 0.000 4.016 4.983 4.581 4.458 4.339 4.074 3.972 3.817 3.823 3.660 3.591 3.586 3.574 3.554 3.601 3.405 3.416 3.394 3.423 3.498 3.502 3.470 3.454 3.459 3.634 3.815 3.773 0.000 0.000 0.000 0.000 0.000 0.000 0.000 0.000 0.000 0.000 0.000 0.000 0.000 0.000 0.000 0.000 0.000 0.000 0.000 0.000 0.000 0.000 0.000 0.000 0.000 0.000 0.000 0.000 0.000 0.000
