LISFLOOD_FP/Result/4_LISFLOOD_FP/combined_output/combined_angle_90_x_0_y_0/out-0011.elev
ncols         192
nrows         192
xllcorner     1771145.000000
yllcorner     5471774.000000
cellsize      10.000000
NODATA_value  -9999.000000
[rows 108 to 134 of 192, columns 61 to 121 of 192]
-9999.000 -9999.000 -9999.000 -9999.000 -9999.000 -9999.000 -9999.000 -9999.000 -9999.000 -9999.000 -9999.000 -9999.000 8.469 8.481 8.497 8.509 8.511 8.510 8.515 -9999.000 8.907 9.208 9.602 9.695 9.701 9.703 9.704 9.705 9.705 9.705 9.705 9.705 9.706 9.707 -9999.000 -9999.000 11.578 11.578 11.579 11.587 11.602 11.618 11.640 11.685 11.734 11.771 11.792 11.807 11.819 11.828 11.835 11.840 11.846 11.851 11.856 11.860 11.864 11.867 11.870 11.873 11.875
-9999.000 -9999.000 -9999.000 -9999.000 -9999.000 -9999.000 -9999.000 -9999.000 7.982 8.136 8.169 8.185 8.328 8.376 8.501 8.512 8.514 8.512 8.544 8.698 8.823 9.540 9.686 9.698 9.701 9.703 9.705 9.705 9.706 9.706 9.705 9.706 9.706 9.707 -9999.000 -9999.000 -9999.000 11.576 11.569 11.577 11.597 11.616 11.653 11.702 11.738 11.768 11.791 11.806 11.818 11.828 11.834 11.839 11.845 11.850 11.855 11.860 11.864 11.866 11.870 11.872 11.874
-9999.000 -9999.000 -9999.000 -9999.000 -9999.000 7.149 7.356 7.412 7.455 -9999.000 8.178 8.188 8.205 8.210 -9999.000 8.521 8.519 8.505 -9999.000 8.693 9.458 9.687 9.693 9.699 9.703 9.705 9.706 9.706 9.706 9.706 9.706 9.706 9.706 9.707 -9999.000 -9999.000 -9999.000 -9999.000 11.533 11.510 -9999.000 -9999.000 -9999.000 -9999.000 11.738 11.739 -9999.000 11.805 -9999.000 11.830 11.833 11.838 11.844 11.849 11.854 11.859 11.864 11.866 -9999.000 -9999.000 -9999.000
-9999.000 -9999.000 -9999.000 -9999.000 -9999.000 -9999.000 7.409 7.428 7.896 8.143 8.170 8.185 8.199 8.196 8.207 -9999.000 -9999.000 8.344 -9999.000 8.569 7.789 -9999.000 9.699 9.702 9.705 9.707 9.709 9.708 9.707 9.707 9.706 9.706 9.706 9.706 9.707 -9999.000 -9999.000 -9999.000 11.420 11.398 -9999.000 -9999.000 -9999.000 -9999.000 -9999.000 -9999.000 -9999.000 -9999.000 -9999.000 11.827 11.831 11.835 11.843 11.848 11.852 11.859 11.869 11.984 12.072 12.107 -9999.000
-9999.000 -9999.000 -9999.000 -9999.000 -9999.000 -9999.000 -9999.000 -9999.000 -9999.000 8.150 8.169 8.181 -9999.000 8.192 8.216 8.219 -9999.000 7.566 7.619 7.642 7.689 -9999.000 9.702 9.704 9.707 9.712 9.818 9.745 10.779 -9999.000 -9999.000 -9999.000 -9999.000 -9999.000 11.077 11.228 11.238 11.274 11.316 11.347 -9999.000 -9999.000 -9999.000 -9999.000 11.522 -9999.000 -9999.000 -9999.000 11.809 11.819 11.825 11.830 11.841 11.849 11.852 11.859 11.892 11.977 12.072 12.215 12.264
-9999.000 -9999.000 -9999.000 -9999.000 -9999.000 -9999.000 -9999.000 -9999.000 -9999.000 -9999.000 8.190 8.197 8.205 -9999.000 8.215 8.216 8.221 -9999.000 -9999.000 7.569 7.639 9.671 -9999.000 -9999.000 9.711 10.281 10.519 -9999.000 10.956 10.971 10.989 11.022 11.072 11.117 11.166 11.205 11.236 11.269 11.305 11.330 11.351 11.371 11.437 11.497 11.523 -9999.000 11.719 11.756 11.798 11.812 11.819 11.828 11.837 11.846 11.850 11.854 -9999.000 -9999.000 -9999.000 12.257 12.261
-9999.000 -9999.000 -9999.000 -9999.000 -9999.000 -9999.000 -9999.000 -9999.000 8.242 8.231 8.211 8.212 8.213 8.215 8.213 8.206 -9999.000 -9999.000 -9999.000 -9999.000 -9999.000 10.708 -9999.000 -9999.000 -9999.000 10.707 10.841 10.871 10.910 10.946 10.977 11.010 11.065 11.114 11.160 11.199 11.233 11.268 11.302 11.330 11.351 11.367 11.440 11.511 11.559 11.628 11.706 11.753 11.790 11.805 11.813 11.826 11.837 11.845 11.851 -9999.000 -9999.000 -9999.000 -9999.000 12.261 12.266
-9999.000 -9999.000 -9999.000 -9999.000 -9999.000 -9999.000 8.256 8.254 8.252 8.249 8.230 8.218 8.218 8.218 8.216 8.217 -9999.000 -9999.000 -9999.000 -9999.000 -9999.000 10.782 10.785 10.799 10.805 10.814 10.830 10.853 10.898 10.935 10.965 10.982 -9999.000 -9999.000 -9999.000 -9999.000 11.266 11.267 -9999.000 -9999.000 11.350 -9999.000 11.412 -9999.000 11.747 11.748 11.750 11.767 11.795 11.806 11.815 11.827 11.839 11.853 11.865 11.913 12.034 -9999.000 12.246 12.263 12.272
-9999.000 -9999.000 -9999.000 -9999.000 -9999.000 -9999.000 8.256 8.255 8.254 8.251 8.249 8.234 8.226 8.224 -9999.000 -9999.000 -9999.000 -9999.000 -9999.000 -9999.000 -9999.000 10.771 10.777 10.787 10.799 10.809 10.822 10.833 10.857 -9999.000 10.965 -9999.000 -9999.000 -9999.000 -9999.000 11.475 -9999.000 -9999.000 -9999.000 -9999.000 -9999.000 -9999.000 -9999.000 11.749 11.749 11.750 11.750 -9999.000 11.800 11.800 -9999.000 -9999.000 11.853 11.855 11.923 12.020 12.167 12.193 12.226 12.252 12.263
-9999.000 -9999.000 -9999.000 -9999.000 -9999.000 8.257 8.256 8.256 8.254 8.253 8.250 8.244 8.234 -9999.000 -9999.000 -9999.000 -9999.000 -9999.000 -9999.000 10.748 10.754 10.762 10.772 10.784 10.794 10.804 10.816 10.824 10.844 -9999.000 -9999.000 -9999.000 -9999.000 -9999.000 11.507 11.507 -9999.000 -9999.000 -9999.000 11.524 -9999.000 -9999.000 11.543 -9999.000 -9999.000 -9999.000 -9999.000 11.800 11.800 -9999.000 -9999.000 11.853 11.853 -9999.000 -9999.000 -9999.000 -9999.000 12.340 12.325 -9999.000 -9999.000
8.219 -9999.000 -9999.000 -9999.000 -9999.000 -9999.000 8.257 8.256 8.255 8.254 8.252 8.248 8.241 -9999.000 -9999.000 -9999.000 10.711 10.717 10.729 10.736 10.746 10.755 10.764 10.780 10.789 10.796 10.802 -9999.000 -9999.000 -9999.000 -9999.000 -9999.000 -9999.000 11.497 11.506 11.509 11.513 11.515 11.519 11.526 11.533 11.539 11.543 -9999.000 -9999.000 -9999.000 -9999.000 -9999.000 -9999.000 -9999.000 -9999.000 -9999.000 11.896 -9999.000 -9999.000 12.356 12.359 12.362 -9999.000 -9999.000 -9999.000
8.274 8.276 -9999.000 -9999.000 8.268 8.267 8.262 8.259 8.257 8.255 8.253 8.250 -9999.000 -9999.000 -9999.000 -9999.000 10.710 10.714 10.721 10.731 10.739 10.748 10.754 -9999.000 10.787 10.790 -9999.000 -9999.000 -9999.000 -9999.000 -9999.000 10.801 10.955 11.400 11.503 11.510 11.513 11.515 11.518 11.525 11.535 11.549 11.582 11.664 11.766 11.854 11.903 11.930 11.975 12.019 12.035 12.057 12.104 12.159 12.225 12.288 12.341 12.385 12.409 12.428 12.447
8.274 8.275 -9999.000 -9999.000 8.269 8.268 8.265 8.262 8.260 8.257 8.253 8.250 -9999.000 -9999.000 -9999.000 10.694 10.701 10.707 10.715 10.726 10.732 10.735 10.740 10.740 10.765 -9999.000 -9999.000 -9999.000 -9999.000 -9999.000 10.719 10.736 10.903 11.394 11.504 11.511 11.514 11.517 11.518 11.525 11.534 11.548 11.586 11.640 11.754 11.848 11.913 11.935 11.973 12.009 12.027 12.042 12.078 12.134 12.214 12.274 12.344 12.401 12.411 12.429 12.448
-9999.000 8.277 8.277 8.277 8.273 8.270 8.267 8.264 8.261 8.259 -9999.000 -9999.000 -9999.000 -9999.000 10.680 10.687 10.695 10.702 10.707 10.718 10.726 10.726 10.736 10.738 10.710 -9999.000 -9999.000 -9999.000 10.699 10.701 10.705 10.717 -9999.000 -9999.000 -9999.000 -9999.000 11.516 11.517 11.519 11.524 11.532 11.539 11.582 11.637 11.737 11.802 11.867 11.916 11.955 11.984 12.000 12.010 12.021 12.064 12.213 12.331 12.389 12.401 12.406 12.414 12.445
-9999.000 8.278 8.278 8.278 8.276 8.273 8.270 8.266 8.264 -9999.000 -9999.000 -9999.000 -9999.000 10.663 10.673 10.680 10.690 10.698 10.703 10.711 -9999.000 10.691 -9999.000 -9999.000 -9999.000 -9999.000 10.688 10.691 10.696 10.700 10.703 10.710 -9999.000 -9999.000 -9999.000 -9999.000 11.517 11.517 11.519 11.522 11.526 11.534 11.543 11.562 11.650 11.737 -9999.000 -9999.000 -9999.000 11.973 11.986 11.987 11.987 11.988 12.026 12.344 12.395 12.398 -9999.000 -9999.000 -9999.000
-9999.000 8.279 8.280 8.279 8.278 8.276 8.274 8.268 -9999.000 -9999.000 -9999.000 -9999.000 -9999.000 10.656 10.662 10.670 10.679 -9999.000 -9999.000 -9999.000 -9999.000 10.666 10.661 10.661 -9999.000 10.676 10.682 10.688 10.694 10.699 10.702 -9999.000 10.807 -9999.000 -9999.000 -9999.000 -9999.000 11.512 11.517 11.522 11.525 11.529 11.534 11.547 11.593 -9999.000 -9999.000 -9999.000 -9999.000 11.972 11.982 11.985 11.986 11.987 -9999.000 12.393 12.394 -9999.000 -9999.000 -9999.000 -9999.000
-9999.000 8.285 8.284 8.283 8.281 8.278 8.275 -9999.000 -9999.000 -9999.000 -9999.000 -9999.000 10.642 10.648 10.652 10.657 -9999.000 -9999.000 -9999.000 -9999.000 -9999.000 10.659 10.659 10.660 10.664 10.669 10.675 10.686 10.694 10.704 10.723 10.758 10.809 10.859 10.999 11.310 11.440 11.494 11.511 11.519 11.523 11.527 11.531 -9999.000 -9999.000 -9999.000 -9999.000 -9999.000 11.953 11.965 11.974 11.980 11.982 11.984 -9999.000 -9999.000 -9999.000 -9999.000 -9999.000 -9999.000 -9999.000
-9999.000 8.295 8.291 8.288 8.285 8.281 -9999.000 -9999.000 -9999.000 -9999.000 -9999.000 10.633 10.638 10.640 10.644 10.651 -9999.000 -9999.000 -9999.000 -9999.000 10.646 10.650 10.655 10.658 10.661 10.666 10.670 10.678 10.690 10.699 10.716 10.724 -9999.000 -9999.000 11.201 11.337 11.426 11.483 11.505 11.517 11.522 11.532 11.712 11.822 11.838 -9999.000 11.944 11.945 11.949 11.954 11.959 11.963 11.966 11.968 -9999.000 -9999.000 -9999.000 -9999.000 -9999.000 -9999.000 -9999.000
-9999.000 8.298 8.297 8.295 8.289 -9999.000 -9999.000 -9999.000 -9999.000 10.624 10.628 10.630 10.632 10.634 10.636 -9999.000 -9999.000 -9999.000 10.636 10.637 10.641 10.644 10.647 10.653 10.658 10.663 10.666 10.669 10.678 10.687 -9999.000 -9999.000 -9999.000 -9999.000 -9999.000 -9999.000 11.493 11.503 11.515 11.524 11.545 11.627 11.766 11.860 11.880 11.903 11.924 11.940 11.944 11.948 11.951 11.952 11.953 11.952 -9999.000 -9999.000 -9999.000 -9999.000 -9999.000 -9999.000 -9999.000
8.259 8.302 8.305 8.305 8.291 -9999.000 -9999.000 -9999.000 -9999.000 10.624 10.627 10.628 10.629 10.630 10.632 -9999.000 -9999.000 10.633 10.634 10.636 10.638 10.640 10.642 10.647 10.652 10.658 10.661 10.665 10.670 10.680 -9999.000 -9999.000 -9999.000 -9999.000 -9999.000 -9999.000 -9999.000 11.516 11.530 11.542 11.592 11.679 11.772 11.850 11.887 11.910 11.928 11.940 11.942 11.944 11.946 11.949 11.951 11.951 11.951 -9999.000 -9999.000 -9999.000 -9999.000 -9999.000 -9999.000
8.225 8.309 8.320 8.325 -9999.000 -9999.000 -9999.000 -9999.000 10.621 10.622 10.625 10.626 10.626 10.628 10.629 10.627 -9999.000 10.631 10.632 10.634 10.636 10.638 10.640 10.643 10.645 10.651 10.656 10.659 10.666 -9999.000 -9999.000 -9999.000 -9999.000 -9999.000 -9999.000 -9999.000 -9999.000 -9999.000 11.530 11.530 -9999.000 -9999.000 -9999.000 -9999.000 -9999.000 11.930 11.935 11.941 11.942 11.941 11.943 11.944 -9999.000 -9999.000 -9999.000 -9999.000 -9999.000 -9999.000 -9999.000 -9999.000 -9999.000
8.218 8.322 8.344 8.355 8.753 -9999.000 -9999.000 10.621 10.621 10.621 10.623 10.624 10.625 10.625 10.627 10.627 10.627 10.629 10.630 10.632 10.634 10.636 10.639 10.641 10.644 10.647 10.650 10.655 -9999.000 -9999.000 -9999.000 -9999.000 -9999.000 -9999.000 -9999.000 -9999.000 -9999.000 -9999.000 -9999.000 -9999.000 -9999.000 -9999.000 -9999.000 -9999.000 -9999.000 -9999.000 -9999.000 11.941 11.943 11.943 11.942 11.943 -9999.000 -9999.000 -9999.000 -9999.000 -9999.000 -9999.000 -9999.000 -9999.000 -9999.000
8.221 8.343 8.373 8.444 9.835 10.413 10.536 -9999.000 10.618 10.620 10.621 10.622 10.623 10.624 10.625 10.626 10.626 10.628 10.628 10.630 10.632 10.633 10.636 10.639 10.642 10.645 10.647 -9999.000 -9999.000 -9999.000 -9999.000 -9999.000 -9999.000 -9999.000 -9999.000 -9999.000 -9999.000 -9999.000 -9999.000 -9999.000 -9999.000 -9999.000 -9999.000 -9999.000 -9999.000 -9999.000 -9999.000 -9999.000 11.942 11.942 -9999.000 -9999.000 -9999.000 -9999.000 -9999.000 -9999.000 -9999.000 -9999.000 -9999.000 -9999.000 -9999.000
8.227 8.368 8.412 -9999.000 -9999.000 10.541 10.551 10.586 10.610 10.618 10.619 10.620 10.621 10.622 10.624 10.624 10.625 10.625 10.626 10.627 10.628 10.630 10.632 10.637 10.640 10.643 10.645 -9999.000 -9999.000 -9999.000 -9999.000 -9999.000 -9999.000 -9999.000 -9999.000 -9999.000 -9999.000 -9999.000 -9999.000 -9999.000 -9999.000 -9999.000 -9999.000 -9999.000 -9999.000 -9999.000 -9999.000 -9999.000 -9999.000 -9999.000 -9999.000 -9999.000 -9999.000 -9999.000 -9999.000 -9999.000 -9999.000 -9999.000 -9999.000 -9999.000 -9999.000
8.259 8.410 8.478 8.505 -9999.000 -9999.000 10.590 10.604 10.612 10.616 10.617 10.618 10.620 10.621 10.622 10.623 10.623 10.623 10.623 10.623 10.624 10.625 10.626 10.626 -9999.000 -9999.000 -9999.000 -9999.000 -9999.000 -9999.000 -9999.000 -9999.000 -9999.000 -9999.000 -9999.000 -9999.000 -9999.000 -9999.000 -9999.000 -9999.000 -9999.000 -9999.000 -9999.000 -9999.000 -9999.000 -9999.000 -9999.000 -9999.000 -9999.000 -9999.000 -9999.000 -9999.000 -9999.000 -9999.000 -9999.000 -9999.000 -9999.000 -9999.000 -9999.000 -9999.000 -9999.000
8.355 8.454 8.508 8.525 8.535 -9999.000 10.590 10.606 10.612 10.614 10.615 10.616 10.619 10.620 10.620 10.621 10.621 10.620 10.620 10.620 10.621 10.621 10.621 10.620 -9999.000 -9999.000 -9999.000 -9999.000 -9999.000 -9999.000 -9999.000 -9999.000 -9999.000 -9999.000 -9999.000 -9999.000 -9999.000 -9999.000 -9999.000 -9999.000 -9999.000 -9999.000 -9999.000 -9999.000 -9999.000 -9999.000 -9999.000 -9999.000 -9999.000 -9999.000 -9999.000 -9999.000 -9999.000 -9999.000 -9999.000 -9999.000 -9999.000 -9999.000 -9999.000 -9999.000 -9999.000
8.434 8.463 8.524 8.544 8.596 10.456 10.574 -9999.000 10.612 10.613 10.613 10.614 -9999.000 -9999.000 -9999.000 10.619 10.618 10.618 10.618 10.618 10.618 10.619 10.617 10.616 10.615 -9999.000 -9999.000 -9999.000 -9999.000 -9999.000 -9999.000 -9999.000 -9999.000 -9999.000 -9999.000 -9999.000 -9999.000 -9999.000 -9999.000 -9999.000 -9999.000 -9999.000 -9999.000 -9999.000 -9999.000 -9999.000 -9999.000 -9999.000 -9999.000 -9999.000 -9999.000 -9999.000 -9999.000 -9999.000 -9999.000 -9999.000 -9999.000 -9999.000 -9999.000 -9999.000 -9999.000
