LISFLOOD_FP/Result/4_LISFLOOD_FP/combined_output/combined_angle_90_x_0_y_0/out-0012.wd
ncols         192
nrows         192
xllcorner     1771145.000000
yllcorner     5471774.000000
cellsize      10.000000
NODATA_value  -9999.000000
[rows 102 to 135 of 192, columns 77 to 153 of 192]
0.000 0.000 0.000 0.543 0.641 0.976 0.000 0.842 0.024 0.161 0.196 0.000 0.000 0.000 0.007 0.000 0.738 0.615 0.950 0.798 0.000 0.000 1.067 0.913 0.888 1.002 0.951 1.254 0.000 0.000 0.000 1.665 0.530 0.863 0.863 0.081 0.155 0.000 0.963 2.347 2.718 2.729 2.687 2.600 2.470 2.459 2.367 2.329 2.257 2.192 2.113 0.000 0.000 0.000 0.000 0.000 4.510 5.344 4.584 2.447 1.829 2.498 2.928 2.996 3.194 3.294 3.371 0.000 0.000 0.000 0.000 0.000 0.000 0.000 0.000 0.000 0.000
0.000 0.000 0.000 0.000 0.151 0.000 0.207 0.265 0.000 0.000 0.000 0.000 0.000 0.000 0.000 0.000 0.034 0.000 1.104 0.673 0.000 0.717 1.061 1.295 0.000 0.354 1.068 0.000 0.000 0.000 0.000 0.000 0.000 0.297 0.000 0.398 0.000 0.544 2.675 2.875 2.836 2.781 2.735 2.695 2.615 2.544 2.413 2.362 2.284 2.280 2.142 0.000 0.000 1.994 2.750 4.125 5.128 5.308 4.073 2.621 1.736 2.785 3.018 3.120 3.268 3.373 3.499 0.000 0.000 0.000 0.000 0.000 0.000 0.000 0.000 0.000 0.000
0.000 0.000 0.000 0.000 0.141 0.000 0.228 0.000 0.000 0.000 0.000 0.000 0.000 0.000 0.000 0.000 0.000 0.221 0.864 0.909 0.057 0.448 0.000 1.278 0.583 0.244 0.631 1.045 0.000 0.000 0.000 0.000 0.000 0.000 0.000 0.000 1.519 2.747 2.918 2.913 2.825 2.782 2.771 2.708 2.622 2.595 2.490 2.425 2.329 2.283 2.162 0.000 0.000 2.100 3.412 4.757 5.330 4.404 2.819 2.402 1.754 2.896 3.112 3.223 3.344 3.428 3.622 0.000 0.000 0.000 0.000 0.000 0.000 0.000 0.000 0.000 0.000
0.000 0.071 0.000 0.000 0.013 0.000 0.000 0.002 0.043 0.001 0.000 0.000 0.000 0.000 0.000 0.000 0.000 0.000 0.000 0.646 0.000 1.215 0.000 1.280 0.000 1.620 0.000 0.000 0.000 0.000 0.000 0.000 0.000 0.000 2.394 2.800 3.020 3.070 3.005 2.872 2.846 2.807 2.783 2.696 2.656 2.605 2.595 2.484 2.398 2.353 2.089 0.000 0.000 2.924 3.971 5.408 3.909 0.582 0.000 0.002 2.495 2.962 3.247 3.227 3.447 3.489 3.446 0.000 0.000 0.000 0.000 0.000 0.000 0.000 0.000 0.000 0.000
0.000 0.571 0.000 0.000 0.000 0.000 0.000 0.000 0.067 0.017 0.000 0.000 0.000 0.000 0.000 0.000 0.000 0.000 0.000 0.104 0.000 0.816 0.000 0.000 0.000 0.282 0.000 0.000 0.000 0.000 0.000 0.000 2.120 2.891 3.081 3.083 3.110 3.062 3.013 2.957 2.929 2.863 2.791 2.740 2.705 2.692 2.647 2.586 2.519 2.380 1.486 0.000 1.914 3.281 4.068 5.352 2.112 0.000 0.000 0.000 2.861 3.089 3.380 3.258 3.277 3.401 3.496 0.000 0.000 0.000 0.000 0.000 0.000 0.000 0.000 0.000 0.000
2.181 2.506 1.890 0.000 0.817 0.000 0.000 0.000 1.849 0.000 0.000 0.000 1.218 0.000 0.000 0.897 0.000 0.000 0.000 0.112 0.000 0.262 2.508 2.849 3.055 3.015 2.877 1.417 0.808 2.033 2.569 2.862 3.117 3.146 3.128 3.133 3.122 3.072 3.012 3.050 2.962 2.951 2.901 2.833 2.768 2.775 2.660 2.599 2.133 1.124 0.000 0.000 3.053 3.986 5.303 5.000 0.000 0.000 0.000 1.022 3.127 3.273 3.155 3.225 3.307 3.476 3.632 0.000 0.000 0.000 0.000 0.000 0.000 0.000 0.000 0.000 0.000
3.165 3.185 3.061 0.391 2.348 1.623 1.197 2.045 2.543 2.336 2.123 2.406 2.724 2.444 2.228 2.243 1.655 1.328 0.000 0.000 2.008 3.134 3.283 3.363 3.337 3.297 3.234 3.073 2.830 3.169 3.236 3.222 3.214 3.214 3.248 3.200 3.158 3.113 3.092 3.127 3.048 3.009 2.954 2.888 2.800 2.688 2.194 0.000 0.000 0.000 0.472 2.793 3.746 5.141 5.360 4.235 0.000 0.000 0.000 2.337 2.972 3.134 3.295 3.455 3.546 3.674 3.862 0.000 0.000 0.000 0.000 0.000 0.000 0.000 0.000 0.000 0.000
3.266 3.074 2.717 2.434 2.435 0.843 1.805 2.525 2.563 2.498 2.620 2.665 2.824 2.800 2.502 2.173 2.022 1.787 0.000 0.000 0.000 2.078 3.282 3.140 2.574 2.116 1.662 2.265 2.984 2.703 3.034 3.115 3.196 3.262 3.245 3.232 3.154 3.149 3.195 3.149 3.113 3.019 2.833 2.813 2.600 0.000 0.000 0.000 0.000 0.576 2.966 3.586 4.994 5.484 4.983 0.000 0.000 0.000 1.733 2.936 3.118 3.162 3.404 3.479 3.595 3.743 3.808 0.000 0.000 0.000 0.000 0.000 0.000 0.000 0.000 0.000 0.000
2.574 2.756 0.000 2.188 0.627 2.388 2.491 2.627 2.524 2.607 2.641 2.690 2.624 2.496 2.323 2.130 2.094 2.012 0.228 0.000 0.000 0.000 3.084 1.946 0.000 0.000 0.000 0.000 2.017 0.369 0.000 0.799 0.000 2.847 3.236 3.257 3.185 3.201 3.155 3.157 3.156 2.972 0.000 0.000 0.000 0.000 0.000 0.000 2.692 3.212 3.687 4.305 5.288 4.474 2.719 0.000 0.000 1.334 2.955 3.047 3.187 3.303 3.506 3.627 3.700 3.756 3.826 0.000 0.000 0.000 0.000 0.000 0.000 0.000 0.000 0.000 0.000
0.000 1.578 1.218 1.374 2.416 0.000 1.805 2.767 2.727 2.659 2.439 2.304 2.252 2.002 1.685 1.958 1.323 1.476 1.155 0.000 0.000 0.000 1.960 2.692 0.000 0.000 0.000 0.000 0.000 0.000 0.000 0.000 0.000 2.310 2.910 2.983 3.100 3.281 2.970 1.938 3.034 0.538 2.688 0.865 0.000 0.000 2.009 2.987 3.320 3.896 4.508 5.382 3.851 0.000 0.000 0.602 0.000 2.475 3.105 3.192 3.229 3.436 3.625 3.685 3.627 3.884 3.939 0.000 0.000 0.000 0.000 0.000 0.000 0.000 0.000 0.000 0.000
0.028 2.442 2.584 2.652 2.524 0.270 1.227 2.119 2.441 2.259 1.369 0.883 0.227 0.000 0.000 0.000 0.000 0.000 0.143 3.454 3.336 2.417 4.510 2.811 0.000 0.000 0.001 0.000 0.946 0.000 0.000 0.000 1.798 3.505 2.930 2.919 1.111 2.890 3.217 3.073 2.572 2.900 2.539 2.232 3.025 3.178 2.406 3.451 4.164 5.010 5.577 3.961 0.000 0.000 0.000 2.342 2.115 3.167 3.153 3.287 3.412 3.429 3.698 3.758 3.836 3.917 3.865 0.000 0.000 0.000 0.000 0.000 0.000 0.000 0.000 0.000 0.000
2.929 0.000 2.239 2.397 2.339 0.352 0.000 0.000 1.690 0.447 1.077 0.082 1.642 3.881 4.304 4.132 4.759 4.711 5.607 5.538 5.519 5.440 5.414 5.152 5.116 5.278 4.018 4.488 4.450 0.004 2.950 1.285 4.270 3.271 4.048 3.932 3.588 3.425 3.541 2.766 0.000 0.000 0.000 2.839 2.878 0.000 0.000 2.542 5.519 5.666 4.658 0.000 0.000 0.000 0.081 2.029 3.166 3.317 3.353 3.478 3.539 3.594 3.843 3.789 3.848 3.933 3.956 0.000 0.000 0.000 0.000 0.000 0.000 0.000 0.000 0.000 0.000
0.000 0.000 0.000 0.000 0.000 0.192 0.000 0.000 0.000 0.415 3.406 4.425 5.319 5.384 5.376 5.221 5.138 4.940 4.855 4.665 4.433 4.261 4.217 4.531 4.873 4.793 2.758 3.861 5.261 5.071 4.877 5.056 5.444 4.649 5.032 1.701 2.994 1.743 2.116 0.000 0.000 0.000 0.000 3.840 1.968 2.754 0.000 4.755 5.829 5.112 3.675 0.000 2.116 2.164 1.994 3.089 3.343 3.394 3.481 3.658 3.658 3.851 3.980 3.971 3.928 3.994 3.946 0.000 0.000 0.000 0.000 0.000 0.000 0.000 0.000 0.000 0.000
0.000 0.000 0.000 0.000 0.000 0.701 0.722 2.847 4.612 5.053 5.224 5.336 5.083 4.881 4.241 4.018 0.000 0.000 0.000 0.000 1.064 2.676 0.000 0.000 2.419 0.000 0.541 0.000 0.672 0.513 2.768 2.649 4.774 5.411 5.482 5.350 5.438 5.068 4.775 3.339 1.896 0.000 4.068 5.735 5.530 5.175 5.216 5.106 3.094 2.972 0.509 0.000 1.653 2.265 3.219 3.390 3.468 3.551 3.678 3.732 3.795 4.025 3.952 4.035 4.088 4.057 4.008 0.000 0.000 0.000 0.000 0.000 0.000 0.000 0.000 0.000 0.000
0.000 0.000 0.000 0.000 0.085 4.027 5.143 5.361 5.329 5.280 5.166 5.073 2.492 0.000 1.414 0.000 0.000 0.000 0.000 0.175 0.000 0.000 0.000 0.000 0.000 0.000 0.000 2.621 2.579 3.190 3.240 0.000 1.013 1.186 0.000 0.000 1.940 4.087 1.368 1.909 4.986 4.645 4.162 2.335 2.982 0.850 3.287 0.000 0.000 0.000 0.000 2.010 2.116 3.315 3.398 3.487 3.679 3.775 3.832 3.820 3.997 4.090 4.015 4.123 4.050 4.161 4.125 0.000 0.000 0.000 0.000 0.000 0.000 0.000 0.000 0.000 0.000
0.000 0.000 0.000 1.945 4.699 5.445 5.418 5.343 5.227 5.099 4.716 3.954 0.626 0.000 0.000 0.000 0.000 0.000 1.553 1.349 0.000 0.000 0.000 0.564 0.000 0.000 0.994 0.000 0.000 0.000 0.000 2.465 2.117 0.000 0.000 0.419 3.373 0.000 0.000 0.000 0.000 1.067 0.282 0.000 0.000 0.000 0.000 0.000 0.000 0.000 0.212 2.656 3.528 3.579 3.552 3.764 3.833 3.913 3.977 4.049 4.152 4.115 4.123 4.143 4.161 4.215 4.405 0.000 0.000 0.000 0.000 0.000 0.000 0.000 0.000 0.000 0.000
2.618 1.563 3.633 5.123 5.420 5.472 5.029 4.606 4.393 4.043 2.036 0.000 0.000 0.000 0.000 0.000 0.000 2.115 3.055 3.135 3.109 3.089 2.751 2.894 2.815 2.894 3.563 0.000 0.000 0.000 0.000 0.000 0.000 0.000 0.000 0.000 0.233 0.000 0.000 0.385 1.866 2.068 0.000 0.000 0.000 0.000 0.000 1.039 1.716 3.141 3.441 3.679 3.694 3.783 3.810 3.960 4.026 4.081 4.087 4.155 4.247 4.168 4.151 4.209 4.242 4.065 4.186 0.000 0.000 0.000 0.000 0.000 0.000 0.000 0.000 0.000 0.000
2.847 4.674 5.335 5.459 5.396 5.143 4.723 0.000 3.250 1.405 0.000 0.000 0.000 0.000 0.000 2.008 1.546 1.108 2.224 2.998 3.208 3.215 2.905 1.866 1.562 1.455 1.622 2.234 1.693 2.594 2.177 4.580 1.496 3.054 3.218 3.736 3.160 3.284 3.358 4.068 3.681 3.975 3.642 3.631 3.675 3.637 3.566 3.394 3.677 3.789 3.935 3.837 3.908 3.963 4.047 4.155 4.116 4.189 4.195 4.202 4.219 4.249 4.222 4.369 4.380 4.144 4.265 0.000 0.000 0.000 0.000 0.000 0.000 0.000 0.000 0.000 0.000
5.327 5.493 5.573 5.235 4.674 3.028 2.104 3.059 1.457 0.000 0.000 0.000 0.000 0.312 2.067 2.541 0.716 0.282 0.832 1.192 1.461 1.731 2.042 0.999 1.085 1.648 1.287 1.210 0.815 1.481 2.823 2.769 2.703 2.824 2.612 2.751 1.754 2.165 1.141 1.750 0.551 3.665 3.886 3.689 3.983 4.439 4.120 4.080 4.010 4.195 4.198 4.059 3.973 4.108 4.266 4.345 4.307 4.302 4.268 4.309 4.277 4.263 4.383 4.413 4.681 4.272 4.344 0.000 0.000 0.000 0.000 0.000 0.000 0.000 0.000 0.000 0.000
5.558 5.619 5.082 1.841 2.390 2.714 3.111 3.371 0.388 0.000 0.000 0.000 2.359 3.678 3.431 2.214 0.000 0.000 0.000 0.000 0.689 1.336 1.428 0.915 1.467 1.866 0.710 0.792 2.966 1.623 0.994 0.734 0.727 0.830 1.222 1.520 1.314 0.327 0.246 0.897 1.277 3.311 2.505 1.318 0.650 2.191 1.695 4.228 4.319 4.321 4.245 3.427 0.000 3.760 4.401 4.339 4.392 4.455 4.413 4.377 4.353 4.354 4.494 4.272 4.386 4.364 4.381 0.000 0.000 0.000 0.000 0.000 0.000 0.000 0.000 0.000 0.000
5.497 4.830 3.299 1.466 0.000 2.995 0.000 0.000 0.000 0.000 2.501 3.195 3.840 3.808 3.172 1.681 0.132 0.000 0.000 0.000 0.539 1.639 1.857 1.890 2.817 1.722 1.650 2.010 1.141 0.196 0.000 0.000 0.000 0.187 2.254 3.444 3.244 2.032 0.447 0.163 1.555 1.856 0.043 0.000 0.000 0.000 1.467 3.725 4.219 4.736 4.317 0.962 0.000 0.972 4.344 4.408 4.469 4.494 4.449 4.484 4.478 4.525 4.457 4.334 4.415 4.425 4.443 0.000 0.000 0.000 0.000 0.000 0.000 0.000 0.000 0.000 0.000
3.085 0.000 0.000 0.000 0.000 3.263 3.006 2.043 0.282 3.001 3.949 3.878 3.397 2.425 1.392 0.000 1.028 0.000 0.000 0.000 0.000 1.450 1.544 2.260 2.805 2.940 2.384 1.266 0.382 0.000 0.000 0.000 0.000 1.078 3.504 3.869 2.918 1.365 0.051 0.484 0.761 0.000 0.000 0.000 0.000 0.000 0.000 0.000 4.040 4.212 4.251 4.403 3.994 3.558 4.289 4.679 4.619 4.709 4.651 4.530 4.533 4.530 4.902 4.508 4.489 4.519 4.704 0.000 0.000 0.000 0.000 0.000 0.000 0.000 0.000 0.000 0.000
0.000 0.000 0.000 0.000 0.000 3.202 3.767 3.508 3.732 4.312 3.465 2.589 3.302 3.299 3.430 4.690 3.254 3.279 2.443 0.922 1.357 1.642 2.719 3.109 3.117 2.055 1.125 0.020 0.000 0.000 0.000 0.000 0.476 2.459 2.807 1.904 1.052 0.780 0.000 0.000 0.000 0.000 0.000 0.000 0.000 0.000 0.733 3.601 4.297 4.515 4.438 3.735 4.047 4.336 4.631 4.761 4.923 4.999 4.551 4.285 4.661 4.644 4.644 4.745 4.649 4.680 4.758 0.000 0.000 0.000 0.000 0.000 0.000 0.000 0.000 0.000 0.000
0.000 0.000 0.000 0.000 3.298 3.406 3.846 3.831 2.804 3.394 2.976 1.708 2.733 2.485 4.014 1.461 0.008 0.043 1.948 2.238 2.516 3.000 2.674 1.939 1.507 0.896 0.322 0.516 0.484 0.000 0.181 0.509 2.068 2.565 1.624 0.573 0.567 0.224 0.000 0.000 0.000 0.000 0.000 0.000 0.000 0.000 0.000 3.245 3.531 3.743 4.190 4.633 4.592 4.350 4.650 4.561 4.608 4.688 4.579 4.611 4.786 4.868 4.868 4.876 4.847 4.962 4.897 0.000 0.000 0.000 0.000 0.000 0.000 0.000 0.000 0.000 0.000
0.000 0.000 2.890 2.780 3.688 3.936 3.110 2.166 2.482 2.938 2.540 2.827 2.436 2.021 0.000 0.000 0.000 0.000 0.000 0.000 0.546 1.934 1.796 1.493 0.752 0.478 0.511 1.370 1.346 1.276 1.153 1.918 2.826 2.364 1.626 1.025 0.688 0.477 0.000 0.000 0.000 0.000 0.000 0.000 0.000 0.000 0.000 0.000 0.000 0.000 3.217 3.431 3.928 3.981 3.878 4.471 4.307 4.407 3.404 3.571 4.138 4.748 4.951 5.025 4.993 4.971 4.986 0.000 0.000 0.000 0.000 0.000 0.000 0.000 0.000 0.000 0.000
0.000 2.639 3.297 3.667 4.061 4.034 3.892 2.555 2.322 2.572 2.440 2.684 2.751 1.037 0.000 0.000 0.000 0.000 0.000 0.000 0.000 0.723 2.761 1.987 1.699 1.524 1.510 1.781 2.155 2.327 2.451 3.143 3.844 1.984 1.362 0.919 1.658 1.216 0.444 0.000 0.000 0.000 0.000 0.000 0.000 0.000 0.000 0.000 0.000 0.000 1.263 1.824 2.367 0.000 0.000 0.881 0.000 0.531 0.778 0.749 1.409 2.913 3.954 4.703 4.930 5.027 4.941 0.000 0.000 0.000 0.000 0.000 0.000 0.000 0.000 0.000 0.000
0.000 3.417 3.736 4.093 4.028 4.203 3.947 3.479 3.537 2.079 2.353 2.523 1.182 0.000 0.000 0.000 0.000 0.000 0.000 0.000 0.000 0.000 1.222 0.433 0.000 0.000 0.000 0.000 0.000 0.963 1.408 2.846 5.266 4.344 2.426 0.927 0.000 0.000 0.000 0.000 0.000 0.000 0.000 0.000 0.000 0.000 0.000 0.000 0.000 0.000 0.306 0.683 0.854 0.000 0.000 0.000 0.145 0.566 0.547 0.000 0.991 1.171 1.214 3.202 4.242 5.160 4.731 0.000 0.000 0.000 0.000 0.000 0.000 0.000 0.000 0.000 0.000
3.709 3.878 4.140 4.245 4.198 4.194 3.589 2.984 2.658 2.584 2.937 2.493 0.000 0.000 0.000 0.000 0.000 0.000 0.000 0.000 0.000 0.000 0.000 0.000 0.000 0.000 0.000 0.000 0.000 0.000 0.000 3.807 5.757 4.082 2.668 1.409 0.000 0.000 0.000 0.000 0.000 0.000 0.000 0.000 0.000 0.000 0.000 0.000 0.000 0.000 0.163 0.273 0.277 0.120 0.093 0.284 0.477 0.330 0.590 0.612 0.967 1.256 0.000 1.682 2.651 3.738 4.150 0.000 0.000 0.000 0.000 0.000 0.000 0.000 0.000 0.000 0.000
3.428 3.759 4.115 4.407 4.149 3.523 2.597 2.778 2.459 2.999 2.867 0.176 0.000 0.000 0.000 0.000 0.000 0.000 0.000 0.000 0.000 0.000 0.000 0.000 0.000 0.000 0.000 0.000 0.000 0.000 0.000 0.000 3.872 2.801 0.000 0.000 0.000 0.000 0.000 0.000 0.000 0.000 0.000 0.000 0.000 0.000 0.000 0.000 0.000 0.000 0.000 0.000 0.000 0.035 0.000 0.371 0.613 0.609 0.542 0.515 0.835 1.418 1.653 1.775 2.219 2.907 3.232 0.000 0.000 0.000 0.000 0.000 0.000 0.000 0.000 0.000 0.000
2.754 2.501 4.155 4.304 3.382 2.613 2.901 3.303 3.316 2.558 1.024 0.000 0.000 0.000 0.000 0.000 0.000 0.000 0.000 0.000 0.000 0.000 0.000 0.000 0.000 0.000 0.000 0.000 0.000 0.000 0.000 0.000 0.000 0.000 0.000 0.000 0.000 0.000 0.000 0.000 0.000 0.000 0.000 0.000 0.000 0.000 0.000 0.000 0.000 0.000 0.000 0.000 0.000 0.049 0.000 0.230 0.288 0.315 0.410 0.374 0.500 1.158 1.576 1.838 2.047 2.619 3.000 0.000 0.000 0.000 0.000 0.000 0.000 0.000 0.000 0.000 0.000
3.134 2.817 4.423 4.423 3.473 2.569 2.700 1.381 0.269 0.000 0.000 0.000 0.000 0.000 0.000 0.000 0.000 0.000 0.000 0.000 0.000 0.000 0.000 0.000 0.000 0.000 0.000 0.000 0.000 0.000 0.000 0.000 0.000 0.000 0.000 0.000 0.000 0.000 0.000 0.000 0.000 0.000 0.000 0.000 0.000 0.000 0.000 0.000 0.000 0.000 0.000 0.000 0.000 0.000 0.000 0.087 0.000 0.091 0.361 0.394 0.322 0.762 1.124 1.845 1.904 2.259 2.666 0.000 0.000 0.000 0.000 0.000 0.000 0.000 0.000 0.000 0.000
1.649 3.804 4.484 4.446 3.643 3.191 3.766 1.742 0.000 0.000 0.000 0.000 0.000 0.000 0.000 0.000 0.000 0.000 0.000 0.000 0.000 0.000 0.000 0.000 0.000 0.000 0.000 0.000 0.000 0.000 0.000 0.000 0.000 0.000 0.000 0.000 0.000 0.000 0.000 0.000 0.000 0.000 0.000 0.000 0.000 0.000 0.000 0.000 0.000 0.000 0.000 0.000 0.000 0.000 0.000 0.000 0.003 0.000 0.065 0.475 0.000 0.442 1.124 1.525 1.828 2.013 2.323 0.000 0.000 0.000 0.000 0.000 0.000 0.000 0.000 0.000 0.000
3.960 4.389 4.720 4.609 3.195 3.242 2.896 3.597 1.432 0.000 0.000 0.000 0.000 0.000 0.000 0.000 0.000 0.000 0.000 0.000 0.000 0.000 0.000 0.000 0.000 0.000 0.000 0.000 0.000 0.000 0.000 0.000 0.000 0.000 0.000 0.000 0.000 0.000 0.000 0.000 0.000 0.000 0.000 0.000 0.000 0.000 0.000 0.000 0.000 0.000 0.000 0.000 0.000 0.000 0.000 0.005 0.027 0.245 0.316 0.144 0.233 0.176 0.957 1.403 1.785 1.995 2.204 0.000 0.000 0.000 0.000 0.000 0.000 0.000 0.000 0.000 0.000
3.149 4.587 4.941 4.808 4.474 3.505 3.134 3.840 3.416 0.228 0.000 0.000 0.000 0.000 0.000 0.000 0.000 0.000 0.000 0.000 0.000 0.000 0.000 0.000 0.000 0.000 0.000 0.000 0.000 0.000 0.000 0.000 0.000 0.000 0.000 0.000 0.000 0.000 0.000 0.000 0.000 0.000 0.000 0.000 0.000 0.000 0.000 0.000 0.000 0.000 0.000 0.000 0.000 0.000 0.000 0.000 0.105 0.218 0.130 0.119 0.441 0.729 0.934 1.368 1.738 1.996 2.187 0.000 0.000 0.000 0.000 0.000 0.000 0.000 0.000 0.000 0.000
