LISFLOOD_FP/Result/4_LISFLOOD_FP/combined_output/combined_angle_90_x_0_y_0/out-0011.wd
ncols         192
nrows         192
xllcorner     1771145.000000
yllcorner     5471774.000000
cellsize      10.000000
NODATA_value  -9999.000000
[rows 102 to 135 of 192, columns 77 to 153 of 192]
0.000 0.000 0.000 0.000 0.000 0.000 0.000 0.000 0.000 0.000 0.000 0.000 0.000 0.000 0.000 0.000 0.000 0.000 0.000 0.000 0.000 0.000 0.000 0.000 0.000 0.142 0.063 0.029 0.000 0.000 0.000 1.383 0.240 0.572 0.570 0.000 0.000 0.000 0.818 2.206 2.576 2.587 2.546 2.458 2.327 2.317 2.224 2.187 2.115 2.050 1.971 0.000 0.000 0.000 0.000 0.000 4.440 5.273 4.514 2.377 1.759 2.428 2.858 2.926 3.124 3.224 3.301 0.000 0.000 0.000 0.000 0.000 0.000 0.000 0.000 0.000 0.000
0.000 0.000 0.000 0.000 0.000 0.000 0.000 0.000 0.000 0.000 0.000 0.000 0.000 0.000 0.000 0.000 0.000 0.000 0.000 0.000 0.000 0.001 0.000 0.113 0.000 0.053 0.233 0.000 0.000 0.000 0.000 0.000 0.000 0.000 0.000 0.000 0.000 0.403 2.534 2.733 2.695 2.639 2.593 2.553 2.473 2.402 2.271 2.220 2.142 2.138 2.000 0.000 0.000 1.921 2.679 4.054 5.057 5.238 4.002 2.551 1.666 2.715 2.948 3.050 3.198 3.303 3.429 0.000 0.000 0.000 0.000 0.000 0.000 0.000 0.000 0.000 0.000
0.000 0.000 0.000 0.000 0.000 0.000 0.000 0.000 0.000 0.000 0.000 0.000 0.000 0.000 0.000 0.000 0.000 0.000 0.000 0.000 0.000 0.014 0.000 0.120 0.075 0.094 0.069 0.202 0.000 0.000 0.000 0.000 0.000 0.000 0.000 0.000 1.378 2.606 2.777 2.771 2.683 2.641 2.629 2.566 2.480 2.453 2.348 2.283 2.187 2.141 2.020 0.000 0.000 2.028 3.340 4.686 5.259 4.333 2.749 2.332 1.684 2.826 3.042 3.153 3.274 3.358 3.552 0.000 0.000 0.000 0.000 0.000 0.000 0.000 0.000 0.000 0.000
0.000 0.000 0.000 0.000 0.000 0.000 0.000 0.000 0.000 0.000 0.000 0.000 0.000 0.000 0.000 0.000 0.000 0.000 0.000 0.000 0.000 0.798 0.000 0.100 0.000 1.454 0.000 0.000 0.000 0.000 0.000 0.000 0.000 0.000 2.254 2.659 2.879 2.929 2.864 2.731 2.705 2.665 2.641 2.554 2.514 2.463 2.453 2.342 2.256 2.211 1.947 0.000 0.000 2.851 3.899 5.336 3.837 0.511 0.000 0.000 2.426 2.892 3.177 3.157 3.377 3.419 3.376 0.000 0.000 0.000 0.000 0.000 0.000 0.000 0.000 0.000 0.000
0.000 0.000 0.000 0.000 0.000 0.000 0.000 0.000 0.000 0.000 0.000 0.000 0.000 0.000 0.000 0.000 0.000 0.000 0.000 0.000 0.000 0.394 0.000 0.000 0.000 0.157 0.000 0.000 0.000 0.000 0.000 0.000 1.980 2.750 2.940 2.942 2.969 2.921 2.872 2.816 2.788 2.721 2.650 2.598 2.563 2.551 2.505 2.444 2.377 2.238 1.344 0.000 1.840 3.208 3.995 5.280 2.040 0.000 0.000 0.000 2.791 3.020 3.310 3.188 3.207 3.332 3.427 0.000 0.000 0.000 0.000 0.000 0.000 0.000 0.000 0.000 0.000
0.836 1.151 0.527 0.000 0.000 0.000 0.000 0.000 1.470 0.000 0.000 0.000 0.843 0.000 0.000 0.516 0.000 0.000 0.000 0.000 0.000 0.110 2.369 2.710 2.916 2.877 2.737 1.275 0.670 1.896 2.430 2.723 2.977 3.006 2.988 2.992 2.982 2.931 2.871 2.909 2.821 2.810 2.759 2.692 2.626 2.633 2.518 2.457 1.991 0.982 0.000 0.000 2.979 3.912 5.229 4.926 0.000 0.000 0.000 0.953 3.057 3.203 3.085 3.155 3.238 3.406 3.562 0.000 0.000 0.000 0.000 0.000 0.000 0.000 0.000 0.000 0.000
1.816 1.835 1.715 0.000 1.339 0.871 0.753 1.663 2.163 1.957 1.744 2.028 2.346 2.065 1.850 1.865 1.278 0.952 0.000 0.000 1.868 2.995 3.144 3.224 3.198 3.158 3.095 2.935 2.692 3.031 3.098 3.083 3.075 3.074 3.108 3.059 3.017 2.972 2.952 2.986 2.908 2.868 2.813 2.746 2.658 2.546 2.052 0.000 0.000 0.000 0.397 2.718 3.672 5.067 5.286 4.161 0.000 0.000 0.000 2.268 2.903 3.064 3.226 3.385 3.476 3.605 3.792 0.000 0.000 0.000 0.000 0.000 0.000 0.000 0.000 0.000 0.000
1.919 1.725 1.398 1.250 1.354 0.373 1.421 2.144 2.183 2.119 2.241 2.287 2.446 2.422 2.124 1.795 1.645 1.411 0.000 0.000 0.000 1.938 3.142 3.000 2.435 1.976 1.524 2.127 2.846 2.565 2.896 2.976 3.057 3.122 3.104 3.092 3.014 3.009 3.054 3.008 2.973 2.878 2.692 2.672 2.459 0.000 0.000 0.000 0.000 0.499 2.890 3.511 4.920 5.410 4.909 0.000 0.000 0.000 1.664 2.866 3.049 3.093 3.335 3.410 3.526 3.674 3.739 0.000 0.000 0.000 0.000 0.000 0.000 0.000 0.000 0.000 0.000
1.233 1.399 0.000 1.000 0.150 2.009 2.111 2.247 2.145 2.228 2.263 2.312 2.246 2.119 1.945 1.752 1.717 1.636 0.000 0.000 0.000 0.000 2.941 1.799 0.000 0.000 0.000 0.000 1.879 0.231 0.000 0.659 0.000 2.706 3.095 3.117 3.044 3.061 3.015 3.016 3.016 2.832 0.000 0.000 0.000 0.000 0.000 0.000 2.615 3.135 3.610 4.230 5.213 4.400 2.644 0.000 0.000 1.265 2.886 2.977 3.118 3.234 3.436 3.557 3.631 3.686 3.757 0.000 0.000 0.000 0.000 0.000 0.000 0.000 0.000 0.000 0.000
0.000 0.053 0.000 0.068 0.330 0.000 1.426 2.388 2.348 2.280 2.061 1.926 1.874 1.624 1.307 1.581 0.946 1.099 0.777 0.000 0.000 0.000 1.802 2.528 0.000 0.000 0.000 0.000 0.000 0.000 0.000 0.000 0.000 2.169 2.769 2.843 2.960 3.140 2.830 1.798 2.895 0.428 2.582 0.762 0.000 0.000 1.930 2.909 3.242 3.819 4.431 5.306 3.775 0.000 0.000 0.533 0.000 2.406 3.036 3.123 3.160 3.367 3.556 3.616 3.558 3.815 3.870 0.000 0.000 0.000 0.000 0.000 0.000 0.000 0.000 0.000 0.000
0.000 0.136 0.330 0.420 0.340 0.000 0.851 1.741 2.062 1.880 1.034 0.511 0.108 0.000 0.000 0.000 0.000 0.000 0.024 3.276 3.158 2.241 4.337 2.641 0.000 0.000 0.000 0.000 0.788 0.000 0.000 0.000 1.656 3.364 2.789 2.778 0.971 2.750 3.077 2.934 2.438 2.779 2.432 2.143 2.940 3.094 2.325 3.373 4.086 4.933 5.499 3.884 0.000 0.000 0.000 2.273 2.046 3.098 3.084 3.218 3.343 3.360 3.629 3.688 3.767 3.848 3.796 0.000 0.000 0.000 0.000 0.000 0.000 0.000 0.000 0.000 0.000
1.314 0.000 0.000 0.092 0.105 0.037 0.000 0.000 1.310 0.250 0.879 0.000 1.452 3.688 4.111 3.941 4.571 4.526 5.425 5.358 5.341 5.264 5.240 4.979 4.944 5.108 3.853 4.329 4.292 0.000 2.801 1.139 4.127 3.129 3.907 3.791 3.447 3.285 3.401 2.626 0.000 0.000 0.000 2.754 2.794 0.000 0.000 2.464 5.441 5.588 4.580 0.000 0.000 0.000 0.001 1.960 3.097 3.248 3.284 3.408 3.470 3.525 3.774 3.720 3.779 3.864 3.887 0.000 0.000 0.000 0.000 0.000 0.000 0.000 0.000 0.000 0.000
0.000 0.000 0.000 0.000 0.000 0.049 0.000 0.000 0.000 0.236 3.199 4.219 5.118 5.186 5.182 5.029 4.949 4.755 4.672 4.484 4.254 4.085 4.043 4.358 4.701 4.622 2.594 3.702 5.106 4.918 4.728 4.910 5.301 4.507 4.890 1.560 2.854 1.603 1.977 0.000 0.000 0.000 0.000 3.755 1.884 2.671 0.000 4.676 5.751 5.034 3.597 0.000 2.047 2.095 1.925 3.020 3.274 3.324 3.412 3.589 3.589 3.782 3.911 3.902 3.859 3.925 3.877 0.000 0.000 0.000 0.000 0.000 0.000 0.000 0.000 0.000 0.000
0.000 0.000 0.000 0.000 0.000 0.489 0.503 2.627 4.393 4.836 5.011 5.127 4.880 4.682 4.045 3.823 0.000 0.000 0.000 0.000 0.889 2.500 0.000 0.000 2.248 0.000 0.355 0.000 0.528 0.369 2.624 2.505 4.631 5.269 5.340 5.209 5.298 4.929 4.638 3.209 1.787 0.000 3.982 5.651 5.447 5.092 5.135 5.026 3.015 2.894 0.431 0.000 1.584 2.196 3.150 3.321 3.399 3.482 3.608 3.663 3.726 3.955 3.883 3.965 4.019 3.987 3.939 0.000 0.000 0.000 0.000 0.000 0.000 0.000 0.000 0.000 0.000
0.000 0.000 0.000 0.000 0.000 3.799 4.917 5.137 5.108 5.062 4.951 4.860 2.283 0.000 1.218 0.000 0.000 0.000 0.000 0.047 0.000 0.000 0.000 0.000 0.000 0.000 0.000 2.477 2.435 3.046 3.096 0.000 0.871 1.043 0.000 0.000 1.801 3.949 1.244 1.800 4.895 4.555 4.075 2.249 2.897 0.769 3.206 0.000 0.000 0.000 0.000 1.941 2.047 3.246 3.329 3.418 3.610 3.706 3.763 3.751 3.928 4.021 3.946 4.054 3.981 4.092 4.056 0.000 0.000 0.000 0.000 0.000 0.000 0.000 0.000 0.000 0.000
0.000 0.000 0.000 1.710 4.466 5.214 5.190 5.119 5.006 4.879 4.499 3.739 0.415 0.000 0.000 0.000 0.000 0.000 1.456 1.252 0.000 0.000 0.000 0.467 0.000 0.000 0.898 0.000 0.000 0.000 0.000 2.323 1.974 0.000 0.000 0.280 3.235 0.000 0.000 0.000 0.000 1.001 0.213 0.000 0.000 0.000 0.000 0.000 0.000 0.000 0.131 2.587 3.459 3.510 3.483 3.695 3.764 3.844 3.908 3.980 4.083 4.046 4.054 4.074 4.092 4.146 4.336 0.000 0.000 0.000 0.000 0.000 0.000 0.000 0.000 0.000 0.000
2.371 1.319 3.392 4.885 5.184 5.240 4.799 4.380 4.170 3.821 1.816 0.000 0.000 0.000 0.000 0.000 0.000 2.018 2.959 3.038 3.012 2.992 2.654 2.797 2.719 2.798 3.468 0.000 0.000 0.000 0.000 0.000 0.000 0.000 0.000 0.000 0.128 0.000 0.000 0.321 1.803 2.004 0.000 0.000 0.000 0.000 0.000 0.971 1.647 3.072 3.372 3.611 3.625 3.714 3.741 3.891 3.957 4.012 4.018 4.086 4.178 4.099 4.082 4.140 4.173 3.996 4.117 0.000 0.000 0.000 0.000 0.000 0.000 0.000 0.000 0.000 0.000
2.600 4.428 5.092 5.219 5.159 4.908 4.490 0.000 3.026 1.182 0.000 0.000 0.000 0.000 0.000 1.774 1.356 0.999 2.128 2.901 3.111 3.118 2.808 1.769 1.466 1.361 1.532 2.154 1.622 2.530 2.114 4.517 1.434 2.994 3.157 3.675 3.099 3.223 3.296 4.005 3.617 3.911 3.578 3.566 3.609 3.571 3.498 3.326 3.608 3.720 3.866 3.768 3.839 3.894 3.978 4.086 4.047 4.120 4.126 4.132 4.150 4.180 4.153 4.300 4.311 4.075 4.196 0.000 0.000 0.000 0.000 0.000 0.000 0.000 0.000 0.000 0.000
5.077 5.246 5.328 4.994 4.435 2.789 1.866 2.820 1.227 0.000 0.000 0.000 0.000 0.001 1.813 2.290 0.518 0.194 0.738 1.096 1.364 1.633 1.944 0.902 0.989 1.553 1.197 1.127 0.745 1.417 2.761 2.708 2.642 2.763 2.551 2.689 1.692 2.103 1.079 1.687 0.487 3.601 3.822 3.624 3.917 4.372 4.052 4.012 3.941 4.127 4.130 3.991 3.904 4.039 4.197 4.276 4.238 4.233 4.199 4.240 4.208 4.194 4.314 4.344 4.612 4.203 4.275 0.000 0.000 0.000 0.000 0.000 0.000 0.000 0.000 0.000 0.000
5.306 5.369 4.834 1.597 2.148 2.472 2.872 3.132 0.113 0.000 0.000 0.000 2.102 3.420 3.174 1.959 0.000 0.000 0.000 0.000 0.591 1.238 1.330 0.817 1.370 1.769 0.622 0.711 2.895 1.555 0.928 0.670 0.664 0.767 1.159 1.457 1.251 0.259 0.189 0.838 1.215 3.247 2.441 1.253 0.584 2.124 1.627 4.160 4.251 4.252 4.176 3.358 0.000 3.691 4.332 4.270 4.323 4.386 4.344 4.308 4.284 4.285 4.425 4.203 4.317 4.295 4.312 0.000 0.000 0.000 0.000 0.000 0.000 0.000 0.000 0.000 0.000
5.244 4.579 3.050 1.219 0.000 2.741 0.000 0.000 0.000 0.000 2.241 2.937 3.582 3.550 2.914 1.425 0.000 0.000 0.000 0.000 0.441 1.541 1.758 1.791 2.718 1.624 1.553 1.914 1.061 0.130 0.000 0.000 0.000 0.120 2.189 3.380 3.179 1.967 0.368 0.104 1.493 1.793 0.000 0.000 0.000 0.000 1.399 3.657 4.150 4.667 4.248 0.893 0.000 0.904 4.275 4.339 4.400 4.425 4.380 4.415 4.409 4.456 4.388 4.265 4.346 4.356 4.374 0.000 0.000 0.000 0.000 0.000 0.000 0.000 0.000 0.000 0.000
2.828 0.000 0.000 0.000 0.000 3.001 2.743 1.780 0.000 2.739 3.689 3.619 3.138 2.167 1.135 0.000 0.795 0.000 0.000 0.000 0.000 1.351 1.445 2.161 2.706 2.842 2.285 1.168 0.293 0.000 0.000 0.000 0.000 1.013 3.440 3.804 2.853 1.300 0.000 0.425 0.700 0.000 0.000 0.000 0.000 0.000 0.000 0.000 3.972 4.143 4.182 4.335 3.925 3.489 4.220 4.610 4.550 4.640 4.582 4.461 4.464 4.461 4.833 4.439 4.420 4.449 4.635 0.000 0.000 0.000 0.000 0.000 0.000 0.000 0.000 0.000 0.000
0.000 0.000 0.000 0.000 0.000 2.937 3.503 3.244 3.468 4.049 3.203 2.330 3.044 3.044 3.180 4.447 3.020 3.054 2.246 0.798 1.251 1.540 2.619 3.010 3.018 1.956 1.026 0.000 0.000 0.000 0.000 0.000 0.411 2.394 2.743 1.840 0.988 0.715 0.000 0.000 0.000 0.000 0.000 0.000 0.000 0.000 0.664 3.533 4.228 4.446 4.370 3.666 3.978 4.267 4.562 4.692 4.855 4.930 4.482 4.216 4.592 4.575 4.575 4.676 4.580 4.611 4.689 0.000 0.000 0.000 0.000 0.000 0.000 0.000 0.000 0.000 0.000
0.000 0.000 0.000 0.000 3.030 3.139 3.581 3.567 2.540 3.130 2.713 1.447 2.475 2.229 3.762 1.209 0.000 0.000 1.798 2.115 2.406 2.896 2.573 1.840 1.407 0.796 0.258 0.455 0.421 0.000 0.116 0.445 2.003 2.501 1.559 0.508 0.502 0.159 0.000 0.000 0.000 0.000 0.000 0.000 0.000 0.000 0.000 3.176 3.462 3.675 4.121 4.564 4.523 4.282 4.581 4.493 4.539 4.619 4.510 4.542 4.717 4.799 4.799 4.807 4.778 4.893 4.828 0.000 0.000 0.000 0.000 0.000 0.000 0.000 0.000 0.000 0.000
0.000 0.000 2.620 2.510 3.419 3.668 2.842 1.901 2.217 2.674 2.276 2.563 2.175 1.763 0.000 0.000 0.000 0.000 0.000 0.000 0.445 1.833 1.696 1.395 0.656 0.398 0.448 1.309 1.284 1.213 1.089 1.854 2.761 2.300 1.562 0.960 0.623 0.411 0.000 0.000 0.000 0.000 0.000 0.000 0.000 0.000 0.000 0.000 0.000 0.000 3.148 3.362 3.859 3.912 3.809 4.402 4.238 4.338 3.335 3.502 4.069 4.679 4.882 4.956 4.924 4.902 4.917 0.000 0.000 0.000 0.000 0.000 0.000 0.000 0.000 0.000 0.000
0.000 2.368 3.027 3.397 3.791 3.765 3.623 2.287 2.055 2.307 2.175 2.420 2.488 0.776 0.000 0.000 0.000 0.000 0.000 0.000 0.000 0.624 2.665 1.892 1.611 1.447 1.442 1.718 2.092 2.263 2.387 3.078 3.779 1.919 1.297 0.854 1.593 1.151 0.379 0.000 0.000 0.000 0.000 0.000 0.000 0.000 0.000 0.000 0.000 0.000 1.194 1.755 2.298 0.000 0.000 0.812 0.000 0.462 0.709 0.680 1.340 2.844 3.885 4.634 4.861 4.958 4.872 0.000 0.000 0.000 0.000 0.000 0.000 0.000 0.000 0.000 0.000
0.000 3.146 3.465 3.822 3.758 3.933 3.678 3.211 3.269 1.812 2.087 2.258 0.918 0.000 0.000 0.000 0.000 0.000 0.000 0.000 0.000 0.000 1.125 0.336 0.000 0.000 0.000 0.000 0.000 0.899 1.344 2.782 5.202 4.279 2.362 0.862 0.000 0.000 0.000 0.000 0.000 0.000 0.000 0.000 0.000 0.000 0.000 0.000 0.000 0.000 0.237 0.614 0.785 0.000 0.000 0.000 0.075 0.497 0.478 0.000 0.922 1.102 1.145 3.133 4.173 5.091 4.662 0.000 0.000 0.000 0.000 0.000 0.000 0.000 0.000 0.000 0.000
3.437 3.606 3.869 3.974 3.928 3.923 3.319 2.715 2.389 2.315 2.670 2.226 0.000 0.000 0.000 0.000 0.000 0.000 0.000 0.000 0.000 0.000 0.000 0.000 0.000 0.000 0.000 0.000 0.000 0.000 0.000 3.743 5.692 4.018 2.603 1.344 0.000 0.000 0.000 0.000 0.000 0.000 0.000 0.000 0.000 0.000 0.000 0.000 0.000 0.000 0.094 0.205 0.208 0.043 0.008 0.215 0.408 0.261 0.521 0.543 0.898 1.187 0.000 1.613 2.582 3.669 4.081 0.000 0.000 0.000 0.000 0.000 0.000 0.000 0.000 0.000 0.000
3.156 3.487 3.843 4.136 3.878 3.252 2.326 2.509 2.191 2.730 2.599 0.000 0.000 0.000 0.000 0.000 0.000 0.000 0.000 0.000 0.000 0.000 0.000 0.000 0.000 0.000 0.000 0.000 0.000 0.000 0.000 0.000 3.808 2.736 0.000 0.000 0.000 0.000 0.000 0.000 0.000 0.000 0.000 0.000 0.000 0.000 0.000 0.000 0.000 0.000 0.000 0.000 0.000 0.000 0.000 0.302 0.544 0.540 0.472 0.446 0.766 1.349 1.584 1.706 2.150 2.838 3.163 0.000 0.000 0.000 0.000 0.000 0.000 0.000 0.000 0.000 0.000
2.482 2.228 3.882 4.031 3.109 2.341 2.630 3.033 3.046 2.289 0.756 0.000 0.000 0.000 0.000 0.000 0.000 0.000 0.000 0.000 0.000 0.000 0.000 0.000 0.000 0.000 0.000 0.000 0.000 0.000 0.000 0.000 0.000 0.000 0.000 0.000 0.000 0.000 0.000 0.000 0.000 0.000 0.000 0.000 0.000 0.000 0.000 0.000 0.000 0.000 0.000 0.000 0.000 0.000 0.000 0.161 0.219 0.245 0.341 0.305 0.431 1.089 1.507 1.769 1.978 2.550 2.931 0.000 0.000 0.000 0.000 0.000 0.000 0.000 0.000 0.000 0.000
2.860 2.543 4.149 4.149 3.199 2.296 2.427 1.107 0.000 0.000 0.000 0.000 0.000 0.000 0.000 0.000 0.000 0.000 0.000 0.000 0.000 0.000 0.000 0.000 0.000 0.000 0.000 0.000 0.000 0.000 0.000 0.000 0.000 0.000 0.000 0.000 0.000 0.000 0.000 0.000 0.000 0.000 0.000 0.000 0.000 0.000 0.000 0.000 0.000 0.000 0.000 0.000 0.000 0.000 0.000 0.002 0.000 0.004 0.292 0.325 0.253 0.693 1.055 1.776 1.835 2.190 2.597 0.000 0.000 0.000 0.000 0.000 0.000 0.000 0.000 0.000 0.000
1.374 3.529 4.210 4.171 3.368 2.917 3.491 1.467 0.000 0.000 0.000 0.000 0.000 0.000 0.000 0.000 0.000 0.000 0.000 0.000 0.000 0.000 0.000 0.000 0.000 0.000 0.000 0.000 0.000 0.000 0.000 0.000 0.000 0.000 0.000 0.000 0.000 0.000 0.000 0.000 0.000 0.000 0.000 0.000 0.000 0.000 0.000 0.000 0.000 0.000 0.000 0.000 0.000 0.000 0.000 0.000 0.000 0.000 0.000 0.406 0.000 0.373 1.055 1.456 1.759 1.944 2.254 0.000 0.000 0.000 0.000 0.000 0.000 0.000 0.000 0.000 0.000
3.685 4.114 4.445 4.334 2.920 2.967 2.620 3.320 1.156 0.000 0.000 0.000 0.000 0.000 0.000 0.000 0.000 0.000 0.000 0.000 0.000 0.000 0.000 0.000 0.000 0.000 0.000 0.000 0.000 0.000 0.000 0.000 0.000 0.000 0.000 0.000 0.000 0.000 0.000 0.000 0.000 0.000 0.000 0.000 0.000 0.000 0.000 0.000 0.000 0.000 0.000 0.000 0.000 0.000 0.000 0.000 0.000 0.064 0.150 0.064 0.164 0.107 0.888 1.334 1.716 1.926 2.135 0.000 0.000 0.000 0.000 0.000 0.000 0.000 0.000 0.000 0.000
2.873 4.311 4.665 4.532 4.198 3.228 2.858 3.563 3.139 0.000 0.000 0.000 0.000 0.000 0.000 0.000 0.000 0.000 0.000 0.000 0.000 0.000 0.000 0.000 0.000 0.000 0.000 0.000 0.000 0.000 0.000 0.000 0.000 0.000 0.000 0.000 0.000 0.000 0.000 0.000 0.000 0.000 0.000 0.000 0.000 0.000 0.000 0.000 0.000 0.000 0.000 0.000 0.000 0.000 0.000 0.000 0.000 0.015 0.022 0.042 0.372 0.660 0.865 1.299 1.669 1.927 2.118 0.000 0.000 0.000 0.000 0.000 0.000 0.000 0.000 0.000 0.000
