LISFLOOD_FP/Result/4_LISFLOOD_FP/combined_output/combined_angle_90_x_0_y_0/out-0010.elev
ncols         192
nrows         192
xllcorner     1771145.000000
yllcorner     5471774.000000
cellsize      10.000000
NODATA_value  -9999.000000
[rows 108 to 134 of 192, columns 61 to 121 of 192]
-9999.000 -9999.000 -9999.000 -9999.000 -9999.000 -9999.000 -9999.000 -9999.000 -9999.000 -9999.000 -9999.000 -9999.000 -9999.000 -9999.000 -9999.000 -9999.000 -9999.000 -9999.000 -9999.000 -9999.000 -9999.000 -9999.000 -9999.000 8.671 8.672 8.673 8.672 8.670 8.668 8.666 8.663 8.662 8.662 -9999.000 -9999.000 -9999.000 11.399 11.399 11.400 11.408 11.423 11.440 11.464 11.513 11.566 11.606 11.627 11.642 11.655 11.664 11.671 11.676 11.682 11.687 11.692 11.697 11.701 11.704 11.707 11.710 11.712
-9999.000 -9999.000 -9999.000 -9999.000 -9999.000 -9999.000 -9999.000 -9999.000 -9999.000 -9999.000 -9999.000 -9999.000 -9999.000 -9999.000 -9999.000 -9999.000 -9999.000 -9999.000 -9999.000 -9999.000 -9999.000 -9999.000 8.671 8.672 8.673 8.674 8.673 8.671 8.669 8.666 8.663 8.660 8.658 8.655 -9999.000 -9999.000 -9999.000 11.396 11.388 11.397 11.417 11.437 11.480 11.533 11.571 11.602 11.627 11.641 11.654 11.664 11.669 11.675 11.681 11.686 11.691 11.696 11.701 11.703 11.707 11.709 11.710
-9999.000 -9999.000 -9999.000 -9999.000 -9999.000 -9999.000 -9999.000 -9999.000 -9999.000 -9999.000 -9999.000 -9999.000 -9999.000 -9999.000 -9999.000 -9999.000 -9999.000 -9999.000 -9999.000 -9999.000 -9999.000 8.672 8.672 8.674 8.675 8.676 8.676 8.672 8.669 8.666 8.663 8.659 8.657 8.655 -9999.000 -9999.000 -9999.000 -9999.000 11.349 11.319 -9999.000 -9999.000 -9999.000 -9999.000 11.571 11.541 -9999.000 11.638 -9999.000 11.665 11.669 11.673 11.680 11.685 11.690 11.696 11.702 11.703 -9999.000 -9999.000 -9999.000
-9999.000 -9999.000 -9999.000 -9999.000 -9999.000 -9999.000 -9999.000 -9999.000 -9999.000 -9999.000 -9999.000 -9999.000 -9999.000 -9999.000 -9999.000 -9999.000 -9999.000 -9999.000 -9999.000 -9999.000 -9999.000 -9999.000 8.672 8.676 8.678 8.681 8.687 8.675 8.671 8.667 8.659 8.656 -9999.000 -9999.000 -9999.000 -9999.000 -9999.000 -9999.000 11.211 11.179 -9999.000 -9999.000 -9999.000 -9999.000 -9999.000 -9999.000 -9999.000 -9999.000 -9999.000 11.662 11.666 11.671 11.679 11.685 11.689 11.696 11.708 11.870 11.959 11.998 -9999.000
-9999.000 -9999.000 -9999.000 -9999.000 -9999.000 -9999.000 -9999.000 -9999.000 -9999.000 -9999.000 -9999.000 -9999.000 -9999.000 -9999.000 -9999.000 -9999.000 -9999.000 -9999.000 -9999.000 -9999.000 -9999.000 -9999.000 -9999.000 8.679 8.683 8.700 9.272 -9999.000 -9999.000 -9999.000 -9999.000 -9999.000 -9999.000 -9999.000 -9999.000 10.983 10.993 11.034 11.082 11.118 -9999.000 -9999.000 -9999.000 -9999.000 11.319 -9999.000 -9999.000 -9999.000 11.641 11.652 11.659 11.664 11.678 11.685 11.689 11.698 11.738 11.843 11.958 12.124 12.179
-9999.000 -9999.000 -9999.000 -9999.000 -9999.000 -9999.000 -9999.000 -9999.000 -9999.000 -9999.000 -9999.000 -9999.000 -9999.000 -9999.000 -9999.000 -9999.000 -9999.000 -9999.000 -9999.000 -9999.000 -9999.000 -9999.000 -9999.000 -9999.000 8.671 10.066 10.245 -9999.000 10.684 10.698 10.717 10.754 10.810 10.860 10.915 10.957 10.991 11.029 11.069 11.098 11.121 11.144 11.222 11.293 11.323 -9999.000 11.538 11.579 11.629 11.644 11.653 11.662 11.672 11.682 11.687 11.691 -9999.000 -9999.000 -9999.000 12.172 12.176
-9999.000 -9999.000 -9999.000 -9999.000 -9999.000 -9999.000 -9999.000 -9999.000 -9999.000 -9999.000 -9999.000 -9999.000 -9999.000 -9999.000 -9999.000 -9999.000 -9999.000 -9999.000 -9999.000 -9999.000 -9999.000 -9999.000 -9999.000 -9999.000 -9999.000 10.473 10.549 10.580 10.625 10.667 10.703 10.741 10.802 10.857 10.908 10.950 10.989 11.028 11.066 11.097 11.120 11.139 11.226 11.309 11.363 11.439 11.525 11.578 11.619 11.637 11.646 11.661 11.673 11.682 11.688 -9999.000 -9999.000 -9999.000 -9999.000 12.177 12.182
-9999.000 -9999.000 -9999.000 -9999.000 -9999.000 -9999.000 -9999.000 -9999.000 -9999.000 -9999.000 -9999.000 -9999.000 -9999.000 -9999.000 -9999.000 -9999.000 -9999.000 -9999.000 -9999.000 -9999.000 -9999.000 10.342 10.383 10.485 10.494 10.505 10.527 10.556 10.611 10.654 10.689 10.708 -9999.000 -9999.000 -9999.000 -9999.000 11.026 11.027 -9999.000 -9999.000 11.120 -9999.000 11.071 -9999.000 11.574 11.574 11.576 11.595 11.626 11.638 11.647 11.661 11.675 11.691 11.706 11.763 11.917 -9999.000 12.160 12.179 12.189
-9999.000 -9999.000 -9999.000 -9999.000 -9999.000 -9999.000 -9999.000 6.159 -9999.000 -9999.000 -9999.000 -9999.000 -9999.000 -9999.000 -9999.000 -9999.000 -9999.000 -9999.000 -9999.000 -9999.000 -9999.000 10.445 10.454 10.467 10.484 10.498 10.515 10.530 10.560 -9999.000 10.687 -9999.000 -9999.000 -9999.000 -9999.000 -9999.000 -9999.000 -9999.000 -9999.000 -9999.000 -9999.000 -9999.000 -9999.000 11.576 11.576 11.576 11.576 -9999.000 11.630 11.630 -9999.000 -9999.000 11.691 11.694 11.784 11.903 12.075 12.103 12.138 12.166 12.178
-9999.000 -9999.000 -9999.000 -9999.000 -9999.000 -9999.000 6.451 6.360 -9999.000 -9999.000 -9999.000 -9999.000 -9999.000 -9999.000 -9999.000 -9999.000 -9999.000 -9999.000 -9999.000 10.412 10.421 10.432 10.446 10.463 10.477 10.491 10.507 10.518 10.446 -9999.000 -9999.000 -9999.000 -9999.000 -9999.000 11.415 11.415 -9999.000 -9999.000 -9999.000 11.431 -9999.000 -9999.000 11.452 -9999.000 -9999.000 -9999.000 -9999.000 11.630 11.630 -9999.000 -9999.000 11.689 11.691 -9999.000 -9999.000 -9999.000 -9999.000 12.278 12.254 -9999.000 -9999.000
-9999.000 -9999.000 -9999.000 -9999.000 -9999.000 -9999.000 6.563 6.463 -9999.000 -9999.000 -9999.000 -9999.000 -9999.000 -9999.000 -9999.000 -9999.000 10.356 10.366 10.384 10.395 10.409 10.422 10.435 10.457 10.471 10.480 10.488 -9999.000 -9999.000 -9999.000 -9999.000 -9999.000 -9999.000 11.405 11.414 11.417 11.420 11.423 11.427 11.434 11.441 11.448 11.452 -9999.000 -9999.000 -9999.000 -9999.000 -9999.000 -9999.000 -9999.000 -9999.000 -9999.000 11.834 -9999.000 -9999.000 12.297 12.300 12.303 -9999.000 -9999.000 -9999.000
-9999.000 7.100 -9999.000 -9999.000 6.967 6.938 6.834 6.753 -9999.000 -9999.000 -9999.000 -9999.000 -9999.000 -9999.000 -9999.000 -9999.000 10.355 10.361 10.373 10.387 10.400 10.413 10.421 -9999.000 10.468 10.471 -9999.000 -9999.000 -9999.000 -9999.000 -9999.000 10.502 10.744 11.294 11.411 11.417 11.420 11.423 11.425 11.432 11.443 11.460 11.498 11.590 11.702 11.797 11.847 11.874 11.920 11.965 11.980 12.001 12.049 12.103 12.168 12.230 12.282 12.326 12.349 12.368 12.385
7.093 7.099 -9999.000 -9999.000 6.999 6.971 6.915 6.854 6.727 -9999.000 -9999.000 -9999.000 -9999.000 -9999.000 -9999.000 10.333 10.342 10.352 10.364 10.380 10.389 10.393 10.399 10.397 10.436 -9999.000 -9999.000 -9999.000 -9999.000 -9999.000 10.369 10.395 10.701 11.320 11.415 11.419 11.422 11.423 11.425 11.432 11.442 11.457 11.502 11.563 11.691 11.790 11.857 11.879 11.918 11.954 11.972 11.987 12.022 12.078 12.157 12.215 12.284 12.341 12.351 12.368 12.387
-9999.000 7.107 7.110 7.102 7.055 7.019 6.971 6.921 6.795 -9999.000 -9999.000 -9999.000 -9999.000 -9999.000 10.312 10.322 10.334 10.343 10.351 10.370 10.380 10.378 10.392 10.394 -9999.000 -9999.000 -9999.000 -9999.000 10.339 10.341 10.346 10.366 -9999.000 -9999.000 -9999.000 -9999.000 11.423 11.423 11.425 11.431 11.438 11.446 11.501 11.563 11.674 11.741 11.808 11.858 11.898 11.927 11.943 11.954 11.964 12.001 12.162 12.276 12.331 12.342 12.346 12.353 12.383
-9999.000 7.115 7.119 7.112 7.083 7.056 7.021 6.968 -9999.000 -9999.000 -9999.000 -9999.000 -9999.000 10.287 10.302 10.312 10.327 10.337 10.345 10.358 -9999.000 10.326 -9999.000 -9999.000 -9999.000 -9999.000 10.322 10.327 10.334 10.339 10.343 10.354 -9999.000 -9999.000 -9999.000 -9999.000 11.423 11.422 11.424 11.427 11.431 11.441 11.450 11.472 11.577 11.662 -9999.000 -9999.000 -9999.000 11.881 11.928 11.928 11.929 11.929 11.954 12.295 12.337 12.339 -9999.000 -9999.000 -9999.000
-9999.000 7.122 7.131 7.124 7.107 7.081 7.049 -9999.000 -9999.000 -9999.000 -9999.000 -9999.000 -9999.000 10.277 10.286 10.297 10.311 -9999.000 -9999.000 -9999.000 -9999.000 10.290 10.282 10.282 -9999.000 10.305 10.314 10.323 10.331 10.338 10.343 -9999.000 10.477 -9999.000 -9999.000 -9999.000 -9999.000 11.417 11.422 11.427 11.430 11.434 11.439 11.453 11.514 -9999.000 -9999.000 -9999.000 -9999.000 11.914 11.924 11.926 11.928 11.928 -9999.000 12.336 12.337 -9999.000 -9999.000 -9999.000 -9999.000
-9999.000 -9999.000 7.161 7.149 7.132 7.099 7.037 -9999.000 -9999.000 -9999.000 -9999.000 -9999.000 10.257 10.265 10.271 10.278 -9999.000 -9999.000 -9999.000 -9999.000 -9999.000 10.278 10.278 10.280 10.286 10.294 10.304 10.320 10.333 10.349 10.377 10.429 10.499 10.564 10.758 11.188 11.337 11.396 11.415 11.423 11.427 11.431 11.435 -9999.000 -9999.000 -9999.000 -9999.000 -9999.000 11.895 11.907 11.916 11.922 11.924 11.926 -9999.000 -9999.000 -9999.000 -9999.000 -9999.000 -9999.000 -9999.000
-9999.000 7.228 7.200 7.187 7.164 7.071 -9999.000 -9999.000 -9999.000 -9999.000 -9999.000 10.244 10.251 10.255 10.259 10.270 -9999.000 -9999.000 -9999.000 -9999.000 10.259 10.266 10.273 10.277 10.282 10.289 10.294 10.308 10.328 10.343 10.368 10.379 -9999.000 -9999.000 11.037 11.211 11.317 11.382 11.408 11.421 11.426 11.437 11.658 11.767 11.782 -9999.000 11.882 11.887 11.891 11.896 11.901 11.905 11.907 11.908 -9999.000 -9999.000 -9999.000 -9999.000 -9999.000 -9999.000 -9999.000
-9999.000 7.240 7.231 7.221 7.187 -9999.000 -9999.000 -9999.000 -9999.000 -9999.000 10.236 10.239 10.242 10.246 10.248 -9999.000 -9999.000 -9999.000 10.244 10.247 10.253 10.256 10.261 10.269 10.277 10.284 10.289 10.294 10.307 10.323 -9999.000 -9999.000 -9999.000 -9999.000 -9999.000 -9999.000 11.394 11.405 11.419 11.429 11.454 11.558 11.712 11.805 11.825 11.846 11.866 11.883 11.887 11.890 11.893 11.893 11.895 11.893 -9999.000 -9999.000 -9999.000 -9999.000 -9999.000 -9999.000 -9999.000
-9999.000 7.255 7.263 7.257 -9999.000 -9999.000 -9999.000 -9999.000 -9999.000 10.230 10.234 10.236 10.238 10.240 10.241 -9999.000 -9999.000 10.241 10.243 10.245 10.249 10.252 10.254 10.260 10.268 10.277 10.282 10.288 10.296 10.311 -9999.000 -9999.000 -9999.000 -9999.000 -9999.000 -9999.000 -9999.000 11.421 11.437 11.451 11.511 11.609 11.710 11.793 11.830 11.853 11.870 11.882 11.884 11.886 11.888 11.891 11.892 11.892 11.892 -9999.000 -9999.000 -9999.000 -9999.000 -9999.000 -9999.000
-9999.000 7.293 7.327 7.344 -9999.000 -9999.000 -9999.000 -9999.000 10.227 10.228 10.232 10.233 10.235 10.236 10.237 10.234 -9999.000 10.240 10.241 10.243 10.245 10.248 10.252 10.255 10.257 10.266 10.273 10.277 10.288 -9999.000 -9999.000 -9999.000 -9999.000 -9999.000 -9999.000 -9999.000 -9999.000 -9999.000 11.437 11.437 -9999.000 -9999.000 -9999.000 -9999.000 -9999.000 11.873 11.878 11.883 11.884 11.885 11.885 11.886 -9999.000 -9999.000 -9999.000 -9999.000 -9999.000 -9999.000 -9999.000 -9999.000 -9999.000
-9999.000 7.356 7.409 7.430 8.369 -9999.000 -9999.000 10.227 10.227 10.227 10.229 10.230 10.232 10.233 10.234 10.234 10.235 10.236 10.238 10.240 10.242 10.246 10.249 10.253 10.256 10.260 10.265 10.271 -9999.000 -9999.000 -9999.000 -9999.000 -9999.000 -9999.000 -9999.000 -9999.000 -9999.000 -9999.000 -9999.000 -9999.000 -9999.000 -9999.000 -9999.000 -9999.000 -9999.000 -9999.000 -9999.000 11.884 11.884 11.884 11.885 11.885 -9999.000 -9999.000 -9999.000 -9999.000 -9999.000 -9999.000 -9999.000 -9999.000 -9999.000
-9999.000 7.429 7.498 7.828 9.602 10.076 10.175 -9999.000 10.223 10.226 10.227 10.228 10.229 10.231 10.233 10.233 10.234 10.235 10.236 10.237 10.239 10.242 10.246 10.250 10.254 10.257 10.261 -9999.000 -9999.000 -9999.000 -9999.000 -9999.000 -9999.000 -9999.000 -9999.000 -9999.000 -9999.000 -9999.000 -9999.000 -9999.000 -9999.000 -9999.000 -9999.000 -9999.000 -9999.000 -9999.000 -9999.000 -9999.000 11.885 11.884 -9999.000 -9999.000 -9999.000 -9999.000 -9999.000 -9999.000 -9999.000 -9999.000 -9999.000 -9999.000 -9999.000
-9999.000 7.486 7.602 -9999.000 -9999.000 10.177 10.182 10.200 10.215 10.223 10.225 10.226 10.227 10.228 10.231 10.230 10.231 10.232 10.233 10.233 10.235 10.238 10.241 10.248 10.250 10.253 10.254 -9999.000 -9999.000 -9999.000 -9999.000 -9999.000 -9999.000 -9999.000 -9999.000 -9999.000 -9999.000 -9999.000 -9999.000 -9999.000 -9999.000 -9999.000 -9999.000 -9999.000 -9999.000 -9999.000 -9999.000 -9999.000 -9999.000 -9999.000 -9999.000 -9999.000 -9999.000 -9999.000 -9999.000 -9999.000 -9999.000 -9999.000 -9999.000 -9999.000 -9999.000
-9999.000 7.546 7.702 7.732 -9999.000 -9999.000 10.116 10.209 10.216 10.220 10.222 10.223 10.225 10.227 10.229 10.229 10.229 10.229 10.229 10.229 10.229 10.231 10.232 10.230 -9999.000 -9999.000 -9999.000 -9999.000 -9999.000 -9999.000 -9999.000 -9999.000 -9999.000 -9999.000 -9999.000 -9999.000 -9999.000 -9999.000 -9999.000 -9999.000 -9999.000 -9999.000 -9999.000 -9999.000 -9999.000 -9999.000 -9999.000 -9999.000 -9999.000 -9999.000 -9999.000 -9999.000 -9999.000 -9999.000 -9999.000 -9999.000 -9999.000 -9999.000 -9999.000 -9999.000 -9999.000
-9999.000 -9999.000 7.734 7.750 7.748 -9999.000 10.042 10.209 10.215 10.218 10.219 10.221 10.224 10.226 10.227 10.227 10.225 10.224 10.225 10.225 10.225 10.225 10.224 10.222 -9999.000 -9999.000 -9999.000 -9999.000 -9999.000 -9999.000 -9999.000 -9999.000 -9999.000 -9999.000 -9999.000 -9999.000 -9999.000 -9999.000 -9999.000 -9999.000 -9999.000 -9999.000 -9999.000 -9999.000 -9999.000 -9999.000 -9999.000 -9999.000 -9999.000 -9999.000 -9999.000 -9999.000 -9999.000 -9999.000 -9999.000 -9999.000 -9999.000 -9999.000 -9999.000 -9999.000 -9999.000
-9999.000 -9999.000 7.748 7.770 -9999.000 -9999.000 8.436 -9999.000 10.215 10.216 10.216 10.217 -9999.000 -9999.000 -9999.000 10.223 10.221 10.221 10.221 10.221 10.222 10.221 10.220 10.218 10.216 -9999.000 -9999.000 -9999.000 -9999.000 -9999.000 -9999.000 -9999.000 -9999.000 -9999.000 -9999.000 -9999.000 -9999.000 -9999.000 -9999.000 -9999.000 -9999.000 -9999.000 -9999.000 -9999.000 -9999.000 -9999.000 -9999.000 -9999.000 -9999.000 -9999.000 -9999.000 -9999.000 -9999.000 -9999.000 -9999.000 -9999.000 -9999.000 -9999.000 -9999.000 -9999.000 -9999.000
