LISFLOOD_FP/Result/4_LISFLOOD_FP/combined_output/combined_angle_90_x_0_y_0/out-0010.wd
ncols         192
nrows         192
xllcorner     1771145.000000
yllcorner     5471774.000000
cellsize      10.000000
NODATA_value  -9999.000000
[rows 102 to 135 of 192, columns 77 to 153 of 192]
0.000 0.000 0.000 0.000 0.000 0.000 0.000 0.000 0.000 0.000 0.000 0.000 0.000 0.000 0.000 0.000 0.000 0.000 0.000 0.000 0.000 0.000 0.000 0.000 0.000 0.000 0.000 0.000 0.000 0.000 0.000 0.000 0.000 0.063 0.009 0.000 0.000 0.000 0.654 2.042 2.413 2.423 2.382 2.294 2.164 2.154 2.062 2.024 1.952 1.888 1.808 0.000 0.000 0.000 0.000 0.000 4.373 5.207 4.448 2.310 1.693 2.362 2.792 2.860 3.058 3.159 3.235 0.000 0.000 0.000 0.000 0.000 0.000 0.000 0.000 0.000 0.000
0.000 0.000 0.000 0.000 0.000 0.000 0.000 0.000 0.000 0.000 0.000 0.000 0.000 0.000 0.000 0.000 0.000 0.000 0.000 0.000 0.000 0.000 0.000 0.000 0.000 0.000 0.000 0.000 0.000 0.000 0.000 0.000 0.000 0.000 0.000 0.000 0.000 0.237 2.370 2.570 2.531 2.476 2.430 2.390 2.310 2.239 2.108 2.057 1.979 1.975 1.837 0.000 0.000 1.853 2.610 3.986 4.990 5.171 3.936 2.484 1.600 2.649 2.882 2.984 3.132 3.237 3.364 0.000 0.000 0.000 0.000 0.000 0.000 0.000 0.000 0.000 0.000
0.000 0.000 0.000 0.000 0.000 0.000 0.000 0.000 0.000 0.000 0.000 0.000 0.000 0.000 0.000 0.000 0.000 0.000 0.000 0.000 0.000 0.000 0.000 0.000 0.000 0.000 0.000 0.000 0.000 0.000 0.000 0.000 0.000 0.000 0.000 0.000 1.214 2.443 2.614 2.608 2.520 2.477 2.466 2.403 2.317 2.290 2.185 2.119 2.024 1.978 1.857 0.000 0.000 1.959 3.271 4.617 5.191 4.266 2.682 2.266 1.618 2.760 2.976 3.088 3.208 3.293 3.487 0.000 0.000 0.000 0.000 0.000 0.000 0.000 0.000 0.000 0.000
0.000 0.000 0.000 0.000 0.000 0.000 0.000 0.000 0.000 0.000 0.000 0.000 0.000 0.000 0.000 0.000 0.000 0.000 0.000 0.000 0.000 0.000 0.000 0.000 0.000 0.116 0.000 0.000 0.000 0.000 0.000 0.000 0.000 0.000 2.090 2.495 2.715 2.766 2.700 2.567 2.542 2.502 2.478 2.391 2.350 2.300 2.290 2.179 2.093 2.047 1.784 0.000 0.000 2.781 3.829 5.267 3.769 0.443 0.000 0.000 2.360 2.826 3.112 3.092 3.312 3.354 3.311 0.000 0.000 0.000 0.000 0.000 0.000 0.000 0.000 0.000 0.000
0.000 0.000 0.000 0.000 0.000 0.000 0.000 0.000 0.000 0.000 0.000 0.000 0.000 0.000 0.000 0.000 0.000 0.000 0.000 0.000 0.000 0.000 0.000 0.000 0.000 0.030 0.000 0.000 0.000 0.000 0.000 0.000 1.815 2.586 2.776 2.778 2.805 2.757 2.708 2.652 2.624 2.558 2.486 2.435 2.400 2.387 2.341 2.281 2.214 2.075 1.180 0.000 1.769 3.138 3.925 5.210 1.971 0.000 0.000 0.000 2.726 2.954 3.245 3.123 3.142 3.266 3.362 0.000 0.000 0.000 0.000 0.000 0.000 0.000 0.000 0.000 0.000
0.000 0.000 0.000 0.000 0.000 0.000 0.000 0.000 0.439 0.000 0.000 0.000 0.000 0.000 0.000 0.000 0.000 0.000 0.000 0.000 0.000 0.000 2.190 2.531 2.738 2.699 2.559 1.096 0.501 1.733 2.266 2.558 2.813 2.841 2.823 2.828 2.818 2.767 2.707 2.746 2.658 2.646 2.596 2.528 2.463 2.469 2.354 2.294 1.827 0.819 0.000 0.000 2.908 3.841 5.159 4.856 0.000 0.000 0.000 0.888 2.992 3.138 3.020 3.090 3.172 3.341 3.497 0.000 0.000 0.000 0.000 0.000 0.000 0.000 0.000 0.000 0.000
0.000 0.000 0.000 0.000 0.000 0.000 0.000 0.638 1.135 0.927 0.712 0.993 1.309 1.026 0.808 0.822 0.234 0.000 0.000 0.000 1.689 2.815 2.964 3.045 3.020 2.980 2.918 2.763 2.524 2.865 2.933 2.918 2.910 2.910 2.944 2.895 2.853 2.809 2.788 2.823 2.744 2.705 2.650 2.583 2.495 2.383 1.889 0.000 0.000 0.000 0.324 2.646 3.600 4.995 5.216 4.091 0.000 0.000 0.000 2.203 2.838 2.999 3.161 3.320 3.411 3.540 3.727 0.000 0.000 0.000 0.000 0.000 0.000 0.000 0.000 0.000 0.000
0.000 0.000 0.000 0.000 0.000 0.000 0.406 1.119 1.155 1.089 1.210 1.252 1.409 1.383 1.082 0.750 0.597 0.359 0.000 0.000 0.000 1.759 2.961 2.820 2.255 1.798 1.350 1.958 2.679 2.399 2.731 2.812 2.892 2.958 2.940 2.928 2.850 2.845 2.891 2.845 2.810 2.715 2.529 2.508 2.295 0.000 0.000 0.000 0.000 0.425 2.817 3.438 4.848 5.338 4.837 0.000 0.000 0.000 1.599 2.802 2.984 3.028 3.270 3.345 3.461 3.609 3.674 0.000 0.000 0.000 0.000 0.000 0.000 0.000 0.000 0.000 0.000
0.000 0.000 0.000 0.000 0.000 0.994 1.089 1.221 1.118 1.200 1.233 1.278 1.210 1.079 0.902 0.705 0.667 0.583 0.000 0.000 0.000 0.000 2.757 1.608 0.000 0.000 0.000 0.000 1.711 0.033 0.000 0.492 0.000 2.541 2.930 2.952 2.880 2.897 2.851 2.853 2.853 2.669 0.000 0.000 0.000 0.000 0.000 0.000 2.539 3.060 3.536 4.156 5.140 4.328 2.573 0.000 0.000 1.200 2.821 2.913 3.053 3.169 3.372 3.492 3.566 3.621 3.692 0.000 0.000 0.000 0.000 0.000 0.000 0.000 0.000 0.000 0.000
0.000 0.000 0.000 0.000 0.000 0.000 0.398 1.361 1.322 1.254 1.039 0.893 0.838 0.585 0.260 0.531 0.000 0.000 0.000 0.000 0.000 0.000 1.593 2.310 0.000 0.000 0.000 0.000 0.000 0.000 0.000 0.000 0.000 2.004 2.604 2.678 2.796 2.977 2.667 1.635 2.734 0.314 2.468 0.653 0.000 0.000 1.853 2.832 3.166 3.743 4.356 5.232 3.702 0.000 0.000 0.468 0.000 2.341 2.971 3.058 3.095 3.302 3.491 3.551 3.493 3.750 3.805 0.000 0.000 0.000 0.000 0.000 0.000 0.000 0.000 0.000 0.000
0.000 0.000 0.000 0.000 0.000 0.000 0.000 0.715 1.038 0.869 0.488 0.000 0.000 0.000 0.000 0.000 0.000 0.000 0.000 3.031 2.914 2.001 4.103 2.412 0.000 0.000 0.000 0.000 0.585 0.000 0.000 0.000 1.488 3.197 2.623 2.612 0.807 2.586 2.914 2.772 2.284 2.645 2.318 2.052 2.855 3.011 2.247 3.296 4.010 4.857 5.424 3.809 0.000 0.000 0.000 2.209 1.981 3.034 3.020 3.153 3.278 3.295 3.564 3.624 3.702 3.784 3.731 0.000 0.000 0.000 0.000 0.000 0.000 0.000 0.000 0.000 0.000
0.000 0.000 0.000 0.000 0.000 0.000 0.000 0.000 0.270 0.035 0.605 0.000 1.181 3.414 3.839 3.673 4.309 4.270 5.174 5.110 5.097 5.024 5.004 4.747 4.714 4.881 3.639 4.125 4.092 0.000 2.619 0.962 3.958 2.962 3.740 3.625 3.283 3.121 3.238 2.464 0.000 0.000 0.000 2.669 2.709 0.000 0.000 2.387 5.365 5.512 4.504 0.000 0.000 0.000 0.000 1.895 3.033 3.183 3.219 3.344 3.405 3.460 3.709 3.655 3.714 3.799 3.822 0.000 0.000 0.000 0.000 0.000 0.000 0.000 0.000 0.000 0.000
0.000 0.000 0.000 0.000 0.000 0.000 0.000 0.000 0.000 0.002 2.907 3.929 4.833 4.907 4.907 4.759 4.686 4.498 4.420 4.236 4.010 3.845 3.807 4.126 4.471 4.394 2.380 3.501 4.910 4.729 4.547 4.735 5.131 4.338 4.723 1.394 2.689 1.440 1.814 0.000 0.000 0.000 0.000 3.671 1.800 2.588 0.000 4.598 5.675 4.957 3.521 0.000 1.983 2.031 1.861 2.955 3.210 3.260 3.348 3.524 3.525 3.718 3.846 3.838 3.794 3.860 3.813 0.000 0.000 0.000 0.000 0.000 0.000 0.000 0.000 0.000 0.000
0.000 0.000 0.000 0.000 0.000 0.050 0.102 2.313 4.081 4.527 4.708 4.829 4.593 4.400 3.768 3.548 0.000 0.000 0.000 0.000 0.649 2.260 0.000 0.000 2.018 0.000 0.013 0.000 0.355 0.195 2.450 2.332 4.462 5.101 5.173 5.043 5.134 4.767 4.478 3.059 1.670 0.000 3.896 5.567 5.363 5.010 5.055 4.947 2.938 2.817 0.354 0.000 1.520 2.132 3.085 3.257 3.334 3.418 3.544 3.598 3.661 3.891 3.818 3.901 3.954 3.923 3.874 0.000 0.000 0.000 0.000 0.000 0.000 0.000 0.000 0.000 0.000
0.000 0.000 0.000 0.000 0.000 3.472 4.593 4.817 4.793 4.751 4.645 4.557 1.986 0.000 0.940 0.000 0.000 0.000 0.000 0.000 0.000 0.000 0.000 0.000 0.000 0.000 0.000 2.303 2.261 2.872 2.922 0.000 0.701 0.874 0.000 0.000 1.639 3.787 1.105 1.683 4.803 4.465 3.987 2.164 2.812 0.687 3.125 0.000 0.000 0.000 0.000 1.877 1.983 3.182 3.265 3.354 3.546 3.641 3.698 3.686 3.864 3.957 3.882 3.989 3.917 4.027 3.991 0.000 0.000 0.000 0.000 0.000 0.000 0.000 0.000 0.000 0.000
0.000 0.000 0.000 1.374 4.132 4.884 4.864 4.798 4.689 4.566 4.190 3.433 0.017 0.000 0.000 0.000 0.000 0.000 1.364 1.160 0.000 0.000 0.000 0.373 0.000 0.000 0.807 0.000 0.000 0.000 0.000 2.153 1.805 0.000 0.000 0.117 3.073 0.000 0.000 0.000 0.000 0.939 0.141 0.000 0.000 0.000 0.000 0.000 0.000 0.000 0.018 2.523 3.395 3.446 3.419 3.630 3.699 3.779 3.844 3.915 4.019 3.981 3.990 4.009 4.027 4.081 4.272 0.000 0.000 0.000 0.000 0.000 0.000 0.000 0.000 0.000 0.000
2.017 0.967 3.048 4.544 4.847 4.907 4.470 4.058 3.851 3.505 1.502 0.000 0.000 0.000 0.000 0.000 0.000 1.926 2.866 2.946 2.920 2.899 2.562 2.705 2.627 2.707 3.377 0.000 0.000 0.000 0.000 0.000 0.000 0.000 0.000 0.000 0.065 0.000 0.000 0.262 1.744 1.945 0.000 0.000 0.000 0.000 0.000 0.907 1.583 3.009 3.308 3.547 3.561 3.650 3.677 3.827 3.893 3.948 3.954 4.022 4.113 4.034 4.018 4.075 4.109 3.932 4.053 0.000 0.000 0.000 0.000 0.000 0.000 0.000 0.000 0.000 0.000
2.245 4.076 4.744 4.875 4.819 4.573 4.157 0.000 2.707 0.863 0.000 0.000 0.000 0.000 0.000 1.475 1.146 0.893 2.036 2.809 3.018 3.025 2.715 1.677 1.375 1.271 1.448 2.081 1.558 2.472 2.058 4.462 1.379 2.939 3.102 3.620 3.044 3.166 3.239 3.947 3.559 3.852 3.518 3.506 3.547 3.508 3.435 3.263 3.544 3.656 3.802 3.704 3.775 3.830 3.914 4.022 3.983 4.056 4.061 4.068 4.086 4.115 4.088 4.235 4.247 4.011 4.131 0.000 0.000 0.000 0.000 0.000 0.000 0.000 0.000 0.000 0.000
4.719 4.890 4.976 4.648 4.091 2.447 1.525 2.477 0.898 0.000 0.000 0.000 0.000 0.000 1.462 1.949 0.316 0.120 0.648 1.004 1.271 1.540 1.851 0.809 0.896 1.463 1.113 1.050 0.682 1.359 2.706 2.652 2.587 2.708 2.496 2.634 1.637 2.046 1.021 1.629 0.427 3.542 3.762 3.563 3.855 4.310 3.990 3.948 3.878 4.063 4.066 3.927 3.840 3.975 4.133 4.212 4.174 4.169 4.134 4.176 4.144 4.129 4.250 4.279 4.548 4.138 4.211 0.000 0.000 0.000 0.000 0.000 0.000 0.000 0.000 0.000 0.000
4.945 5.011 4.478 1.249 1.802 2.125 2.528 2.788 0.000 0.000 0.000 0.000 1.741 3.060 2.815 1.608 0.000 0.000 0.000 0.000 0.497 1.144 1.236 0.723 1.276 1.676 0.540 0.637 2.832 1.494 0.869 0.612 0.607 0.710 1.102 1.401 1.194 0.197 0.139 0.783 1.158 3.188 2.381 1.192 0.522 2.061 1.564 4.096 4.187 4.188 4.112 3.294 0.000 3.627 4.268 4.206 4.259 4.322 4.280 4.244 4.219 4.221 4.361 4.138 4.253 4.230 4.248 0.000 0.000 0.000 0.000 0.000 0.000 0.000 0.000 0.000 0.000
4.881 4.218 2.692 0.867 0.000 2.376 0.000 0.000 0.000 0.000 1.876 2.573 3.220 3.190 2.554 1.069 0.000 0.000 0.000 0.000 0.347 1.447 1.664 1.696 2.623 1.530 1.459 1.824 0.989 0.055 0.000 0.000 0.000 0.028 2.131 3.321 3.121 1.908 0.296 0.055 1.435 1.735 0.000 0.000 0.000 0.000 1.335 3.593 4.086 4.603 4.184 0.829 0.000 0.839 4.211 4.275 4.336 4.361 4.316 4.351 4.344 4.392 4.323 4.201 4.282 4.291 4.309 0.000 0.000 0.000 0.000 0.000 0.000 0.000 0.000 0.000 0.000
2.460 0.000 0.000 0.000 0.000 2.624 2.364 1.400 0.000 2.368 3.321 3.253 2.776 1.806 0.775 0.000 0.465 0.000 0.000 0.000 0.000 1.255 1.350 2.066 2.611 2.747 2.190 1.074 0.214 0.000 0.000 0.000 0.000 0.955 3.382 3.746 2.795 1.242 0.000 0.368 0.642 0.000 0.000 0.000 0.000 0.000 0.000 0.000 3.908 4.079 4.118 4.270 3.861 3.425 4.156 4.545 4.486 4.575 4.518 4.397 4.400 4.396 4.768 4.375 4.356 4.385 4.571 0.000 0.000 0.000 0.000 0.000 0.000 0.000 0.000 0.000 0.000
0.000 0.000 0.000 0.000 0.000 2.557 3.123 2.864 3.090 3.673 2.832 1.964 2.683 2.688 2.835 4.118 2.709 2.759 2.005 0.676 1.148 1.442 2.523 2.915 2.922 1.861 0.931 0.000 0.000 0.000 0.000 0.000 0.354 2.336 2.685 1.782 0.930 0.657 0.000 0.000 0.000 0.000 0.000 0.000 0.000 0.000 0.600 3.469 4.164 4.382 4.306 3.602 3.914 4.203 4.498 4.628 4.790 4.866 4.417 4.152 4.527 4.510 4.511 4.611 4.516 4.546 4.624 0.000 0.000 0.000 0.000 0.000 0.000 0.000 0.000 0.000 0.000
0.000 0.000 0.000 0.000 2.643 2.755 3.199 3.186 2.161 2.753 2.338 1.077 2.113 1.872 3.413 0.864 0.000 0.000 1.635 1.989 2.296 2.796 2.475 1.743 1.311 0.701 0.204 0.400 0.365 0.000 0.054 0.387 1.946 2.443 1.501 0.449 0.444 0.099 0.000 0.000 0.000 0.000 0.000 0.000 0.000 0.000 0.000 3.112 3.398 3.611 4.057 4.500 4.459 4.217 4.517 4.428 4.475 4.555 4.446 4.478 4.653 4.735 4.735 4.742 4.714 4.829 4.763 0.000 0.000 0.000 0.000 0.000 0.000 0.000 0.000 0.000 0.000
0.000 0.000 2.228 2.120 3.031 3.280 2.456 1.517 1.836 2.295 1.898 2.188 1.804 1.399 0.000 0.000 0.000 0.000 0.000 0.000 0.346 1.735 1.600 1.300 0.565 0.329 0.394 1.254 1.228 1.156 1.032 1.797 2.704 2.242 1.504 0.901 0.564 0.352 0.000 0.000 0.000 0.000 0.000 0.000 0.000 0.000 0.000 0.000 0.000 0.000 3.084 3.298 3.795 3.848 3.744 4.338 4.174 4.274 3.271 3.438 4.005 4.615 4.818 4.891 4.860 4.837 4.853 0.000 0.000 0.000 0.000 0.000 0.000 0.000 0.000 0.000 0.000
0.000 1.977 2.635 3.007 3.401 3.376 3.234 1.900 1.671 1.927 1.795 2.043 2.113 0.407 0.000 0.000 0.000 0.000 0.000 0.000 0.000 0.529 2.572 1.801 1.530 1.377 1.380 1.661 2.036 2.206 2.330 3.021 3.722 1.861 1.240 0.796 1.534 1.092 0.320 0.000 0.000 0.000 0.000 0.000 0.000 0.000 0.000 0.000 0.000 0.000 1.130 1.691 2.234 0.000 0.000 0.747 0.000 0.398 0.644 0.615 1.275 2.780 3.821 4.570 4.797 4.894 4.807 0.000 0.000 0.000 0.000 0.000 0.000 0.000 0.000 0.000 0.000
0.000 2.755 3.074 3.431 3.367 3.544 3.289 2.822 2.880 1.427 1.704 1.876 0.540 0.000 0.000 0.000 0.000 0.000 0.000 0.000 0.000 0.000 1.033 0.244 0.000 0.000 0.000 0.000 0.000 0.842 1.287 2.724 5.144 4.223 2.304 0.804 0.000 0.000 0.000 0.000 0.000 0.000 0.000 0.000 0.000 0.000 0.000 0.000 0.000 0.000 0.173 0.550 0.721 0.000 0.000 0.000 0.000 0.433 0.414 0.000 0.857 1.038 1.081 3.068 4.109 5.027 4.598 0.000 0.000 0.000 0.000 0.000 0.000 0.000 0.000 0.000 0.000
3.045 3.213 3.476 3.582 3.536 3.533 2.929 2.327 2.001 1.928 2.284 1.843 0.000 0.000 0.000 0.000 0.000 0.000 0.000 0.000 0.000 0.000 0.000 0.000 0.000 0.000 0.000 0.000 0.000 0.000 0.000 3.685 5.634 3.959 2.546 1.286 0.000 0.000 0.000 0.000 0.000 0.000 0.000 0.000 0.000 0.000 0.000 0.000 0.000 0.000 0.015 0.140 0.144 0.000 0.000 0.150 0.344 0.197 0.457 0.479 0.833 1.123 0.000 1.549 2.518 3.605 4.017 0.000 0.000 0.000 0.000 0.000 0.000 0.000 0.000 0.000 0.000
2.763 3.094 3.450 3.744 3.486 2.861 1.937 2.120 1.802 2.343 2.213 0.000 0.000 0.000 0.000 0.000 0.000 0.000 0.000 0.000 0.000 0.000 0.000 0.000 0.000 0.000 0.000 0.000 0.000 0.000 0.000 0.000 3.751 2.678 0.000 0.000 0.000 0.000 0.000 0.000 0.000 0.000 0.000 0.000 0.000 0.000 0.000 0.000 0.000 0.000 0.000 0.000 0.000 0.000 0.000 0.238 0.480 0.476 0.408 0.381 0.702 1.284 1.519 1.641 2.086 2.773 3.099 0.000 0.000 0.000 0.000 0.000 0.000 0.000 0.000 0.000 0.000
2.088 1.835 3.489 3.638 2.716 1.948 2.239 2.644 2.656 1.900 0.365 0.000 0.000 0.000 0.000 0.000 0.000 0.000 0.000 0.000 0.000 0.000 0.000 0.000 0.000 0.000 0.000 0.000 0.000 0.000 0.000 0.000 0.000 0.000 0.000 0.000 0.000 0.000 0.000 0.000 0.000 0.000 0.000 0.000 0.000 0.000 0.000 0.000 0.000 0.000 0.000 0.000 0.000 0.000 0.000 0.097 0.155 0.181 0.277 0.241 0.366 1.025 1.443 1.705 1.914 2.486 2.867 0.000 0.000 0.000 0.000 0.000 0.000 0.000 0.000 0.000 0.000
2.466 2.150 3.755 3.755 2.805 1.902 2.033 0.712 0.000 0.000 0.000 0.000 0.000 0.000 0.000 0.000 0.000 0.000 0.000 0.000 0.000 0.000 0.000 0.000 0.000 0.000 0.000 0.000 0.000 0.000 0.000 0.000 0.000 0.000 0.000 0.000 0.000 0.000 0.000 0.000 0.000 0.000 0.000 0.000 0.000 0.000 0.000 0.000 0.000 0.000 0.000 0.000 0.000 0.000 0.000 0.000 0.000 0.000 0.228 0.261 0.189 0.629 0.991 1.712 1.770 2.126 2.533 0.000 0.000 0.000 0.000 0.000 0.000 0.000 0.000 0.000 0.000
0.979 3.133 3.814 3.776 2.973 2.521 3.095 1.068 0.000 0.000 0.000 0.000 0.000 0.000 0.000 0.000 0.000 0.000 0.000 0.000 0.000 0.000 0.000 0.000 0.000 0.000 0.000 0.000 0.000 0.000 0.000 0.000 0.000 0.000 0.000 0.000 0.000 0.000 0.000 0.000 0.000 0.000 0.000 0.000 0.000 0.000 0.000 0.000 0.000 0.000 0.000 0.000 0.000 0.000 0.000 0.000 0.000 0.000 0.000 0.342 0.000 0.308 0.991 1.391 1.694 1.880 2.190 0.000 0.000 0.000 0.000 0.000 0.000 0.000 0.000 0.000 0.000
3.288 3.717 4.048 3.937 2.523 2.569 2.223 2.923 0.757 0.000 0.000 0.000 0.000 0.000 0.000 0.000 0.000 0.000 0.000 0.000 0.000 0.000 0.000 0.000 0.000 0.000 0.000 0.000 0.000 0.000 0.000 0.000 0.000 0.000 0.000 0.000 0.000 0.000 0.000 0.000 0.000 0.000 0.000 0.000 0.000 0.000 0.000 0.000 0.000 0.000 0.000 0.000 0.000 0.000 0.000 0.000 0.000 0.000 0.000 0.003 0.100 0.042 0.823 1.270 1.651 1.862 2.071 0.000 0.000 0.000 0.000 0.000 0.000 0.000 0.000 0.000 0.000
2.476 3.914 4.267 4.135 3.801 2.831 2.460 3.165 2.739 0.000 0.000 0.000 0.000 0.000 0.000 0.000 0.000 0.000 0.000 0.000 0.000 0.000 0.000 0.000 0.000 0.000 0.000 0.000 0.000 0.000 0.000 0.000 0.000 0.000 0.000 0.000 0.000 0.000 0.000 0.000 0.000 0.000 0.000 0.000 0.000 0.000 0.000 0.000 0.000 0.000 0.000 0.000 0.000 0.000 0.000 0.000 0.000 0.000 0.000 0.000 0.308 0.595 0.801 1.235 1.604 1.863 2.054 0.000 0.000 0.000 0.000 0.000 0.000 0.000 0.000 0.000 0.000
