LISFLOOD_FP/Result/4_LISFLOOD_FP/combined_output/combined_angle_90_x_0_y_0/out-0012.elev
ncols         192
nrows         192
xllcorner     1771145.000000
yllcorner     5471774.000000
cellsize      10.000000
NODATA_value  -9999.000000
[rows 108 to 134 of 192, columns 61 to 121 of 192]
-9999.000 -9999.000 -9999.000 -9999.000 -9999.000 -9999.000 -9999.000 -9999.000 -9999.000 -9999.000 -9999.000 -9999.000 9.856 9.857 9.858 9.860 9.860 9.860 9.861 9.881 9.917 9.960 10.047 10.078 10.080 10.082 10.083 10.083 10.083 10.083 10.083 10.083 10.083 10.083 -9999.000 -9999.000 11.717 11.717 11.719 11.727 11.741 11.757 11.779 11.824 11.872 11.909 11.930 11.946 11.959 11.969 11.975 11.981 11.986 11.992 11.996 12.001 12.005 12.008 12.012 12.014 12.017
-9999.000 -9999.000 -9999.000 -9999.000 -9999.000 -9999.000 -9999.000 -9999.000 9.835 9.839 9.840 9.839 9.845 9.850 9.858 9.860 9.860 9.861 9.864 9.882 9.905 10.010 10.070 10.079 10.081 10.082 10.083 10.084 10.084 10.083 10.083 10.083 10.083 10.083 -9999.000 -9999.000 -9999.000 11.716 11.709 11.717 11.736 11.755 11.792 11.839 11.876 11.906 11.930 11.945 11.958 11.968 11.974 11.980 11.985 11.990 11.995 12.000 12.005 12.007 12.011 12.014 12.015
-9999.000 -9999.000 -9999.000 -9999.000 -9999.000 9.827 9.828 9.830 9.832 9.836 9.840 9.839 9.839 9.839 -9999.000 9.860 9.861 9.861 -9999.000 9.881 9.935 10.066 10.074 10.079 10.082 10.083 10.084 10.084 10.084 10.084 10.083 10.083 10.083 10.083 10.082 -9999.000 -9999.000 -9999.000 11.676 11.657 -9999.000 -9999.000 -9999.000 -9999.000 11.876 11.877 -9999.000 11.945 -9999.000 11.970 11.974 11.978 11.984 11.989 11.994 12.000 12.005 12.006 -9999.000 -9999.000 -9999.000
-9999.000 -9999.000 -9999.000 -9999.000 8.570 9.696 9.828 9.830 9.835 9.836 9.838 9.839 9.839 9.839 9.840 -9999.000 -9999.000 9.869 9.873 9.875 9.875 -9999.000 10.078 10.081 10.083 10.085 10.087 10.086 10.085 10.084 10.083 10.083 10.083 10.084 10.085 -9999.000 -9999.000 -9999.000 11.578 11.561 -9999.000 -9999.000 -9999.000 -9999.000 -9999.000 -9999.000 -9999.000 -9999.000 -9999.000 11.968 11.972 11.976 11.983 11.989 11.992 11.999 12.008 12.094 12.179 12.210 -9999.000
-9999.000 -9999.000 -9999.000 7.192 8.337 -9999.000 -9999.000 -9999.000 -9999.000 9.838 9.839 9.839 9.839 9.838 9.838 9.838 9.763 9.872 9.873 9.873 9.874 10.003 10.078 10.083 10.086 10.090 10.153 10.117 10.899 -9999.000 -9999.000 -9999.000 -9999.000 -9999.000 11.195 11.406 11.416 11.450 11.489 11.517 -9999.000 -9999.000 -9999.000 -9999.000 11.681 -9999.000 -9999.000 -9999.000 11.951 11.960 11.966 11.971 11.981 11.989 11.992 11.999 12.027 12.098 12.179 12.304 12.348
-9999.000 -9999.000 -9999.000 -9999.000 -9999.000 -9999.000 -9999.000 -9999.000 -9999.000 9.840 9.840 9.839 9.838 -9999.000 9.837 9.837 9.836 -9999.000 9.874 9.874 9.874 9.987 -9999.000 -9999.000 10.092 10.478 10.717 11.054 11.145 11.165 11.183 11.213 11.260 11.302 11.348 11.385 11.414 11.446 11.479 11.503 11.522 11.542 11.601 11.656 11.681 11.794 11.869 11.902 11.941 11.953 11.961 11.969 11.977 11.986 11.990 11.994 -9999.000 -9999.000 -9999.000 12.342 12.346
-9999.000 -9999.000 -9999.000 -9999.000 -9999.000 -9999.000 -9999.000 -9999.000 9.844 9.843 9.842 9.841 9.841 9.841 9.838 9.837 -9999.000 -9999.000 -9999.000 -9999.000 -9999.000 10.851 -9999.000 -9999.000 -9999.000 10.886 11.047 11.077 11.111 11.144 11.172 11.203 11.254 11.299 11.342 11.379 11.412 11.444 11.476 11.502 11.522 11.538 11.604 11.669 11.714 11.781 11.855 11.899 11.933 11.947 11.955 11.968 11.978 11.985 11.990 -9999.000 -9999.000 -9999.000 -9999.000 12.346 12.351
-9999.000 -9999.000 -9999.000 -9999.000 -9999.000 -9999.000 9.849 9.846 9.845 9.845 9.844 9.842 9.842 9.841 9.839 9.838 -9999.000 -9999.000 -9999.000 -9999.000 -9999.000 10.994 11.004 11.019 11.024 11.031 11.043 11.063 11.101 11.135 11.162 11.177 -9999.000 -9999.000 -9999.000 -9999.000 11.441 11.442 -9999.000 -9999.000 11.522 -9999.000 11.598 -9999.000 11.890 11.892 11.895 11.911 11.938 11.948 11.956 11.968 11.979 11.991 12.003 12.044 12.143 -9999.000 12.332 12.347 12.356
-9999.000 -9999.000 -9999.000 -9999.000 -9999.000 -9999.000 9.849 9.848 9.847 9.846 9.846 9.844 9.843 9.842 9.840 -9999.000 -9999.000 -9999.000 -9999.000 -9999.000 10.903 10.999 11.004 11.011 11.019 11.027 11.037 11.046 11.066 -9999.000 11.161 -9999.000 -9999.000 -9999.000 -9999.000 11.602 -9999.000 -9999.000 -9999.000 -9999.000 -9999.000 -9999.000 -9999.000 11.894 11.894 11.894 11.894 -9999.000 11.943 11.943 -9999.000 -9999.000 11.991 11.994 12.047 12.130 12.258 12.283 12.313 12.337 12.348
9.850 -9999.000 -9999.000 -9999.000 -9999.000 9.848 9.849 9.848 9.848 9.847 9.846 9.845 9.843 9.839 -9999.000 -9999.000 -9999.000 -9999.000 -9999.000 10.982 10.987 10.993 11.000 11.008 11.016 11.023 11.032 11.039 11.055 -9999.000 -9999.000 -9999.000 -9999.000 -9999.000 11.604 11.604 -9999.000 -9999.000 -9999.000 11.622 -9999.000 -9999.000 11.639 -9999.000 -9999.000 -9999.000 -9999.000 11.943 11.943 -9999.000 -9999.000 11.991 11.991 -9999.000 -9999.000 -9999.000 -9999.000 12.406 12.395 -9999.000 -9999.000
9.852 -9999.000 -9999.000 -9999.000 -9999.000 9.849 9.849 9.848 9.848 9.847 9.846 9.845 9.843 -9999.000 -9999.000 -9999.000 10.958 10.962 10.969 10.975 10.981 10.988 10.994 11.006 11.013 11.018 11.022 -9999.000 -9999.000 -9999.000 -9999.000 -9999.000 -9999.000 11.594 11.602 11.606 11.610 11.612 11.616 11.623 11.629 11.635 11.639 -9999.000 -9999.000 -9999.000 -9999.000 -9999.000 -9999.000 -9999.000 -9999.000 -9999.000 12.002 -9999.000 -9999.000 12.420 12.422 12.426 -9999.000 -9999.000 -9999.000
9.852 9.852 -9999.000 -9999.000 9.849 9.849 9.848 9.848 9.848 9.848 9.846 9.844 -9999.000 -9999.000 -9999.000 -9999.000 10.957 10.959 10.964 10.971 10.977 10.983 10.987 -9999.000 11.011 11.013 -9999.000 -9999.000 -9999.000 -9999.000 -9999.000 11.035 11.144 11.509 11.600 11.607 11.610 11.612 11.615 11.622 11.631 11.644 11.672 11.744 11.837 11.919 11.965 11.992 12.036 12.080 12.096 12.118 12.165 12.221 12.287 12.350 12.404 12.449 12.474 12.494 12.513
9.850 9.850 -9999.000 -9999.000 9.849 9.849 9.849 9.848 9.849 9.849 9.847 9.845 -9999.000 -9999.000 -9999.000 10.946 10.951 10.955 10.960 10.968 10.972 10.974 10.978 10.978 10.995 -9999.000 -9999.000 -9999.000 -9999.000 10.965 10.974 10.988 11.101 11.482 11.598 11.608 11.611 11.614 11.616 11.623 11.631 11.643 11.675 11.723 11.825 11.912 11.975 11.997 12.034 12.070 12.088 12.103 12.139 12.196 12.276 12.337 12.408 12.464 12.475 12.494 12.514
-9999.000 9.849 9.849 9.849 9.849 9.850 9.850 9.850 9.851 9.852 -9999.000 -9999.000 -9999.000 -9999.000 10.936 10.941 10.947 10.951 10.955 10.962 10.968 10.968 10.975 10.977 10.985 -9999.000 -9999.000 -9999.000 10.957 10.959 10.962 10.971 -9999.000 -9999.000 -9999.000 -9999.000 11.614 11.615 11.616 11.622 11.629 11.636 11.670 11.718 11.808 11.870 11.933 11.980 12.019 12.047 12.063 12.074 12.084 12.131 12.269 12.391 12.451 12.464 12.470 12.479 12.511
-9999.000 9.849 9.849 9.849 9.849 9.850 9.850 9.851 9.852 -9999.000 -9999.000 -9999.000 -9999.000 10.924 10.931 10.936 10.943 10.949 10.952 10.957 -9999.000 10.945 -9999.000 -9999.000 -9999.000 -9999.000 10.947 10.949 10.954 10.958 10.961 10.966 11.031 -9999.000 -9999.000 -9999.000 11.614 11.615 11.617 11.621 11.625 11.632 11.640 11.657 11.729 11.804 -9999.000 -9999.000 -9999.000 12.040 12.050 12.051 12.052 12.053 12.105 12.402 12.457 12.461 12.414 -9999.000 -9999.000
-9999.000 9.849 9.849 9.849 9.849 9.850 9.850 9.850 -9999.000 -9999.000 -9999.000 -9999.000 -9999.000 10.920 10.923 10.929 10.936 -9999.000 -9999.000 -9999.000 -9999.000 10.928 10.925 10.925 10.925 10.937 10.942 10.947 10.952 10.956 10.960 -9999.000 11.040 -9999.000 -9999.000 -9999.000 -9999.000 11.612 11.616 11.620 11.624 11.627 11.632 11.645 11.681 -9999.000 -9999.000 -9999.000 -9999.000 12.036 12.047 12.049 12.051 12.051 12.421 12.452 12.455 -9999.000 -9999.000 -9999.000 -9999.000
-9999.000 9.850 9.850 9.849 9.849 9.850 9.849 -9999.000 -9999.000 -9999.000 -9999.000 -9999.000 10.909 10.913 10.916 10.920 -9999.000 -9999.000 -9999.000 -9999.000 -9999.000 10.923 10.923 10.924 10.928 10.932 10.937 10.945 10.952 10.959 10.973 11.002 11.043 11.084 11.196 11.434 11.546 11.596 11.611 11.618 11.622 11.626 11.630 11.822 -9999.000 -9999.000 -9999.000 -9999.000 12.018 12.029 12.039 12.044 12.046 12.049 -9999.000 -9999.000 -9999.000 -9999.000 -9999.000 -9999.000 -9999.000
-9999.000 9.851 9.851 9.850 9.850 9.850 9.850 -9999.000 -9999.000 -9999.000 -9999.000 10.903 10.906 10.908 10.911 10.916 -9999.000 -9999.000 -9999.000 -9999.000 10.913 10.917 10.920 10.923 10.925 10.930 10.932 10.939 10.948 10.956 10.968 10.976 11.194 11.220 11.350 11.460 11.537 11.586 11.606 11.616 11.622 11.632 11.776 11.883 11.901 -9999.000 12.008 12.009 12.013 12.019 12.023 12.028 12.031 12.033 -9999.000 -9999.000 -9999.000 -9999.000 -9999.000 -9999.000 -9999.000
9.853 9.852 9.852 9.851 9.850 9.762 -9999.000 -9999.000 -9999.000 10.897 10.899 10.900 10.902 10.904 10.905 -9999.000 -9999.000 -9999.000 10.906 10.907 10.910 10.912 10.915 10.919 10.923 10.927 10.930 10.933 10.939 10.946 -9999.000 -9999.000 -9999.000 -9999.000 -9999.000 -9999.000 11.595 11.604 11.614 11.622 11.641 11.706 11.829 11.921 11.943 11.966 11.988 12.004 12.009 12.012 12.016 12.017 12.019 12.018 -9999.000 -9999.000 -9999.000 -9999.000 -9999.000 -9999.000 -9999.000
9.853 9.854 9.854 9.853 9.851 -9999.000 -9999.000 -9999.000 -9999.000 10.897 10.898 10.899 10.900 10.901 10.902 -9999.000 -9999.000 10.904 10.905 10.906 10.908 10.910 10.911 10.915 10.919 10.923 10.926 10.930 10.934 10.940 -9999.000 -9999.000 -9999.000 -9999.000 -9999.000 -9999.000 -9999.000 11.615 11.626 11.637 11.679 11.756 11.840 11.913 11.949 11.973 11.991 12.004 12.006 12.008 12.011 12.014 12.016 12.016 12.016 -9999.000 -9999.000 -9999.000 -9999.000 -9999.000 -9999.000
9.854 9.856 9.857 9.857 -9999.000 -9999.000 -9999.000 -9999.000 10.895 10.895 10.897 10.897 10.899 10.899 10.900 10.899 -9999.000 10.902 10.903 10.905 10.906 10.908 10.910 10.912 10.914 10.918 10.922 10.924 10.930 -9999.000 -9999.000 -9999.000 -9999.000 -9999.000 -9999.000 -9999.000 -9999.000 -9999.000 11.626 11.627 -9999.000 -9999.000 -9999.000 -9999.000 -9999.000 11.994 11.999 12.005 12.006 12.006 12.007 12.009 -9999.000 -9999.000 -9999.000 -9999.000 -9999.000 -9999.000 -9999.000 -9999.000 -9999.000
9.855 9.858 9.860 9.863 9.896 -9999.000 -9999.000 10.894 10.894 10.894 10.896 10.896 10.897 10.898 10.899 10.898 10.899 10.901 10.902 10.903 10.904 10.906 10.909 10.910 10.913 10.915 10.918 10.921 -9999.000 -9999.000 -9999.000 -9999.000 -9999.000 -9999.000 -9999.000 -9999.000 -9999.000 -9999.000 -9999.000 -9999.000 -9999.000 -9999.000 -9999.000 -9999.000 -9999.000 -9999.000 -9999.000 12.006 12.007 12.007 12.006 12.007 -9999.000 -9999.000 -9999.000 -9999.000 -9999.000 -9999.000 -9999.000 -9999.000 -9999.000
9.858 9.861 9.864 9.870 10.247 10.699 10.804 -9999.000 10.892 10.894 10.894 10.895 10.896 10.897 10.898 10.898 10.899 10.900 10.900 10.901 10.902 10.904 10.907 10.909 10.911 10.914 10.915 10.900 -9999.000 -9999.000 -9999.000 -9999.000 -9999.000 -9999.000 -9999.000 -9999.000 -9999.000 -9999.000 -9999.000 -9999.000 -9999.000 -9999.000 -9999.000 -9999.000 -9999.000 -9999.000 -9999.000 -9999.000 12.006 12.006 -9999.000 -9999.000 -9999.000 -9999.000 -9999.000 -9999.000 -9999.000 -9999.000 -9999.000 -9999.000 -9999.000
9.860 9.864 9.867 -9999.000 -9999.000 10.810 10.820 10.860 10.885 10.892 10.893 10.894 10.894 10.895 10.896 10.897 10.897 10.898 10.899 10.899 10.900 10.902 10.904 10.907 10.910 10.912 10.913 -9999.000 -9999.000 -9999.000 -9999.000 -9999.000 -9999.000 -9999.000 -9999.000 -9999.000 -9999.000 -9999.000 -9999.000 -9999.000 -9999.000 -9999.000 -9999.000 -9999.000 -9999.000 -9999.000 -9999.000 -9999.000 -9999.000 -9999.000 -9999.000 -9999.000 -9999.000 -9999.000 -9999.000 -9999.000 -9999.000 -9999.000 -9999.000 -9999.000 -9999.000
9.861 9.868 9.876 9.881 -9999.000 -9999.000 10.858 10.877 10.887 10.891 10.892 10.893 10.894 10.894 10.895 10.896 10.896 10.896 10.897 10.897 10.898 10.898 10.899 10.899 10.897 -9999.000 -9999.000 -9999.000 -9999.000 -9999.000 -9999.000 -9999.000 -9999.000 -9999.000 -9999.000 -9999.000 -9999.000 -9999.000 -9999.000 -9999.000 -9999.000 -9999.000 -9999.000 -9999.000 -9999.000 -9999.000 -9999.000 -9999.000 -9999.000 -9999.000 -9999.000 -9999.000 -9999.000 -9999.000 -9999.000 -9999.000 -9999.000 -9999.000 -9999.000 -9999.000 -9999.000
9.863 9.871 9.881 9.885 9.890 -9999.000 10.856 10.880 10.888 10.890 10.891 10.891 10.893 10.894 10.894 10.895 10.895 10.895 10.895 10.895 10.895 10.895 10.896 10.895 -9999.000 -9999.000 -9999.000 -9999.000 -9999.000 -9999.000 -9999.000 -9999.000 -9999.000 -9999.000 -9999.000 -9999.000 -9999.000 -9999.000 -9999.000 -9999.000 -9999.000 -9999.000 -9999.000 -9999.000 -9999.000 -9999.000 -9999.000 -9999.000 -9999.000 -9999.000 -9999.000 -9999.000 -9999.000 -9999.000 -9999.000 -9999.000 -9999.000 -9999.000 -9999.000 -9999.000 -9999.000
9.865 9.873 9.884 9.890 9.900 10.676 10.824 -9999.000 10.888 10.889 10.889 10.890 -9999.000 -9999.000 -9999.000 10.894 10.893 10.893 10.893 10.893 10.893 10.894 10.893 10.892 10.891 -9999.000 -9999.000 -9999.000 -9999.000 -9999.000 -9999.000 -9999.000 -9999.000 -9999.000 -9999.000 -9999.000 -9999.000 -9999.000 -9999.000 -9999.000 -9999.000 -9999.000 -9999.000 -9999.000 -9999.000 -9999.000 -9999.000 -9999.000 -9999.000 -9999.000 -9999.000 -9999.000 -9999.000 -9999.000 -9999.000 -9999.000 -9999.000 -9999.000 -9999.000 -9999.000 -9999.000
