LISFLOOD_FP/Result/4_LISFLOOD_FP/combined_output/combined_angle_90_x_0_y_0/out.totaltm
ncols         192
nrows         192
xllcorner     1771145.000000
yllcorner     5471774.000000
cellsize      10.000000
NODATA_value  -9999.000000
[rows 102 to 135 of 192, columns 77 to 153 of 192]
0.000 0.000 0.000 0.028 0.036 0.051 0.000 0.055 0.006 0.019 0.013 0.000 0.000 0.000 0.002 0.000 0.057 0.060 0.057 0.047 0.000 0.000 0.074 0.072 0.081 0.107 0.093 0.089 0.000 0.000 0.000 0.142 0.125 0.179 0.171 0.043 0.037 0.000 0.431 0.751 0.779 0.783 0.786 0.789 0.791 0.795 0.793 0.796 0.799 0.801 0.799 0.000 0.000 0.000 0.000 0.000 0.888 0.890 0.889 0.863 0.835 0.833 0.830 0.826 0.825 0.825 0.825 0.000 0.000 0.000 0.000 0.000 0.000 0.000 0.000 0.000 0.000
0.000 0.000 0.000 0.000 0.012 0.000 0.019 0.026 0.000 0.000 0.000 0.000 0.000 0.000 0.000 0.000 0.006 0.000 0.054 0.038 0.000 0.083 0.079 0.100 0.000 0.110 0.106 0.000 0.000 0.000 0.000 0.000 0.000 0.078 0.000 0.039 0.000 0.258 0.771 0.785 0.786 0.780 0.783 0.786 0.788 0.791 0.790 0.791 0.793 0.796 0.794 0.000 0.000 0.840 0.868 0.883 0.887 0.889 0.887 0.867 0.830 0.829 0.826 0.823 0.823 0.823 0.824 0.000 0.000 0.000 0.000 0.000 0.000 0.000 0.000 0.000 0.000
0.000 0.000 0.000 0.000 0.009 0.000 0.013 0.000 0.000 0.000 0.000 0.000 0.000 0.000 0.000 0.000 0.000 0.013 0.045 0.042 0.016 0.086 0.000 0.107 0.109 0.112 0.109 0.107 0.000 0.000 0.000 0.000 0.000 0.000 0.000 0.000 0.562 0.780 0.794 0.796 0.792 0.788 0.782 0.782 0.784 0.786 0.786 0.787 0.788 0.789 0.787 0.000 0.000 0.843 0.878 0.885 0.886 0.887 0.873 0.862 0.831 0.829 0.826 0.822 0.821 0.822 0.822 0.000 0.000 0.000 0.000 0.000 0.000 0.000 0.000 0.000 0.000
0.000 0.006 0.000 0.000 0.002 0.000 0.000 0.001 0.012 0.000 0.000 0.000 0.000 0.000 0.000 0.000 0.000 0.000 0.000 0.032 0.000 0.144 0.000 0.100 0.000 0.218 0.000 0.000 0.000 0.000 0.000 0.000 0.000 0.000 0.753 0.786 0.796 0.802 0.804 0.800 0.801 0.797 0.790 0.777 0.780 0.781 0.782 0.783 0.783 0.784 0.766 0.000 0.000 0.866 0.879 0.884 0.883 0.501 0.000 0.009 0.828 0.825 0.822 0.818 0.819 0.820 0.820 0.000 0.000 0.000 0.000 0.000 0.000 0.000 0.000 0.000 0.000
0.000 0.028 0.000 0.000 0.000 0.000 0.000 0.000 0.018 0.008 0.000 0.000 0.000 0.000 0.000 0.000 0.000 0.000 0.000 0.013 0.000 0.153 0.000 0.000 0.000 0.218 0.000 0.000 0.000 0.000 0.000 0.000 0.723 0.788 0.796 0.799 0.804 0.806 0.808 0.809 0.810 0.806 0.797 0.789 0.777 0.777 0.778 0.778 0.778 0.778 0.554 0.000 0.833 0.871 0.878 0.883 0.846 0.000 0.000 0.000 0.825 0.822 0.819 0.816 0.816 0.818 0.819 0.000 0.000 0.000 0.000 0.000 0.000 0.000 0.000 0.000 0.000
0.099 0.107 0.094 0.000 0.058 0.000 0.000 0.000 0.196 0.000 0.000 0.000 0.150 0.000 0.000 0.131 0.000 0.000 0.000 0.010 0.000 0.162 0.730 0.743 0.755 0.757 0.756 0.538 0.399 0.715 0.771 0.785 0.794 0.798 0.801 0.804 0.808 0.810 0.812 0.816 0.817 0.813 0.807 0.800 0.791 0.786 0.772 0.773 0.729 0.469 0.000 0.000 0.867 0.874 0.880 0.881 0.000 0.000 0.000 0.600 0.822 0.818 0.813 0.814 0.815 0.816 0.817 0.000 0.000 0.000 0.000 0.000 0.000 0.000 0.000 0.000 0.000
0.127 0.131 0.134 0.022 0.148 0.151 0.154 0.213 0.260 0.242 0.219 0.241 0.263 0.242 0.224 0.219 0.179 0.159 0.000 0.000 0.712 0.752 0.758 0.764 0.768 0.772 0.775 0.777 0.779 0.788 0.794 0.797 0.799 0.802 0.806 0.809 0.812 0.815 0.817 0.820 0.822 0.818 0.813 0.807 0.796 0.779 0.736 0.000 0.000 0.000 0.441 0.863 0.871 0.877 0.879 0.878 0.000 0.000 0.000 0.770 0.810 0.812 0.812 0.812 0.813 0.815 0.816 0.000 0.000 0.000 0.000 0.000 0.000 0.000 0.000 0.000 0.000
0.132 0.135 0.137 0.140 0.144 0.134 0.193 0.270 0.268 0.272 0.304 0.295 0.287 0.273 0.246 0.220 0.205 0.187 0.000 0.000 0.000 0.715 0.755 0.755 0.731 0.715 0.660 0.739 0.777 0.776 0.790 0.796 0.801 0.806 0.809 0.813 0.815 0.818 0.821 0.823 0.825 0.821 0.811 0.804 0.769 0.000 0.000 0.000 0.000 0.491 0.864 0.870 0.875 0.877 0.877 0.000 0.000 0.000 0.664 0.802 0.808 0.810 0.810 0.811 0.812 0.813 0.813 0.000 0.000 0.000 0.000 0.000 0.000 0.000 0.000 0.000 0.000
0.109 0.118 0.000 0.126 0.123 0.249 0.267 0.283 0.274 0.298 0.336 0.320 0.283 0.249 0.233 0.217 0.208 0.199 0.037 0.000 0.000 0.000 0.749 0.712 0.000 0.000 0.000 0.000 0.710 0.185 0.000 0.364 0.000 0.790 0.811 0.815 0.818 0.821 0.823 0.825 0.827 0.823 0.000 0.000 0.000 0.000 0.000 0.000 0.849 0.863 0.868 0.871 0.874 0.874 0.861 0.000 0.000 0.632 0.795 0.800 0.805 0.808 0.809 0.809 0.810 0.811 0.812 0.000 0.000 0.000 0.000 0.000 0.000 0.000 0.000 0.000 0.000
0.000 0.087 0.069 0.089 0.120 0.000 0.192 0.313 0.324 0.335 0.348 0.261 0.238 0.207 0.183 0.198 0.158 0.166 0.147 0.000 0.000 0.000 0.716 0.713 0.000 0.000 0.000 0.000 0.000 0.000 0.000 0.000 0.000 0.744 0.804 0.810 0.815 0.820 0.823 0.704 0.829 0.418 0.833 0.602 0.000 0.000 0.835 0.851 0.856 0.865 0.868 0.871 0.871 0.000 0.000 0.517 0.000 0.714 0.794 0.799 0.803 0.805 0.807 0.807 0.807 0.810 0.810 0.000 0.000 0.000 0.000 0.000 0.000 0.000 0.000 0.000 0.000
0.003 0.091 0.100 0.110 0.116 0.063 0.153 0.223 0.333 0.345 0.357 0.157 0.155 0.000 0.000 0.000 0.000 0.000 0.120 0.758 0.749 0.653 0.791 0.709 0.000 0.000 0.000 0.000 0.359 0.000 0.000 0.000 0.642 0.800 0.799 0.804 0.468 0.822 0.828 0.829 0.830 0.834 0.836 0.838 0.842 0.841 0.844 0.856 0.862 0.865 0.867 0.867 0.000 0.000 0.000 0.684 0.688 0.788 0.792 0.797 0.801 0.803 0.805 0.805 0.806 0.808 0.808 0.000 0.000 0.000 0.000 0.000 0.000 0.000 0.000 0.000 0.000
0.113 0.000 0.080 0.094 0.101 0.107 0.000 0.000 0.194 0.200 0.368 0.056 0.453 0.772 0.779 0.781 0.789 0.790 0.794 0.795 0.797 0.798 0.800 0.801 0.802 0.804 0.805 0.808 0.809 0.011 0.791 0.499 0.813 0.802 0.818 0.820 0.822 0.823 0.826 0.824 0.000 0.000 0.000 0.847 0.845 0.000 0.000 0.845 0.863 0.865 0.865 0.000 0.000 0.000 0.081 0.682 0.780 0.788 0.791 0.795 0.799 0.801 0.803 0.804 0.804 0.806 0.807 0.000 0.000 0.000 0.000 0.000 0.000 0.000 0.000 0.000 0.000
0.000 0.000 0.000 0.000 0.000 0.112 0.000 0.000 0.000 0.169 0.735 0.776 0.781 0.783 0.785 0.786 0.788 0.789 0.790 0.789 0.789 0.791 0.793 0.796 0.800 0.801 0.788 0.807 0.813 0.814 0.815 0.817 0.820 0.821 0.823 0.619 0.800 0.649 0.720 0.000 0.000 0.000 0.000 0.851 0.837 0.844 0.000 0.860 0.863 0.863 0.858 0.000 0.681 0.688 0.679 0.750 0.781 0.786 0.790 0.794 0.797 0.799 0.801 0.802 0.803 0.804 0.805 0.000 0.000 0.000 0.000 0.000 0.000 0.000 0.000 0.000 0.000
0.000 0.000 0.000 0.000 0.000 0.180 0.193 0.655 0.770 0.775 0.776 0.778 0.779 0.780 0.776 0.775 0.000 0.000 0.000 0.000 0.355 0.681 0.000 0.000 0.650 0.000 0.188 0.000 0.314 0.241 0.780 0.783 0.822 0.826 0.829 0.830 0.835 0.837 0.838 0.840 0.840 0.000 0.852 0.855 0.856 0.857 0.858 0.860 0.851 0.850 0.453 0.000 0.658 0.696 0.749 0.774 0.780 0.786 0.790 0.792 0.795 0.798 0.799 0.801 0.802 0.803 0.803 0.000 0.000 0.000 0.000 0.000 0.000 0.000 0.000 0.000 0.000
0.000 0.000 0.000 0.000 0.039 0.750 0.768 0.771 0.772 0.773 0.775 0.776 0.607 0.000 0.387 0.000 0.000 0.000 0.000 0.123 0.000 0.000 0.000 0.000 0.000 0.000 0.000 0.733 0.736 0.761 0.775 0.000 0.420 0.465 0.000 0.000 0.687 0.818 0.812 0.841 0.849 0.850 0.851 0.841 0.847 0.613 0.850 0.000 0.000 0.000 0.000 0.680 0.687 0.748 0.760 0.773 0.782 0.786 0.789 0.791 0.794 0.796 0.798 0.799 0.799 0.801 0.801 0.000 0.000 0.000 0.000 0.000 0.000 0.000 0.000 0.000 0.000
0.000 0.000 0.000 0.448 0.761 0.766 0.768 0.769 0.770 0.771 0.772 0.758 0.179 0.000 0.000 0.000 0.000 0.000 0.603 0.594 0.000 0.000 0.000 0.471 0.000 0.000 0.564 0.000 0.000 0.000 0.000 0.402 0.411 0.000 0.000 0.210 0.681 0.000 0.000 0.000 0.000 0.615 0.323 0.000 0.000 0.000 0.000 0.000 0.000 0.000 0.215 0.717 0.750 0.757 0.763 0.778 0.782 0.785 0.788 0.791 0.793 0.795 0.796 0.797 0.798 0.799 0.800 0.000 0.000 0.000 0.000 0.000 0.000 0.000 0.000 0.000 0.000
0.545 0.320 0.718 0.760 0.763 0.765 0.765 0.763 0.761 0.755 0.489 0.000 0.000 0.000 0.000 0.000 0.000 0.622 0.643 0.649 0.652 0.654 0.655 0.659 0.661 0.663 0.670 0.000 0.000 0.000 0.000 0.000 0.000 0.000 0.000 0.000 0.428 0.000 0.000 0.430 0.673 0.686 0.000 0.000 0.000 0.000 0.000 0.603 0.662 0.735 0.746 0.752 0.757 0.767 0.772 0.779 0.782 0.785 0.787 0.789 0.792 0.793 0.795 0.796 0.797 0.796 0.796 0.000 0.000 0.000 0.000 0.000 0.000 0.000 0.000 0.000 0.000
0.590 0.752 0.758 0.760 0.761 0.762 0.761 0.000 0.695 0.330 0.000 0.000 0.000 0.000 0.000 0.584 0.587 0.589 0.625 0.644 0.649 0.652 0.653 0.654 0.659 0.664 0.671 0.678 0.679 0.686 0.687 0.701 0.673 0.709 0.711 0.715 0.716 0.718 0.720 0.724 0.725 0.729 0.730 0.732 0.734 0.735 0.735 0.737 0.744 0.749 0.755 0.757 0.763 0.769 0.774 0.779 0.781 0.784 0.786 0.788 0.790 0.792 0.793 0.794 0.795 0.795 0.795 0.000 0.000 0.000 0.000 0.000 0.000 0.000 0.000 0.000 0.000
0.753 0.755 0.756 0.757 0.755 0.657 0.480 0.545 0.360 0.000 0.000 0.000 0.000 0.083 0.567 0.581 0.396 0.407 0.535 0.588 0.600 0.609 0.619 0.566 0.579 0.658 0.638 0.648 0.616 0.676 0.700 0.702 0.703 0.706 0.705 0.708 0.679 0.696 0.631 0.671 0.526 0.729 0.733 0.734 0.736 0.740 0.742 0.745 0.747 0.755 0.759 0.761 0.764 0.770 0.775 0.779 0.781 0.783 0.785 0.786 0.788 0.790 0.791 0.792 0.794 0.793 0.794 0.000 0.000 0.000 0.000 0.000 0.000 0.000 0.000 0.000 0.000
0.752 0.753 0.753 0.411 0.519 0.595 0.588 0.582 0.115 0.000 0.000 0.000 0.530 0.566 0.568 0.570 0.000 0.000 0.000 0.000 0.510 0.593 0.598 0.539 0.598 0.654 0.598 0.621 0.671 0.673 0.631 0.570 0.564 0.589 0.649 0.672 0.660 0.439 0.428 0.600 0.634 0.723 0.709 0.634 0.540 0.689 0.661 0.745 0.749 0.752 0.755 0.741 0.000 0.759 0.774 0.776 0.779 0.781 0.783 0.785 0.787 0.788 0.789 0.789 0.790 0.791 0.792 0.000 0.000 0.000 0.000 0.000 0.000 0.000 0.000 0.000 0.000
0.750 0.747 0.665 0.300 0.000 0.589 0.000 0.000 0.000 0.000 0.534 0.550 0.560 0.564 0.551 0.495 0.043 0.000 0.000 0.000 0.479 0.591 0.596 0.591 0.634 0.636 0.638 0.646 0.648 0.296 0.000 0.000 0.000 0.224 0.644 0.671 0.658 0.625 0.464 0.283 0.659 0.675 0.067 0.000 0.000 0.000 0.643 0.742 0.746 0.750 0.752 0.591 0.000 0.593 0.772 0.775 0.777 0.780 0.781 0.783 0.785 0.786 0.787 0.788 0.789 0.789 0.790 0.000 0.000 0.000 0.000 0.000 0.000 0.000 0.000 0.000 0.000
0.606 0.000 0.000 0.000 0.000 0.582 0.529 0.435 0.076 0.543 0.556 0.558 0.560 0.542 0.359 0.000 0.251 0.000 0.000 0.000 0.000 0.580 0.579 0.602 0.629 0.634 0.636 0.595 0.458 0.000 0.000 0.000 0.000 0.561 0.656 0.668 0.643 0.599 0.078 0.498 0.568 0.000 0.000 0.000 0.000 0.000 0.000 0.000 0.747 0.751 0.753 0.756 0.758 0.755 0.768 0.774 0.776 0.778 0.780 0.781 0.783 0.784 0.786 0.786 0.787 0.787 0.789 0.000 0.000 0.000 0.000 0.000 0.000 0.000 0.000 0.000 0.000
0.000 0.000 0.000 0.000 0.000 0.563 0.558 0.540 0.543 0.548 0.549 0.543 0.564 0.566 0.568 0.581 0.583 0.585 0.587 0.543 0.564 0.577 0.615 0.623 0.626 0.592 0.546 0.051 0.000 0.000 0.000 0.000 0.494 0.632 0.640 0.621 0.561 0.544 0.000 0.000 0.000 0.000 0.000 0.000 0.000 0.000 0.554 0.742 0.751 0.754 0.756 0.755 0.761 0.766 0.770 0.772 0.774 0.777 0.777 0.777 0.781 0.783 0.783 0.785 0.786 0.786 0.787 0.000 0.000 0.000 0.000 0.000 0.000 0.000 0.000 0.000 0.000
0.000 0.000 0.000 0.000 0.530 0.558 0.552 0.542 0.532 0.541 0.539 0.470 0.549 0.551 0.567 0.454 0.012 0.052 0.589 0.595 0.600 0.608 0.611 0.585 0.570 0.529 0.490 0.515 0.508 0.000 0.232 0.503 0.620 0.630 0.610 0.517 0.520 0.311 0.000 0.000 0.000 0.000 0.000 0.000 0.000 0.000 0.000 0.735 0.742 0.750 0.757 0.762 0.764 0.765 0.768 0.769 0.771 0.773 0.775 0.776 0.780 0.781 0.781 0.783 0.784 0.784 0.785 0.000 0.000 0.000 0.000 0.000 0.000 0.000 0.000 0.000 0.000
0.000 0.000 0.498 0.496 0.528 0.553 0.530 0.503 0.524 0.534 0.526 0.537 0.539 0.522 0.000 0.000 0.000 0.000 0.000 0.000 0.464 0.583 0.578 0.568 0.524 0.516 0.522 0.565 0.564 0.562 0.559 0.579 0.622 0.624 0.605 0.554 0.528 0.501 0.000 0.000 0.000 0.000 0.000 0.000 0.000 0.000 0.000 0.000 0.000 0.000 0.739 0.751 0.756 0.760 0.761 0.767 0.767 0.769 0.753 0.760 0.772 0.778 0.780 0.781 0.782 0.782 0.783 0.000 0.000 0.000 0.000 0.000 0.000 0.000 0.000 0.000 0.000
0.000 0.472 0.517 0.525 0.536 0.546 0.529 0.512 0.515 0.527 0.521 0.530 0.537 0.224 0.000 0.000 0.000 0.000 0.000 0.000 0.000 0.511 0.575 0.565 0.565 0.567 0.568 0.573 0.578 0.582 0.587 0.597 0.621 0.609 0.574 0.547 0.544 0.532 0.491 0.000 0.000 0.000 0.000 0.000 0.000 0.000 0.000 0.000 0.000 0.000 0.627 0.668 0.700 0.000 0.000 0.576 0.000 0.499 0.559 0.560 0.639 0.732 0.768 0.777 0.778 0.780 0.780 0.000 0.000 0.000 0.000 0.000 0.000 0.000 0.000 0.000 0.000
0.000 0.519 0.530 0.548 0.539 0.545 0.532 0.521 0.518 0.492 0.516 0.523 0.238 0.000 0.000 0.000 0.000 0.000 0.000 0.000 0.000 0.000 0.552 0.430 0.000 0.000 0.000 0.000 0.000 0.551 0.566 0.592 0.620 0.608 0.586 0.548 0.000 0.000 0.000 0.000 0.000 0.000 0.000 0.000 0.000 0.000 0.000 0.000 0.000 0.000 0.358 0.544 0.577 0.000 0.000 0.000 0.162 0.492 0.505 0.000 0.598 0.618 0.621 0.747 0.771 0.778 0.777 0.000 0.000 0.000 0.000 0.000 0.000 0.000 0.000 0.000 0.000
0.583 0.577 0.572 0.566 0.557 0.551 0.522 0.505 0.501 0.505 0.517 0.519 0.000 0.000 0.000 0.000 0.000 0.000 0.000 0.000 0.000 0.000 0.000 0.000 0.000 0.000 0.000 0.000 0.000 0.000 0.000 0.603 0.618 0.606 0.590 0.566 0.000 0.000 0.000 0.000 0.000 0.000 0.000 0.000 0.000 0.000 0.000 0.000 0.000 0.000 0.187 0.317 0.323 0.130 0.100 0.332 0.435 0.381 0.509 0.526 0.594 0.623 0.000 0.658 0.717 0.766 0.770 0.000 0.000 0.000 0.000 0.000 0.000 0.000 0.000 0.000 0.000
0.569 0.565 0.562 0.561 0.548 0.521 0.478 0.496 0.499 0.509 0.511 0.043 0.000 0.000 0.000 0.000 0.000 0.000 0.000 0.000 0.000 0.000 0.000 0.000 0.000 0.000 0.000 0.000 0.000 0.000 0.000 0.000 0.605 0.592 0.000 0.000 0.000 0.000 0.000 0.000 0.000 0.000 0.000 0.000 0.000 0.000 0.000 0.000 0.000 0.000 0.000 0.000 0.000 0.053 0.000 0.405 0.468 0.478 0.486 0.493 0.576 0.637 0.652 0.663 0.694 0.732 0.749 0.000 0.000 0.000 0.000 0.000 0.000 0.000 0.000 0.000 0.000
0.482 0.440 0.557 0.553 0.515 0.477 0.485 0.495 0.498 0.500 0.211 0.000 0.000 0.000 0.000 0.000 0.000 0.000 0.000 0.000 0.000 0.000 0.000 0.000 0.000 0.000 0.000 0.000 0.000 0.000 0.000 0.000 0.000 0.000 0.000 0.000 0.000 0.000 0.000 0.000 0.000 0.000 0.000 0.000 0.000 0.000 0.000 0.000 0.000 0.000 0.000 0.000 0.000 0.039 0.000 0.275 0.330 0.354 0.424 0.417 0.488 0.616 0.649 0.669 0.683 0.716 0.737 0.000 0.000 0.000 0.000 0.000 0.000 0.000 0.000 0.000 0.000
0.528 0.486 0.560 0.560 0.514 0.470 0.478 0.252 0.066 0.000 0.000 0.000 0.000 0.000 0.000 0.000 0.000 0.000 0.000 0.000 0.000 0.000 0.000 0.000 0.000 0.000 0.000 0.000 0.000 0.000 0.000 0.000 0.000 0.000 0.000 0.000 0.000 0.000 0.000 0.000 0.000 0.000 0.000 0.000 0.000 0.000 0.000 0.000 0.000 0.000 0.000 0.000 0.000 0.000 0.000 0.088 0.000 0.092 0.392 0.399 0.375 0.562 0.612 0.665 0.673 0.695 0.717 0.000 0.000 0.000 0.000 0.000 0.000 0.000 0.000 0.000 0.000
0.279 0.532 0.566 0.565 0.520 0.502 0.499 0.285 0.000 0.000 0.000 0.000 0.000 0.000 0.000 0.000 0.000 0.000 0.000 0.000 0.000 0.000 0.000 0.000 0.000 0.000 0.000 0.000 0.000 0.000 0.000 0.000 0.000 0.000 0.000 0.000 0.000 0.000 0.000 0.000 0.000 0.000 0.000 0.000 0.000 0.000 0.000 0.000 0.000 0.000 0.000 0.000 0.000 0.000 0.000 0.000 0.006 0.000 0.065 0.388 0.000 0.460 0.611 0.646 0.665 0.681 0.701 0.000 0.000 0.000 0.000 0.000 0.000 0.000 0.000 0.000 0.000
0.565 0.565 0.577 0.573 0.503 0.498 0.474 0.482 0.253 0.000 0.000 0.000 0.000 0.000 0.000 0.000 0.000 0.000 0.000 0.000 0.000 0.000 0.000 0.000 0.000 0.000 0.000 0.000 0.000 0.000 0.000 0.000 0.000 0.000 0.000 0.000 0.000 0.000 0.000 0.000 0.000 0.000 0.000 0.000 0.000 0.000 0.000 0.000 0.000 0.000 0.000 0.000 0.000 0.000 0.000 0.009 0.027 0.109 0.158 0.173 0.278 0.208 0.594 0.635 0.657 0.674 0.688 0.000 0.000 0.000 0.000 0.000 0.000 0.000 0.000 0.000 0.000
0.496 0.588 0.585 0.582 0.568 0.511 0.486 0.493 0.475 0.055 0.000 0.000 0.000 0.000 0.000 0.000 0.000 0.000 0.000 0.000 0.000 0.000 0.000 0.000 0.000 0.000 0.000 0.000 0.000 0.000 0.000 0.000 0.000 0.000 0.000 0.000 0.000 0.000 0.000 0.000 0.000 0.000 0.000 0.000 0.000 0.000 0.000 0.000 0.000 0.000 0.000 0.000 0.000 0.000 0.000 0.000 0.057 0.101 0.115 0.132 0.461 0.554 0.589 0.630 0.652 0.670 0.683 0.000 0.000 0.000 0.000 0.000 0.000 0.000 0.000 0.000 0.000
