LISFLOOD_FP/Result/4_LISFLOOD_FP/combined_output/combined_angle_90_x_0_y_0/out.dem
ncols         192
nrows         192
xllcorner     1771145.000000
yllcorner     5471774.000000
cellsize      10.000000
NODATA_value  -9999.000000
[rows 135 to 161 of 192, columns 61 to 121 of 192]
11.888 9.187 7.565 6.188 6.717 10.186 8.379 10.101 6.267 4.694 4.699 4.864 8.678 19.405 16.939 8.758 7.743 6.305 5.952 6.084 6.418 7.388 7.758 7.052 7.476 10.658 16.055 19.261 19.793 22.573 26.457 28.411 27.043 23.967 19.112 21.052 25.324 28.569 29.984 29.942 29.941 31.061 32.424 31.147 28.954 26.114 24.059 27.252 28.149 26.674 27.418 30.089 32.481 33.739 32.942 36.074 35.786 33.898 31.010 29.426 25.014
9.700 10.062 10.907 8.066 6.319 11.242 11.109 6.771 5.630 4.612 4.598 4.723 6.304 14.985 8.470 6.910 6.942 6.384 5.802 5.867 6.115 7.524 7.567 7.122 7.223 7.640 11.356 11.919 13.494 17.001 21.908 26.009 25.555 20.092 18.468 20.241 25.182 28.887 30.018 29.924 29.847 31.790 33.357 32.930 29.995 26.618 25.137 26.796 28.611 27.651 31.151 33.971 36.052 37.193 35.625 36.682 36.447 34.385 31.062 27.862 24.731
15.967 9.320 9.073 13.903 6.704 7.270 10.056 5.976 4.877 4.516 4.554 4.463 5.539 6.508 6.907 6.911 7.621 6.937 5.849 5.659 6.383 7.099 6.996 6.741 6.734 6.881 7.182 7.208 8.156 12.396 17.866 23.458 24.596 26.059 19.545 20.619 25.175 29.376 30.476 30.145 29.966 32.321 34.607 34.692 30.773 28.552 25.734 25.576 28.515 30.183 35.481 36.259 38.875 39.350 37.511 38.162 37.040 32.606 28.642 26.092 24.341
15.054 8.944 8.747 9.581 13.526 9.289 7.837 5.931 4.743 4.512 4.511 4.517 5.074 5.687 6.549 6.379 7.056 7.601 5.877 5.639 5.755 7.572 6.997 8.035 7.059 7.032 6.394 6.282 6.912 8.641 14.226 19.663 24.950 24.789 20.514 24.884 26.162 30.162 31.257 30.615 32.801 33.926 36.396 35.625 33.240 31.070 28.328 28.804 30.127 32.517 35.458 38.137 40.602 40.519 37.603 35.223 31.522 29.849 29.055 26.519 23.522
13.190 11.180 10.331 13.286 15.352 18.772 17.018 8.600 5.186 4.413 4.385 4.349 4.684 5.620 6.374 6.419 6.728 6.290 5.786 5.729 5.648 7.288 7.000 7.457 7.512 6.938 6.446 6.545 6.680 7.311 10.991 17.146 21.610 24.680 23.038 25.443 27.945 31.193 31.400 31.306 33.393 35.803 37.806 37.208 35.621 33.253 30.921 31.387 34.121 34.146 36.508 39.277 40.974 40.274 37.243 33.206 29.703 27.713 26.966 24.814 22.718
9.657 13.516 13.525 11.079 17.238 19.531 16.967 10.900 7.564 4.553 4.453 4.334 4.636 5.156 6.260 6.579 6.690 6.365 6.468 5.592 5.588 6.052 7.592 6.955 8.069 6.987 6.546 6.206 6.192 6.785 8.036 11.909 17.268 23.249 25.130 28.576 30.554 31.944 31.033 31.411 34.195 36.133 37.571 37.756 36.527 36.934 35.786 34.668 35.857 36.121 37.320 38.836 40.446 38.406 35.763 31.516 29.164 26.109 24.889 23.123 21.358
8.870 16.476 13.265 9.420 13.603 14.920 11.384 9.672 9.323 4.896 4.414 4.191 4.193 4.714 6.139 8.508 6.572 7.335 7.324 6.030 5.857 5.852 7.025 7.167 6.968 6.566 6.378 6.568 6.345 9.726 12.813 12.807 14.622 21.835 26.517 29.502 31.554 30.699 29.556 30.914 33.271 34.824 35.278 36.407 36.879 37.041 37.034 36.706 36.164 36.973 37.136 38.530 39.659 37.205 34.445 31.916 28.773 23.838 22.598 21.396 19.404
12.007 23.870 18.083 8.343 10.629 19.211 17.651 19.233 10.631 4.962 4.440 4.237 4.136 4.651 5.780 6.753 8.158 9.646 8.482 6.194 5.835 5.685 5.818 7.006 7.452 7.087 7.112 6.315 6.601 7.118 10.546 12.515 13.103 19.416 26.320 29.663 29.301 27.539 28.195 29.311 30.616 30.783 31.821 33.469 34.822 35.647 35.858 35.252 35.289 34.304 36.378 36.788 37.556 34.644 31.069 31.220 28.009 22.141 20.689 19.890 19.309
14.580 21.517 17.062 7.653 11.756 16.602 20.634 9.166 7.519 6.238 4.391 4.296 4.096 4.512 5.520 6.741 7.889 6.650 8.240 7.695 5.838 5.753 5.637 5.710 6.981 7.519 8.642 6.584 6.180 6.683 10.177 13.944 13.312 17.731 24.237 27.556 26.139 25.990 26.353 26.555 26.659 27.161 28.218 29.718 31.470 32.306 32.660 31.952 31.178 31.928 34.244 32.634 27.815 26.204 25.616 24.046 22.590 21.616 19.882 19.445 19.303
21.940 22.203 20.709 10.852 9.757 8.986 21.545 23.457 15.508 8.981 5.309 4.338 4.037 4.451 5.786 5.295 7.072 6.847 7.131 7.573 5.688 5.694 5.655 5.474 5.539 6.664 7.646 6.717 6.495 6.716 7.006 6.992 13.098 16.395 22.561 24.223 23.681 23.038 22.870 24.631 25.154 25.448 26.044 27.332 28.132 28.719 30.883 27.806 28.454 32.184 29.119 24.642 21.711 19.640 19.468 19.306 18.761 18.889 20.209 19.770 19.201
22.890 13.544 19.737 21.553 10.126 9.469 8.686 18.065 19.550 11.120 13.093 3.918 4.048 4.566 5.705 5.450 15.220 13.900 11.137 7.270 5.820 5.653 5.699 5.535 5.423 5.586 7.254 7.402 7.152 6.020 6.625 7.694 9.003 13.273 18.124 19.598 19.776 19.121 20.414 21.503 22.931 24.200 25.403 25.920 26.669 26.363 25.608 26.356 28.864 29.709 23.110 19.247 18.073 18.163 18.223 18.220 18.337 18.410 19.738 20.720 18.852
18.256 18.395 21.735 12.172 7.184 8.395 8.584 17.738 21.493 20.006 8.925 6.465 4.151 4.236 5.264 5.913 12.053 9.189 7.732 7.091 6.171 5.510 5.527 5.539 5.373 5.443 7.442 7.500 7.298 5.865 6.027 7.522 7.999 11.727 13.347 14.442 14.840 15.127 18.392 19.991 21.381 25.930 23.722 24.794 24.278 22.730 23.363 26.363 28.257 26.577 20.296 17.527 17.453 17.714 18.026 18.135 18.213 18.365 18.531 18.612 18.661
17.575 24.661 14.211 14.426 10.121 8.246 11.953 12.551 13.471 19.594 16.500 7.750 4.702 4.066 4.619 5.514 6.200 16.245 15.740 9.221 8.170 5.553 5.278 5.311 5.281 5.279 5.912 7.559 7.756 5.763 5.575 6.222 13.566 7.800 11.517 12.771 12.584 14.285 16.385 18.627 20.303 21.207 21.643 22.683 21.542 20.541 21.213 24.582 24.850 22.585 17.503 17.437 17.406 17.550 17.856 18.066 18.211 18.402 18.465 18.565 18.829
16.419 17.240 9.207 12.588 7.298 12.028 14.320 14.448 12.672 16.930 20.304 21.276 7.585 4.310 4.116 5.263 6.522 9.067 14.601 10.140 9.150 5.880 5.215 5.257 5.234 5.119 5.223 6.941 7.519 6.656 5.439 5.236 6.412 10.417 8.076 10.117 11.762 14.220 16.685 19.614 19.216 18.931 19.832 18.166 20.741 17.933 19.834 22.883 24.729 24.458 17.819 17.040 17.347 17.446 17.697 17.931 18.195 18.290 18.484 18.663 18.789
10.826 9.438 7.747 10.143 8.299 8.026 18.012 19.113 16.142 8.777 14.570 24.468 21.059 8.651 4.346 4.672 12.885 7.936 17.945 15.202 8.563 8.646 5.361 5.275 5.224 5.166 5.034 5.277 6.265 5.148 5.321 5.429 6.350 6.867 9.339 13.496 11.998 14.266 15.836 16.800 16.486 16.397 15.921 15.574 18.608 21.261 22.678 24.650 25.760 25.020 18.970 16.976 17.072 17.384 17.624 17.823 18.094 18.327 18.647 18.832 18.931
9.660 7.457 7.344 9.825 13.449 15.327 19.971 19.577 11.624 22.264 11.816 21.871 26.758 17.888 6.063 4.227 5.562 12.755 18.355 16.093 9.652 11.037 5.412 5.238 5.219 5.151 4.974 4.962 5.340 5.187 5.294 5.260 5.497 7.146 7.112 13.180 13.190 14.698 16.380 15.038 14.202 16.245 16.182 15.991 17.407 20.951 24.084 25.770 25.300 23.098 19.074 16.842 17.899 17.728 17.395 17.567 17.949 18.265 18.580 18.864 19.039
7.419 7.664 10.254 7.880 21.320 9.832 18.340 15.313 8.469 16.099 22.597 14.572 17.892 21.118 8.198 4.439 4.287 6.599 7.680 6.520 10.175 10.361 5.759 5.206 5.257 5.182 5.004 4.975 4.963 5.079 5.072 5.029 5.137 5.438 6.453 6.825 10.660 12.367 13.771 14.073 13.854 14.322 15.266 16.049 19.307 22.293 24.527 24.766 22.875 20.270 17.152 16.545 16.807 17.107 17.354 17.582 17.850 18.028 18.547 18.718 18.993
15.598 7.684 7.852 9.166 10.755 18.898 11.266 6.807 11.988 5.739 7.702 6.591 20.765 19.376 10.253 5.247 3.894 6.413 7.290 5.030 6.601 9.928 9.258 5.288 5.156 5.178 5.097 4.860 4.917 4.761 4.809 4.969 5.073 5.265 5.312 7.230 10.345 10.577 8.656 8.979 10.774 13.119 14.766 17.623 20.106 22.328 22.509 21.664 17.012 15.684 15.778 16.207 16.573 17.777 19.102 17.557 17.589 17.789 18.280 18.638 19.257
14.315 7.599 7.163 10.766 11.359 16.148 7.477 16.267 6.800 5.425 5.324 5.347 5.747 6.386 17.362 7.493 3.874 4.155 5.443 5.619 5.908 11.376 9.873 5.385 5.203 5.150 5.058 4.924 4.829 4.795 4.740 5.027 5.136 5.102 5.926 5.942 6.211 10.910 8.112 7.956 8.381 13.386 15.324 18.414 19.116 19.995 18.666 15.908 15.070 19.536 16.379 16.349 16.284 18.204 18.465 17.661 17.255 17.755 18.634 19.326 19.984
10.626 12.449 17.724 8.081 7.783 7.726 7.297 13.504 5.774 5.132 5.162 5.215 5.286 6.343 6.982 5.428 3.833 3.816 4.174 5.272 5.431 8.280 7.942 5.519 5.315 5.074 4.899 4.911 4.829 4.777 5.055 5.157 4.967 5.596 6.277 11.176 6.153 8.891 7.872 8.065 8.459 13.288 14.699 16.842 16.755 15.544 13.668 14.625 18.098 20.386 17.217 15.654 15.797 18.489 19.108 16.856 17.358 18.096 19.426 20.652 21.452
7.021 7.301 7.062 6.697 6.316 5.855 5.389 5.083 4.786 5.153 5.247 5.895 5.569 6.549 20.926 23.373 4.012 3.608 3.507 4.620 5.560 5.777 8.643 8.381 5.203 5.066 4.991 4.843 5.086 4.917 4.772 4.632 4.804 5.460 8.396 11.912 6.110 6.046 7.188 7.856 8.378 10.669 13.045 13.679 12.103 12.525 13.505 14.793 15.242 14.954 12.049 13.117 14.226 15.360 16.316 16.775 17.465 18.847 20.769 22.381 22.706
7.489 9.027 6.735 7.037 6.732 7.238 12.118 5.868 6.483 15.114 6.131 16.063 17.753 8.517 13.110 15.809 6.983 3.929 3.524 3.687 5.880 6.862 9.914 9.629 5.747 5.227 5.021 5.081 4.868 4.798 4.727 4.560 4.825 6.714 10.465 10.959 6.462 7.590 7.248 7.231 8.077 8.910 10.152 12.732 11.864 10.754 11.116 11.371 10.216 9.856 10.561 12.172 14.356 15.479 16.070 16.630 17.969 20.426 21.621 22.733 22.998
18.134 8.970 6.857 6.936 13.136 24.701 20.900 17.670 14.666 18.992 14.483 12.061 11.602 6.213 6.975 8.030 11.514 4.708 3.610 3.445 8.506 8.992 9.977 9.733 5.877 5.249 4.922 4.789 4.895 4.815 4.732 4.574 5.762 10.281 9.104 9.374 6.492 7.363 7.709 7.318 8.856 7.900 7.932 7.062 7.120 8.791 7.354 7.054 7.925 8.795 9.885 12.341 15.305 15.818 16.361 16.453 18.735 20.508 21.748 22.998 23.723
12.769 15.530 8.425 6.995 8.417 19.628 19.712 16.895 20.410 16.889 11.970 11.817 10.842 5.687 5.276 8.304 11.110 5.471 3.647 3.465 6.045 8.760 6.752 9.383 10.113 5.142 4.848 4.915 4.958 5.186 5.006 5.120 14.159 11.701 7.122 7.822 11.635 7.860 7.544 9.257 9.387 8.211 7.002 7.286 6.252 6.171 6.380 6.553 7.231 8.095 9.361 13.732 15.738 16.005 21.396 17.004 18.650 20.273 21.760 23.140 26.631
14.465 18.638 11.115 7.267 7.674 14.205 19.584 19.020 19.974 11.662 9.618 10.966 9.892 7.667 5.895 5.321 5.784 6.080 4.764 3.641 4.900 11.756 13.399 9.094 7.427 5.332 4.911 5.016 4.832 5.516 11.102 5.034 12.075 8.989 7.873 7.257 6.245 6.761 10.373 8.187 6.873 6.281 6.504 8.160 7.161 6.520 6.370 6.506 7.065 7.592 8.683 14.393 15.878 15.978 20.547 16.687 18.671 19.864 21.429 22.293 23.165
15.008 16.147 19.621 8.332 7.102 8.508 22.188 23.080 23.369 21.491 7.552 11.777 11.317 12.537 22.091 19.129 6.416 12.560 6.134 3.909 7.438 16.900 9.980 11.774 10.415 5.327 5.379 4.819 4.935 4.888 5.029 4.638 5.571 5.316 5.541 5.988 5.505 5.188 6.656 6.887 6.418 13.210 6.886 6.790 10.050 7.534 7.683 8.226 7.537 7.642 9.542 12.563 15.641 15.792 16.180 16.649 18.611 19.678 20.455 20.684 20.093
17.061 16.191 19.791 7.845 7.078 7.391 9.661 21.248 21.342 17.574 6.059 10.532 10.080 10.192 18.998 18.759 11.633 6.953 6.722 4.176 4.370 14.871 16.088 11.658 9.484 10.479 7.101 5.479 5.846 5.186 5.019 4.835 5.525 8.019 7.147 6.014 9.466 5.861 4.653 5.384 4.726 4.945 4.809 5.801 8.096 5.359 8.497 6.060 6.897 8.317 10.566 12.240 14.029 15.626 17.093 17.864 19.048 18.990 19.020 18.785 16.936
