LISFLOOD_FP/Result/4_LISFLOOD_FP/combined_output/combined_angle_90_x_0_y_0/out.dem
ncols         192
nrows         192
xllcorner     1771145.000000
yllcorner     5471774.000000
cellsize      10.000000
NODATA_value  -9999.000000
[rows 81 to 107 of 192, columns 61 to 121 of 192]
13.272 15.053 18.698 13.874 10.827 9.764 10.796 10.308 12.930 12.134 11.019 11.363 9.306 12.512 13.653 12.165 15.601 14.024 12.350 18.677 12.583 10.271 10.873 10.024 9.977 12.099 12.184 13.134 16.418 13.053 11.798 11.036 11.477 13.034 15.636 10.584 14.884 14.849 11.404 13.886 11.132 11.023 11.662 10.986 10.690 10.902 11.553 17.578 12.153 20.484 11.261 11.174 11.797 11.158 14.909 10.861 10.794 10.866 10.932 10.850 10.504
11.109 13.975 12.939 11.415 9.809 12.357 13.845 11.172 12.028 10.903 10.782 12.464 10.796 9.793 14.384 11.783 14.040 12.750 15.529 10.984 10.276 10.041 9.973 9.943 10.545 10.232 10.797 11.855 15.774 11.613 13.650 12.230 15.191 12.247 16.608 11.635 14.472 11.214 11.298 13.186 10.766 10.595 10.725 10.682 10.583 10.872 14.212 17.200 10.772 11.033 13.134 11.661 16.007 16.102 13.011 10.919 10.973 10.870 11.017 11.146 10.873
12.372 14.640 13.176 9.605 10.231 14.023 10.122 10.456 12.187 12.492 12.778 10.764 10.291 10.259 10.194 18.529 13.916 16.041 9.778 9.926 9.635 10.397 10.202 12.282 12.998 12.217 10.474 12.752 11.462 15.000 14.885 16.386 16.474 23.314 18.747 11.768 11.685 11.366 11.211 11.017 10.831 10.550 10.601 10.484 10.409 11.175 16.144 11.434 10.596 13.178 11.280 10.864 12.662 17.466 18.471 11.291 10.698 10.909 11.178 11.418 11.381
11.784 14.678 13.046 9.421 10.150 14.854 9.413 14.102 15.771 11.324 10.400 12.871 12.717 12.771 10.288 11.100 16.045 10.614 10.226 9.699 10.992 10.737 10.040 11.714 10.925 10.488 10.289 10.455 12.059 12.838 11.337 12.678 14.020 14.282 18.552 11.552 13.038 12.131 11.171 12.803 10.947 10.491 10.421 10.255 10.389 10.292 18.623 11.325 10.438 13.161 10.820 10.760 19.111 20.301 20.427 11.834 10.549 11.913 11.224 13.058 12.152
8.986 11.678 13.875 9.942 9.203 10.467 11.543 9.193 12.692 10.711 11.760 12.293 12.091 12.201 11.520 9.592 9.882 9.729 11.769 15.979 11.826 9.975 12.818 10.339 13.043 10.258 13.366 11.750 10.609 10.285 10.130 12.211 15.905 12.701 18.403 11.546 14.214 11.868 11.415 10.929 10.722 10.360 10.344 10.243 10.310 11.451 17.773 15.604 11.183 11.747 10.839 11.272 18.475 17.955 21.260 18.924 10.884 13.797 11.351 13.502 11.840
10.548 14.007 13.934 12.237 11.107 9.862 16.413 11.784 13.007 10.443 12.070 10.814 10.312 11.700 9.692 9.798 9.507 9.894 14.021 12.437 10.781 9.655 9.951 11.192 10.569 10.360 11.029 17.082 11.225 10.728 11.681 13.720 12.969 13.326 11.249 10.847 11.700 11.409 11.236 10.895 10.735 12.515 10.739 10.625 12.605 12.709 11.731 12.649 17.122 16.142 12.378 13.332 11.714 11.890 11.473 13.712 13.100 13.312 11.280 10.892 13.029
11.399 10.914 10.037 11.252 13.167 8.629 9.681 10.314 11.079 10.681 11.274 10.237 10.069 10.076 9.686 10.121 10.215 9.934 10.527 12.697 12.779 12.058 10.114 10.766 13.832 11.682 11.829 11.701 10.984 14.474 14.629 11.048 12.053 11.083 10.902 10.738 11.433 12.036 11.374 10.663 10.639 10.600 12.710 11.164 11.692 10.583 11.031 10.537 12.274 13.730 14.369 13.045 11.405 11.192 10.795 10.124 10.345 10.853 12.809 11.088 13.602
12.046 11.612 13.670 9.988 11.810 10.680 9.522 10.660 9.948 13.083 11.059 9.681 12.458 9.549 9.259 10.856 13.744 11.597 11.134 11.825 13.399 11.720 19.605 10.604 11.285 11.667 14.852 14.319 11.204 11.171 11.351 12.186 11.630 10.826 12.578 10.769 15.176 10.970 13.566 12.800 13.852 13.500 11.287 13.571 12.028 12.643 11.740 12.829 10.454 13.111 11.811 14.239 12.658 13.540 10.270 10.577 10.324 10.199 10.324 10.393 10.747
10.642 12.269 12.075 12.053 13.183 9.502 9.994 11.449 10.174 12.845 9.509 10.682 9.298 9.227 11.258 9.468 10.099 13.823 10.296 10.182 13.516 12.688 13.087 10.690 10.337 15.112 11.261 11.052 13.268 11.237 12.388 12.487 10.900 10.878 14.285 11.033 12.933 12.623 10.564 12.452 13.589 11.401 12.062 10.378 12.102 12.433 12.528 13.548 13.310 12.901 10.616 11.484 10.334 10.436 10.525 10.563 10.446 10.320 13.035 13.357 11.061
11.917 9.936 11.805 9.008 10.692 10.150 9.763 9.797 9.447 9.167 9.558 9.275 9.584 9.467 12.060 9.018 13.006 12.559 10.358 13.495 12.600 10.552 10.940 11.404 10.702 11.582 11.100 13.281 13.542 13.179 13.097 10.946 13.568 12.143 11.435 12.797 10.376 11.853 10.481 10.465 10.484 12.486 10.343 14.138 10.845 11.052 11.111 13.011 11.408 12.205 15.021 10.472 10.179 10.039 12.419 11.653 13.728 13.748 10.851 11.479 14.187
9.633 11.220 11.983 9.743 9.415 11.461 12.116 12.648 9.036 9.851 10.773 8.940 9.380 9.499 12.153 9.862 11.409 10.967 13.354 12.458 10.629 10.373 9.923 15.036 12.118 10.708 11.395 15.853 12.897 10.976 11.720 12.039 12.020 12.512 10.018 12.192 9.704 9.615 9.852 9.664 9.775 9.917 9.559 10.264 9.537 10.867 9.785 10.475 10.413 9.714 9.844 10.232 10.998 10.762 11.306 11.841 13.288 12.073 10.131 10.353 15.295
8.680 11.957 9.166 9.198 12.218 11.947 9.412 8.723 8.955 8.999 8.854 9.171 9.089 12.407 12.494 9.663 12.523 13.273 15.288 12.645 10.205 11.990 10.990 11.592 10.469 12.485 13.116 11.059 11.336 11.038 10.916 14.089 10.251 9.895 9.731 9.785 9.680 10.243 10.814 11.510 10.343 9.934 9.795 9.455 9.324 9.457 9.500 12.127 10.190 9.888 10.862 10.519 10.222 10.698 13.200 10.877 11.967 10.813 12.594 12.816 15.025
10.542 9.130 9.108 11.434 11.422 10.128 8.602 9.480 8.788 9.076 9.126 9.179 9.181 9.548 9.560 9.631 9.884 12.006 14.545 10.408 11.514 12.550 10.944 11.547 10.608 13.246 10.616 10.812 12.427 11.224 15.079 9.936 9.818 9.796 10.231 11.471 10.939 12.303 12.731 11.694 10.706 12.951 11.330 11.426 10.061 9.568 11.218 12.023 10.677 10.494 13.343 12.753 13.409 11.503 12.502 12.162 10.706 11.016 10.507 13.228 14.424
11.736 11.480 9.882 13.378 9.149 8.265 8.696 8.646 8.557 10.132 10.215 10.094 11.963 9.423 10.503 10.076 10.025 10.098 10.768 10.345 10.488 11.545 13.052 12.310 10.799 10.318 10.559 10.566 13.806 13.986 11.064 10.308 9.849 11.210 11.884 11.169 12.583 12.111 11.848 11.046 10.722 12.722 10.292 11.280 10.056 10.079 11.720 12.629 10.375 10.295 12.788 11.571 11.293 13.036 12.271 11.271 10.153 10.006 12.000 15.043 11.465
10.443 12.021 9.121 8.238 8.145 8.414 8.403 8.194 8.391 8.537 10.411 12.899 14.659 12.110 9.644 10.206 12.164 11.088 10.354 12.313 12.833 10.773 11.637 10.062 10.711 11.786 11.330 13.081 12.950 12.564 11.228 9.785 10.074 10.400 13.174 10.501 13.493 10.814 10.468 11.035 10.002 10.241 11.619 10.995 9.697 9.929 10.947 11.944 10.454 11.952 11.351 13.149 20.227 14.784 10.150 10.830 10.445 13.032 11.011 16.616 10.661
16.299 15.096 12.522 8.168 8.250 8.482 8.408 8.420 8.368 8.672 8.477 9.342 12.961 14.232 10.745 11.699 14.534 11.278 11.045 11.608 10.618 14.453 10.114 10.173 11.563 12.255 10.814 10.666 10.645 12.498 9.742 11.138 10.722 10.239 11.669 11.748 12.180 12.771 10.508 11.424 11.811 12.301 12.792 12.479 11.178 9.546 9.787 12.493 10.785 12.635 12.415 9.795 10.652 10.787 11.981 13.214 11.812 13.260 11.469 15.240 9.989
14.318 14.733 7.860 8.228 8.204 13.939 14.911 10.126 8.572 10.283 8.813 8.795 9.477 12.278 9.684 9.666 12.375 10.980 13.532 10.990 12.507 10.439 11.923 10.059 10.443 12.745 13.542 10.873 9.995 9.750 9.795 10.106 13.216 11.656 10.586 10.070 12.742 12.440 11.695 11.668 12.252 12.778 10.474 11.054 11.028 11.021 9.660 12.925 9.509 12.502 12.976 10.190 9.590 10.158 11.325 9.954 9.472 10.420 13.104 10.150 9.799
8.660 7.853 8.050 7.949 7.870 12.313 9.563 11.154 9.434 12.778 9.952 9.431 9.339 9.730 9.860 16.085 12.371 18.603 13.550 11.802 12.964 12.720 12.481 11.698 10.743 11.497 10.417 10.025 9.628 9.569 10.560 10.453 10.221 12.041 12.339 11.024 11.784 10.273 12.241 10.364 13.437 11.359 12.770 11.231 14.777 9.459 9.651 12.356 10.641 13.508 12.008 12.898 12.027 9.708 9.576 12.555 12.202 14.426 11.773 9.777 9.808
7.675 7.937 7.787 8.580 9.988 8.337 8.612 9.334 11.189 11.922 12.962 10.718 9.501 9.481 9.700 10.583 9.937 12.124 11.813 12.881 10.395 10.356 12.010 11.860 11.608 9.882 11.628 9.738 9.734 9.572 11.478 12.614 10.346 10.526 11.877 9.906 11.613 9.830 10.110 10.855 12.814 11.965 17.067 16.529 12.282 10.717 9.579 9.438 10.861 11.692 12.287 10.290 9.893 9.991 9.818 12.996 17.201 14.301 9.859 9.588 9.657
7.786 7.751 8.052 10.405 8.760 10.907 8.210 9.992 9.423 9.506 11.575 10.412 10.021 9.894 9.632 9.506 10.027 9.473 9.583 9.572 9.280 9.513 13.302 12.338 9.445 10.243 9.765 10.416 14.693 11.135 9.759 10.055 12.822 10.076 12.635 10.045 10.137 10.914 10.551 10.187 11.816 10.148 10.492 10.442 16.966 11.897 10.560 9.274 9.262 9.287 9.864 9.593 11.939 10.617 12.006 10.214 14.788 9.980 9.539 9.557 9.548
7.577 7.849 8.117 10.316 10.413 8.570 10.546 8.778 14.430 8.977 10.432 11.980 14.525 10.873 9.845 9.697 10.732 14.437 10.829 9.688 9.226 9.360 9.398 9.355 9.395 9.470 10.853 18.385 17.879 14.673 9.632 9.404 9.786 9.497 9.586 11.973 12.177 11.743 11.185 9.781 12.009 12.024 10.444 10.058 15.749 10.743 19.187 11.205 9.352 10.056 12.292 9.800 12.113 9.561 11.249 12.325 9.939 9.428 9.405 9.488 9.566
8.104 9.983 10.966 7.968 8.067 9.072 9.601 10.432 8.800 10.492 14.063 12.350 10.296 12.159 12.865 9.916 12.005 10.647 11.645 9.791 9.695 9.365 10.889 9.526 10.267 10.166 9.942 12.611 10.387 12.487 9.858 10.362 9.381 9.512 9.171 9.323 10.340 12.359 9.630 9.781 9.803 9.688 9.735 9.430 12.706 9.853 13.803 10.199 11.334 11.001 11.000 11.724 11.529 12.921 11.040 9.665 9.299 9.292 9.337 9.428 9.562
9.420 9.748 8.245 8.761 9.224 10.572 8.486 9.183 8.677 10.476 9.751 9.869 9.891 11.724 12.698 11.419 10.356 11.910 11.771 12.420 10.102 11.781 10.030 10.048 10.916 10.393 12.858 12.351 10.787 10.164 11.445 12.629 10.005 11.542 9.017 9.447 16.176 10.000 9.638 9.403 14.769 10.346 9.621 12.081 13.077 10.161 14.225 12.386 14.287 11.567 14.505 10.830 12.984 11.460 9.332 9.136 9.178 9.237 9.286 9.329 9.413
11.464 11.687 7.996 8.357 10.559 8.838 8.457 9.321 7.858 8.972 11.207 12.147 10.221 11.174 9.694 11.615 9.967 12.155 10.907 12.800 9.918 11.634 9.930 12.517 11.967 12.095 11.380 12.588 12.718 10.585 10.814 10.711 12.044 9.893 9.257 9.210 10.633 10.354 11.293 9.422 10.120 10.568 10.058 9.645 11.116 9.821 13.642 10.342 10.717 17.451 15.932 14.257 10.478 9.253 9.086 9.095 9.187 9.233 9.248 9.314 9.403
10.188 9.953 7.819 8.442 10.551 8.446 12.057 7.901 9.751 11.734 9.880 9.853 9.854 10.976 10.444 9.481 9.843 9.684 12.774 12.017 9.952 11.764 11.160 9.741 9.753 9.795 10.608 9.862 10.318 10.611 12.178 11.307 9.581 14.491 11.196 9.467 12.915 9.656 11.735 9.420 14.615 9.350 12.033 13.498 11.032 10.790 16.173 17.898 18.563 13.922 9.589 9.187 8.971 8.927 8.997 9.134 9.163 9.206 9.233 9.324 9.367
8.326 9.788 9.390 7.675 10.168 12.108 9.089 12.583 9.257 11.832 12.368 12.947 10.034 9.152 9.440 11.520 10.447 9.276 12.812 11.895 11.710 10.084 11.637 12.157 9.935 9.896 10.135 12.452 15.185 11.588 10.194 13.702 9.940 10.167 10.095 9.917 13.344 10.071 15.138 12.821 12.297 11.219 13.290 19.230 23.291 17.327 19.657 17.798 9.850 9.083 8.899 8.902 8.880 8.933 8.987 9.047 9.079 9.149 9.223 9.278 9.316
10.257 8.870 8.608 10.501 13.844 9.886 11.830 11.812 11.487 9.346 11.366 11.034 8.764 7.874 7.828 8.131 7.679 7.353 7.970 10.853 9.098 15.704 15.990 14.946 8.230 15.308 15.113 13.293 8.865 10.083 11.256 9.185 10.630 13.645 15.785 9.530 12.918 11.362 9.217 8.883 8.687 8.739 8.892 10.382 11.059 9.888 9.367 9.087 8.844 8.825 8.849 8.850 8.866 8.921 8.986 8.952 9.044 9.059 9.112 9.182 9.251
