LISFLOOD_FP/Result/4_LISFLOOD_FP/combined_output/combined_angle_90_x_0_y_0/out.dem
ncols         192
nrows         192
xllcorner     1771145.000000
yllcorner     5471774.000000
cellsize      10.000000
NODATA_value  -9999.000000
[rows 54 to 80 of 192, columns 61 to 121 of 192]
12.375 11.848 11.929 12.097 12.769 12.228 12.173 12.767 12.783 18.195 12.956 14.264 12.740 12.302 12.375 14.389 18.044 17.688 13.827 14.164 16.290 14.761 15.843 15.293 15.984 13.840 17.582 13.225 13.121 13.191 13.509 16.810 13.516 13.338 13.394 13.484 13.377 13.327 13.258 13.312 14.353 19.530 18.216 17.109 15.505 16.376 14.708 15.522 17.030 13.610 13.568 13.551 13.345 13.368 13.301 13.856 13.182 13.093 15.762 16.711 14.564
11.570 11.633 11.875 11.875 12.061 11.769 11.883 11.914 13.375 14.558 13.367 13.335 15.417 12.616 12.199 14.347 17.247 16.287 15.374 14.430 16.336 14.695 16.887 13.328 15.922 13.203 15.969 15.682 12.938 13.202 15.563 17.341 15.487 13.255 13.367 13.319 13.411 13.259 13.256 13.311 14.294 19.321 16.110 21.908 21.675 17.665 15.013 16.223 15.356 13.628 13.530 15.918 15.298 13.669 13.367 13.783 12.912 12.885 13.375 14.374 16.836
11.409 11.564 11.694 11.795 11.732 11.573 11.607 11.821 12.215 12.322 12.872 14.681 12.797 16.055 12.152 15.226 14.194 13.266 13.095 13.284 13.203 17.060 13.389 14.187 13.400 13.255 13.269 13.502 12.742 13.201 19.628 18.891 13.929 13.207 13.284 15.413 13.638 13.414 13.418 13.400 14.117 18.801 16.382 22.795 20.180 14.225 15.155 14.558 14.643 14.047 14.216 15.681 15.943 15.887 17.165 16.783 14.861 13.150 15.596 15.608 17.010
11.380 11.528 11.671 11.606 11.602 11.454 11.618 11.731 12.717 12.109 12.743 13.057 15.653 12.562 11.826 12.770 14.992 12.994 13.964 13.129 13.313 13.183 14.374 13.193 13.342 13.782 14.259 13.108 13.226 13.367 13.429 13.660 13.210 13.157 13.237 13.258 13.502 15.338 16.983 16.878 23.495 22.907 20.576 15.790 13.825 13.904 18.362 16.796 16.833 17.503 17.465 17.568 15.754 13.735 14.531 16.226 19.579 13.283 13.287 17.706 19.210
11.508 11.559 11.578 11.809 11.366 11.529 11.434 11.613 11.819 12.058 13.018 14.761 15.634 12.913 11.813 13.780 14.397 15.337 14.995 16.007 13.734 15.149 13.521 15.665 13.427 16.232 13.318 14.617 13.812 15.336 15.039 15.780 15.307 13.539 13.391 14.032 15.370 16.855 17.793 15.459 22.176 23.192 22.342 17.755 13.949 14.125 14.411 18.316 16.297 17.169 15.138 19.004 16.721 15.921 13.585 14.776 12.427 12.728 13.038 17.205 15.266
11.513 11.594 11.628 11.458 11.290 12.419 11.638 11.653 11.582 11.872 12.085 12.753 14.837 14.999 11.826 14.791 13.893 15.128 15.777 13.010 15.776 12.997 12.601 12.814 15.349 13.196 13.936 15.142 14.672 13.898 13.821 13.643 16.161 13.367 13.369 18.273 16.344 16.548 13.748 14.253 20.712 22.425 15.660 14.078 13.732 13.327 13.759 13.978 16.491 14.106 15.571 13.842 13.994 13.732 14.134 14.611 12.639 12.265 13.342 16.255 17.830
11.558 11.711 11.594 11.279 11.552 16.345 11.768 11.884 11.755 11.706 11.820 12.185 15.537 12.791 11.796 12.355 16.493 15.964 13.729 12.978 14.727 13.404 15.330 13.719 13.574 16.290 13.722 12.794 12.798 12.832 15.604 16.165 15.278 18.424 13.469 17.658 14.140 14.500 14.895 14.913 20.648 23.085 14.374 13.488 13.953 15.299 15.971 15.731 14.484 16.366 14.325 16.422 13.500 15.639 14.123 15.721 13.783 12.116 14.004 16.409 15.450
11.624 11.821 11.617 11.570 11.546 11.832 11.919 15.954 12.183 12.517 11.820 12.194 13.241 12.352 11.729 15.775 11.934 12.143 11.927 11.552 11.876 13.755 14.500 15.345 14.794 16.617 16.167 13.026 14.658 16.659 14.644 13.774 20.806 15.499 13.416 17.700 14.346 16.887 14.596 18.549 22.108 23.159 14.763 13.506 13.955 15.400 13.635 16.482 13.465 14.058 13.916 13.277 14.437 16.140 13.750 15.665 12.293 12.104 13.974 16.520 15.702
11.475 11.646 11.767 11.729 11.708 11.884 11.847 12.769 12.034 12.191 12.025 12.410 11.975 11.588 11.790 14.798 13.819 13.181 13.695 12.114 11.652 11.817 11.836 13.428 14.946 13.040 15.234 15.916 18.303 19.117 17.697 13.958 19.357 13.724 13.230 13.398 13.794 15.648 14.935 19.912 21.931 20.533 13.988 13.062 13.503 13.936 14.445 13.341 14.062 15.493 17.052 13.130 12.564 12.673 13.629 13.041 12.220 12.071 13.903 16.066 15.145
11.484 11.686 11.699 11.814 11.979 12.040 12.064 11.983 12.009 11.930 12.224 13.121 11.730 11.616 12.719 14.227 13.589 14.866 13.361 14.045 12.282 12.019 11.850 13.044 16.042 15.415 14.661 13.436 14.641 13.645 12.657 16.281 13.735 13.159 13.163 13.186 13.279 14.976 13.662 13.753 13.698 13.514 13.006 12.848 12.846 12.824 12.917 12.710 12.873 12.958 12.967 12.846 13.160 12.678 12.558 12.183 12.176 17.643 15.316 14.756 13.576
11.537 11.636 11.721 11.770 11.902 12.026 12.149 12.108 11.934 11.651 11.772 12.455 13.385 12.548 13.238 12.770 14.580 12.575 14.484 16.098 12.736 14.973 13.052 13.037 16.990 15.139 16.381 12.986 15.137 13.286 13.407 16.564 13.161 13.131 13.259 13.557 15.450 20.129 16.241 13.388 14.113 13.590 13.599 14.846 13.119 13.327 17.655 14.143 13.686 13.980 13.834 17.280 13.797 14.466 19.667 13.997 14.227 14.183 16.404 12.786 13.121
11.417 11.594 11.641 11.723 11.784 11.890 12.008 12.003 11.812 11.456 12.472 13.296 15.810 14.430 12.762 12.573 12.477 12.436 12.751 12.577 12.919 15.593 13.209 15.925 13.196 15.020 13.670 12.857 13.225 13.317 12.965 12.911 14.308 15.515 13.353 13.512 13.977 15.139 15.936 13.141 14.558 18.497 15.847 16.752 17.108 16.797 16.676 15.999 14.470 16.072 17.205 16.065 14.769 16.753 16.121 12.393 13.689 18.909 13.682 14.580 14.843
11.251 11.393 11.649 11.657 11.689 11.725 11.745 11.810 11.343 11.436 11.054 11.064 12.146 12.818 14.669 12.655 13.126 12.876 13.001 12.464 15.141 14.758 17.693 16.400 14.259 16.326 14.828 14.428 16.180 14.322 13.603 14.821 14.695 13.627 13.313 13.580 16.804 16.027 13.929 13.795 16.233 14.564 13.665 18.585 13.941 13.947 16.009 15.331 13.542 15.557 15.912 14.683 21.546 17.561 12.296 11.899 12.999 14.070 15.298 13.211 14.905
11.102 11.266 11.344 11.522 11.618 11.585 11.558 11.276 11.159 12.652 10.882 11.228 11.893 12.297 12.654 12.458 13.601 11.936 13.898 15.897 17.768 16.011 13.542 13.141 13.334 13.179 14.034 15.857 15.780 12.612 12.994 16.659 14.135 14.281 13.320 14.689 20.564 17.802 13.410 13.883 12.664 13.032 13.621 13.549 17.705 13.209 13.601 17.363 13.371 13.726 14.811 13.372 13.010 13.990 17.486 13.947 12.529 14.038 14.500 12.881 14.217
11.159 11.075 11.218 11.306 11.440 11.469 11.200 11.110 13.017 11.420 11.564 11.896 11.875 12.888 12.722 13.081 15.315 14.817 18.222 17.636 16.741 17.503 15.123 13.504 14.613 12.992 14.374 18.904 16.694 19.217 18.246 20.374 15.022 14.000 13.201 14.515 23.867 18.974 15.465 12.532 13.633 16.638 13.146 13.192 15.327 17.278 14.178 13.319 14.471 14.110 13.504 15.589 12.238 12.832 16.347 21.632 13.224 15.126 13.406 18.470 17.354
11.333 11.065 11.028 11.124 11.235 11.111 10.946 11.504 11.572 11.679 11.471 11.847 12.680 14.635 13.259 12.403 14.165 14.704 15.312 12.900 11.961 11.662 13.612 16.135 13.495 12.638 13.832 15.725 12.788 16.275 15.311 13.253 16.788 13.118 12.982 13.319 20.079 19.798 23.278 15.720 17.931 17.362 17.693 14.941 16.073 13.419 13.939 13.223 14.712 21.614 12.850 14.393 13.409 15.529 18.112 24.913 15.477 12.412 12.227 12.479 14.807
11.471 11.696 11.000 10.893 10.922 10.820 10.918 11.989 11.741 11.328 13.168 11.930 13.381 13.427 12.475 12.576 12.932 13.663 14.680 12.171 11.571 11.648 15.799 13.363 14.183 12.822 13.245 15.942 12.954 17.630 12.844 16.553 12.580 13.089 12.904 14.500 12.265 14.503 17.999 14.351 13.291 14.884 15.247 15.758 15.932 12.168 12.423 12.469 12.602 12.657 12.319 12.257 12.099 11.868 11.935 12.098 11.813 11.569 11.619 11.366 12.381
11.802 11.698 11.448 10.882 10.768 10.719 11.255 11.497 11.121 11.758 14.006 15.837 12.413 11.890 12.820 17.456 16.958 12.844 12.691 11.745 11.700 16.219 12.676 12.806 12.654 15.182 12.725 12.213 19.453 17.414 12.497 14.284 12.663 13.939 14.351 16.690 14.875 17.828 15.857 15.208 16.597 13.785 14.082 14.804 13.753 12.155 12.431 12.417 12.558 12.490 12.251 12.089 11.971 11.695 11.596 11.553 11.516 11.497 11.491 11.190 12.021
10.620 12.099 10.662 10.646 10.522 11.692 10.804 11.152 12.491 15.108 13.782 12.076 12.580 14.769 13.531 12.219 15.807 15.317 14.725 11.860 13.925 13.047 13.542 12.290 15.593 12.384 14.608 15.039 20.171 17.792 12.216 12.455 12.911 17.210 15.174 17.447 19.097 15.177 17.001 14.144 14.240 15.721 12.902 16.509 14.109 14.023 13.330 12.492 12.796 12.837 12.226 12.123 12.158 11.679 11.572 11.521 11.574 11.547 11.386 11.252 11.695
10.358 10.496 10.552 10.424 11.162 10.374 11.741 15.408 12.024 12.280 11.981 11.474 11.931 12.271 14.265 14.816 15.658 13.973 14.384 13.063 13.119 14.016 14.780 16.283 15.345 14.954 13.068 12.351 12.457 11.803 12.029 12.160 13.253 14.715 15.502 13.961 17.038 13.028 13.917 12.831 13.069 12.780 14.880 12.280 12.174 12.168 12.725 12.363 12.695 12.520 11.978 11.843 11.821 11.469 11.450 11.418 11.458 11.536 11.360 11.225 11.165
9.855 10.353 10.848 12.298 10.314 10.639 14.355 11.874 16.512 13.289 14.275 11.363 13.812 14.068 13.350 16.409 12.614 16.021 16.544 14.297 12.536 13.108 12.572 12.634 14.484 12.466 15.568 11.740 11.510 12.012 11.744 11.706 11.674 13.323 12.554 11.071 14.846 12.896 12.676 12.459 12.483 12.369 12.183 12.069 11.861 11.685 12.016 12.187 12.192 11.975 11.624 11.439 11.330 11.254 11.303 11.269 11.365 11.432 11.323 11.272 11.617
10.195 10.227 10.959 10.416 13.183 10.467 10.468 13.165 12.881 12.994 11.742 11.012 13.118 13.613 11.886 16.204 13.078 19.243 14.408 13.024 14.719 12.720 14.784 13.674 12.602 16.514 12.973 11.515 11.884 13.212 13.358 11.434 11.482 14.413 12.125 11.972 12.121 15.167 12.573 12.452 12.140 11.883 11.541 11.719 15.037 11.532 11.738 12.116 11.821 12.122 11.420 11.311 11.441 11.334 11.311 11.331 11.279 11.343 11.266 11.218 11.415
10.375 10.191 10.534 11.967 10.770 10.563 11.211 12.447 10.929 10.089 9.823 10.210 11.447 13.610 11.493 14.687 14.753 15.097 12.375 12.944 15.491 15.197 15.115 14.116 14.962 11.579 11.171 11.476 11.829 15.492 17.783 11.848 13.960 12.008 11.739 10.714 13.332 12.331 11.970 11.912 11.650 11.489 11.430 11.819 14.360 11.401 11.719 11.705 11.508 11.546 11.277 11.233 11.310 11.276 11.312 11.204 10.948 11.339 11.053 10.887 10.928
10.224 10.165 13.678 17.147 10.265 12.883 10.671 10.341 10.223 9.668 9.897 9.738 11.279 12.837 12.974 13.881 13.163 13.792 11.350 12.278 12.616 12.268 12.168 12.578 12.266 11.067 11.304 14.104 12.544 13.790 14.762 11.895 14.178 11.856 13.181 10.334 11.163 11.464 13.239 14.821 14.563 14.740 13.432 11.820 11.414 11.443 11.512 11.412 11.319 11.151 10.987 10.942 11.149 11.186 11.159 11.369 11.058 11.198 10.933 10.706 10.858
10.264 12.103 13.947 10.977 12.321 12.330 10.742 10.748 10.305 9.700 12.500 11.023 11.344 11.405 14.896 12.881 12.025 12.862 10.562 10.463 11.956 16.680 14.925 11.084 10.957 10.929 12.640 13.899 13.375 13.205 13.722 13.886 11.665 12.091 11.501 10.263 10.888 11.475 11.789 13.745 15.630 11.762 11.703 13.261 11.703 11.294 11.023 11.469 11.206 11.050 10.787 10.718 10.900 10.951 10.976 12.517 11.066 11.359 10.914 10.916 12.103
10.881 12.403 14.613 14.381 17.310 12.644 10.186 12.304 12.663 9.995 9.473 9.420 11.312 14.213 12.057 12.111 11.693 14.592 12.359 10.823 11.183 11.391 11.000 10.974 11.227 10.764 14.650 11.915 13.101 14.550 12.427 11.313 12.408 10.963 11.970 10.137 10.837 11.360 11.888 13.816 13.371 11.778 11.397 14.202 11.102 11.071 11.236 11.124 10.872 10.777 10.801 10.748 10.814 10.731 10.737 10.773 10.999 11.211 12.644 10.738 16.204
12.895 12.352 12.324 15.966 10.880 17.311 12.107 11.363 10.436 14.132 10.167 9.243 9.591 11.241 12.306 14.642 12.010 14.772 13.975 22.486 11.692 10.318 10.464 10.401 10.765 13.522 15.417 14.268 14.847 13.337 12.160 12.824 11.156 11.002 12.902 9.945 11.043 11.400 13.928 14.177 13.547 16.586 14.577 13.550 10.892 10.916 10.981 11.226 11.312 10.922 10.535 10.718 11.031 10.746 10.678 10.803 10.888 10.913 11.060 10.451 11.216
