LISFLOOD_FP/Result/4_LISFLOOD_FP/combined_output/combined_angle_90_x_0_y_0/out.inittm
ncols         192
nrows         192
xllcorner     1771145.000000
yllcorner     5471774.000000
cellsize      10.000000
NODATA_value  -9999.000000
[rows 112 to 139 of 192, columns 62 to 123 of 192]
-9999.000 -9999.000 0.998 0.997 -9999.000 -9999.000 -9999.000 -9999.000 0.868 0.860 0.872 0.973 0.899 0.889 0.893 0.997 0.910 0.900 0.890 0.885 0.937 0.847 0.777 0.667 0.656 0.643 0.843 0.845 -9999.000 -9999.000 -9999.000 -9999.000 -9999.000 0.880 0.242 0.251 0.348 0.209 0.292 -9999.000 -9999.000 -9999.000 -9999.000 0.642 -9999.000 -9999.000 -9999.000 0.359 0.201 0.202 0.197 0.533 0.179 0.173 0.171 0.170 0.166 0.165 0.162 0.158 0.159 0.157
-9999.000 -9999.000 -9999.000 -9999.000 -9999.000 -9999.000 -9999.000 -9999.000 0.945 0.858 0.869 0.870 -9999.000 0.880 0.884 0.887 -9999.000 0.920 0.907 0.899 0.894 -9999.000 -9999.000 0.806 0.800 0.633 0.944 0.548 0.228 0.222 0.220 0.212 0.211 0.207 0.205 0.204 0.202 0.201 0.199 0.198 0.196 0.196 0.193 0.191 0.990 0.210 0.501 0.188 0.198 0.182 0.180 0.179 0.178 0.175 0.177 -9999.000 -9999.000 -9999.000 0.154 0.156 -9999.000 -9999.000
-9999.000 -9999.000 -9999.000 -9999.000 -9999.000 -9999.000 -9999.000 0.878 0.849 0.851 0.857 0.859 0.877 0.878 0.897 -9999.000 -9999.000 -9999.000 -9999.000 -9999.000 0.888 -9999.000 -9999.000 -9999.000 0.831 0.266 0.225 0.219 0.217 0.215 0.214 0.213 0.212 0.210 0.211 0.211 0.209 0.207 0.204 0.201 0.199 0.213 0.194 0.188 0.187 0.186 0.184 0.180 0.180 0.177 0.381 0.201 0.351 0.281 -9999.000 -9999.000 -9999.000 -9999.000 0.149 0.164 0.157 -9999.000
-9999.000 -9999.000 -9999.000 -9999.000 -9999.000 0.872 0.850 0.842 0.841 0.877 0.859 0.868 0.870 0.876 0.898 -9999.000 -9999.000 -9999.000 -9999.000 -9999.000 0.821 0.808 0.346 0.231 0.226 0.224 0.222 0.221 0.221 0.224 0.225 -9999.000 -9999.000 -9999.000 -9999.000 0.646 0.319 -9999.000 -9999.000 0.351 -9999.000 0.812 -9999.000 0.687 0.759 0.220 0.218 0.179 0.175 0.172 0.170 0.165 0.163 0.162 0.161 0.160 -9999.000 0.148 0.145 0.144 0.143 0.142
-9999.000 -9999.000 -9999.000 -9999.000 -9999.000 0.838 0.831 0.835 0.839 0.846 0.866 0.867 0.874 0.937 -9999.000 -9999.000 -9999.000 -9999.000 -9999.000 0.962 0.251 0.232 0.230 0.228 0.227 0.226 0.225 0.393 -9999.000 0.614 -9999.000 -9999.000 -9999.000 -9999.000 0.877 -9999.000 -9999.000 -9999.000 -9999.000 -9999.000 -9999.000 -9999.000 0.267 0.264 0.240 0.226 -9999.000 0.580 0.535 -9999.000 -9999.000 0.313 0.182 0.188 0.160 0.152 0.151 0.150 0.159 0.153 0.388 0.151
-9999.000 -9999.000 -9999.000 -9999.000 0.856 0.824 0.828 0.835 0.841 0.853 0.857 0.864 0.957 -9999.000 -9999.000 -9999.000 -9999.000 -9999.000 0.553 0.240 0.234 0.233 0.231 0.230 0.229 0.229 0.242 0.822 -9999.000 -9999.000 -9999.000 -9999.000 -9999.000 0.398 0.406 -9999.000 -9999.000 -9999.000 0.530 -9999.000 -9999.000 0.437 -9999.000 -9999.000 -9999.000 -9999.000 0.598 0.589 -9999.000 -9999.000 0.791 0.319 -9999.000 -9999.000 -9999.000 -9999.000 0.386 0.678 -9999.000 -9999.000 -9999.000 -9999.000
-9999.000 -9999.000 -9999.000 -9999.000 0.935 0.822 0.828 0.840 0.850 0.854 0.860 0.883 -9999.000 -9999.000 -9999.000 0.455 0.681 0.283 0.240 0.238 0.236 0.236 0.238 0.239 0.246 0.511 -9999.000 -9999.000 -9999.000 -9999.000 -9999.000 -9999.000 0.378 0.358 0.352 0.349 0.347 0.345 0.342 0.340 0.338 0.331 -9999.000 -9999.000 -9999.000 -9999.000 -9999.000 -9999.000 -9999.000 -9999.000 -9999.000 0.567 -9999.000 -9999.000 0.570 0.327 0.314 -9999.000 -9999.000 -9999.000 -9999.000 -9999.000
0.826 -9999.000 -9999.000 0.812 0.815 0.819 0.828 0.839 0.844 0.853 0.868 -9999.000 -9999.000 -9999.000 -9999.000 0.410 0.249 0.243 0.241 0.239 0.239 0.240 -9999.000 0.305 0.670 -9999.000 -9999.000 -9999.000 -9999.000 -9999.000 0.416 0.414 0.411 0.376 0.357 0.352 0.349 0.347 0.346 0.342 0.337 0.330 0.322 0.321 0.314 0.313 0.300 0.328 0.292 0.290 0.286 0.285 0.282 0.281 0.277 0.276 0.272 0.271 0.269 0.267 0.266 0.265
0.807 -9999.000 -9999.000 0.807 0.813 0.820 0.825 0.831 0.843 0.860 0.885 -9999.000 -9999.000 -9999.000 0.308 0.248 0.246 0.244 0.243 0.245 0.344 0.520 0.455 0.640 -9999.000 -9999.000 -9999.000 -9999.000 0.917 0.433 0.420 0.604 0.594 0.466 0.412 0.401 0.392 0.381 0.434 0.422 0.342 0.362 0.353 0.385 0.324 0.300 0.298 0.297 0.295 0.295 0.293 0.322 0.305 0.369 0.330 0.475 0.271 0.268 0.267 0.264 0.260 0.258
0.799 0.796 0.795 0.804 0.812 0.819 0.822 0.829 0.855 -9999.000 -9999.000 -9999.000 -9999.000 0.263 0.251 0.249 0.247 0.247 0.590 0.482 0.405 0.413 0.419 0.886 -9999.000 -9999.000 -9999.000 0.471 0.434 0.432 0.430 -9999.000 -9999.000 -9999.000 -9999.000 0.491 0.407 0.402 0.461 0.402 0.347 0.402 0.380 0.330 0.328 0.370 0.431 0.437 0.411 0.351 0.328 0.340 0.561 0.572 0.401 0.367 0.277 0.292 0.367 0.460 0.312 0.339
0.790 0.778 0.791 0.806 0.810 0.815 0.821 0.857 -9999.000 -9999.000 -9999.000 -9999.000 0.403 0.254 0.252 0.251 0.253 0.335 0.700 -9999.000 0.411 -9999.000 -9999.000 -9999.000 -9999.000 0.467 0.450 0.440 0.437 0.450 0.506 0.957 -9999.000 -9999.000 -9999.000 0.522 0.410 0.404 0.410 0.366 0.364 0.362 0.355 0.353 0.704 -9999.000 -9999.000 -9999.000 0.777 0.357 0.329 0.343 0.376 0.537 0.717 0.342 0.325 0.934 -9999.000 -9999.000 -9999.000 0.357
0.798 0.774 0.795 0.802 0.807 0.813 0.871 -9999.000 -9999.000 -9999.000 -9999.000 -9999.000 0.257 0.255 0.254 0.395 -9999.000 -9999.000 -9999.000 -9999.000 0.418 0.471 0.565 0.925 0.458 0.444 0.443 0.440 0.459 0.641 -9999.000 0.750 -9999.000 -9999.000 -9999.000 -9999.000 0.421 0.421 0.398 0.372 0.366 0.364 0.405 0.543 -9999.000 -9999.000 -9999.000 -9999.000 0.440 0.344 0.332 0.358 0.402 0.923 0.502 0.433 -9999.000 -9999.000 -9999.000 -9999.000 -9999.000 -9999.000
0.863 0.772 0.794 0.797 0.805 0.825 -9999.000 -9999.000 -9999.000 -9999.000 -9999.000 0.267 0.258 0.257 0.349 -9999.000 -9999.000 -9999.000 -9999.000 -9999.000 0.438 0.443 0.460 0.458 0.452 0.451 0.457 0.437 0.435 0.432 0.420 0.418 0.415 0.413 0.458 0.436 0.424 0.386 0.377 0.374 0.408 0.454 0.950 -9999.000 -9999.000 -9999.000 -9999.000 0.507 0.368 0.360 0.379 0.440 0.456 -9999.000 -9999.000 -9999.000 -9999.000 -9999.000 -9999.000 -9999.000 -9999.000 0.447
0.803 0.762 0.788 0.798 0.825 0.953 -9999.000 -9999.000 -9999.000 -9999.000 0.490 0.263 0.260 0.262 0.358 -9999.000 -9999.000 -9999.000 -9999.000 0.471 0.443 0.448 0.459 0.468 0.460 0.462 0.530 0.452 0.450 0.433 0.546 0.988 0.949 0.411 0.406 0.401 0.392 0.390 0.416 0.431 0.471 0.510 0.486 0.493 -9999.000 0.769 0.497 0.380 0.371 0.390 0.483 0.480 0.689 -9999.000 -9999.000 -9999.000 -9999.000 -9999.000 -9999.000 -9999.000 -9999.000 -9999.000
0.769 0.758 0.778 0.800 0.993 -9999.000 -9999.000 -9999.000 0.840 0.467 0.267 0.263 0.261 0.264 -9999.000 -9999.000 -9999.000 0.503 0.504 0.473 0.448 0.471 0.498 0.477 0.466 0.474 0.464 0.461 0.479 -9999.000 -9999.000 -9999.000 -9999.000 -9999.000 -9999.000 0.536 0.417 0.423 0.433 0.476 0.484 0.478 0.436 0.436 0.439 0.441 0.421 0.378 0.376 0.396 0.447 0.472 0.500 -9999.000 -9999.000 -9999.000 -9999.000 -9999.000 -9999.000 -9999.000 -9999.000 -9999.000
0.775 0.754 0.773 0.874 -9999.000 -9999.000 -9999.000 -9999.000 0.727 0.281 0.265 0.264 0.262 0.267 -9999.000 -9999.000 0.528 0.484 0.476 0.465 0.455 0.472 0.488 0.486 0.474 0.479 0.470 0.463 0.776 -9999.000 -9999.000 -9999.000 -9999.000 -9999.000 -9999.000 -9999.000 0.490 0.425 0.436 0.436 0.434 0.432 0.428 0.422 0.418 0.413 0.403 0.380 0.392 0.427 0.454 0.456 0.468 0.509 -9999.000 -9999.000 -9999.000 -9999.000 -9999.000 -9999.000 -9999.000 -9999.000
0.798 0.750 0.767 -9999.000 -9999.000 -9999.000 -9999.000 0.450 0.467 0.269 0.267 0.266 0.264 0.269 0.657 -9999.000 0.482 0.470 0.452 0.461 0.455 0.468 0.479 0.482 0.508 0.485 0.477 0.763 -9999.000 -9999.000 -9999.000 -9999.000 -9999.000 -9999.000 -9999.000 -9999.000 -9999.000 0.449 0.571 -9999.000 -9999.000 -9999.000 -9999.000 -9999.000 0.450 0.435 0.408 0.381 0.393 0.415 0.452 -9999.000 -9999.000 -9999.000 -9999.000 -9999.000 -9999.000 -9999.000 -9999.000 -9999.000 -9999.000 -9999.000
0.806 0.746 0.742 0.739 -9999.000 -9999.000 0.437 0.426 0.336 0.270 0.269 0.267 0.266 0.315 0.411 0.418 0.424 0.429 0.434 0.444 0.450 0.478 0.495 0.499 0.496 0.484 0.481 -9999.000 -9999.000 -9999.000 -9999.000 -9999.000 -9999.000 -9999.000 -9999.000 -9999.000 -9999.000 -9999.000 -9999.000 -9999.000 -9999.000 -9999.000 -9999.000 -9999.000 -9999.000 -9999.000 0.398 0.382 0.394 0.411 0.434 -9999.000 -9999.000 -9999.000 -9999.000 -9999.000 -9999.000 -9999.000 -9999.000 -9999.000 -9999.000 -9999.000
0.808 0.741 0.738 0.734 0.729 0.656 -9999.000 0.545 0.282 0.272 0.271 0.269 0.270 0.363 0.383 0.432 0.435 0.438 0.440 0.452 0.480 0.522 0.504 0.502 0.492 0.489 0.957 -9999.000 -9999.000 -9999.000 -9999.000 -9999.000 -9999.000 -9999.000 -9999.000 -9999.000 -9999.000 -9999.000 -9999.000 -9999.000 -9999.000 -9999.000 -9999.000 -9999.000 -9999.000 -9999.000 -9999.000 0.396 0.408 -9999.000 -9999.000 -9999.000 -9999.000 -9999.000 -9999.000 -9999.000 -9999.000 -9999.000 -9999.000 -9999.000 -9999.000 -9999.000
0.805 0.779 -9999.000 -9999.000 0.654 0.653 0.597 0.592 0.287 0.274 0.272 0.271 0.361 0.655 0.389 0.519 0.560 0.443 0.447 0.485 0.524 0.516 0.506 0.502 0.500 0.789 -9999.000 -9999.000 -9999.000 -9999.000 -9999.000 -9999.000 -9999.000 -9999.000 -9999.000 -9999.000 -9999.000 -9999.000 -9999.000 -9999.000 -9999.000 -9999.000 -9999.000 -9999.000 -9999.000 -9999.000 -9999.000 -9999.000 -9999.000 -9999.000 -9999.000 -9999.000 -9999.000 -9999.000 -9999.000 -9999.000 -9999.000 -9999.000 -9999.000 -9999.000 -9999.000 -9999.000
0.820 0.773 0.781 -9999.000 -9999.000 0.829 0.615 0.400 0.280 0.276 0.275 0.274 0.312 0.703 0.394 0.472 0.514 0.440 0.441 0.487 0.531 0.523 0.749 0.934 -9999.000 -9999.000 -9999.000 -9999.000 -9999.000 -9999.000 -9999.000 -9999.000 -9999.000 -9999.000 -9999.000 -9999.000 -9999.000 -9999.000 -9999.000 -9999.000 -9999.000 -9999.000 -9999.000 -9999.000 -9999.000 -9999.000 -9999.000 -9999.000 -9999.000 -9999.000 -9999.000 -9999.000 -9999.000 -9999.000 -9999.000 -9999.000 -9999.000 -9999.000 -9999.000 -9999.000 -9999.000 -9999.000
0.840 0.770 0.763 0.795 -9999.000 0.791 0.698 0.408 0.280 0.277 0.276 0.297 0.489 0.468 0.416 0.721 0.468 0.434 0.436 0.481 0.499 0.501 0.715 -9999.000 -9999.000 -9999.000 -9999.000 -9999.000 -9999.000 -9999.000 -9999.000 -9999.000 -9999.000 -9999.000 -9999.000 -9999.000 -9999.000 -9999.000 -9999.000 -9999.000 -9999.000 -9999.000 -9999.000 -9999.000 -9999.000 -9999.000 -9999.000 -9999.000 -9999.000 -9999.000 -9999.000 -9999.000 -9999.000 -9999.000 -9999.000 -9999.000 -9999.000 -9999.000 -9999.000 -9999.000 -9999.000 -9999.000
0.850 0.775 0.759 0.848 0.867 0.795 -9999.000 0.344 0.281 0.279 0.280 -9999.000 -9999.000 -9999.000 0.432 0.435 0.435 0.423 0.427 0.498 0.502 0.527 0.518 0.747 -9999.000 -9999.000 -9999.000 -9999.000 -9999.000 -9999.000 -9999.000 -9999.000 -9999.000 -9999.000 -9999.000 -9999.000 -9999.000 -9999.000 -9999.000 -9999.000 -9999.000 -9999.000 -9999.000 -9999.000 -9999.000 -9999.000 -9999.000 -9999.000 -9999.000 -9999.000 -9999.000 -9999.000 -9999.000 -9999.000 -9999.000 -9999.000 -9999.000 -9999.000 -9999.000 -9999.000 -9999.000 -9999.000
0.971 0.819 0.756 0.754 0.858 0.833 0.827 0.341 0.283 0.281 0.281 0.658 -9999.000 -9999.000 0.671 0.505 0.412 0.415 0.418 0.433 0.490 0.515 0.508 0.526 0.946 -9999.000 -9999.000 -9999.000 -9999.000 -9999.000 -9999.000 -9999.000 -9999.000 -9999.000 -9999.000 -9999.000 -9999.000 -9999.000 -9999.000 -9999.000 -9999.000 -9999.000 -9999.000 -9999.000 -9999.000 -9999.000 -9999.000 -9999.000 -9999.000 -9999.000 -9999.000 -9999.000 -9999.000 -9999.000 -9999.000 -9999.000 -9999.000 -9999.000 -9999.000 -9999.000 -9999.000 -9999.000
-9999.000 -9999.000 0.848 0.738 -9999.000 -9999.000 0.372 0.310 0.284 0.282 0.283 0.345 -9999.000 0.615 0.396 0.405 0.407 0.400 0.409 0.420 0.499 0.506 0.504 0.510 0.541 -9999.000 -9999.000 -9999.000 -9999.000 -9999.000 -9999.000 -9999.000 -9999.000 -9999.000 -9999.000 -9999.000 -9999.000 -9999.000 -9999.000 -9999.000 -9999.000 -9999.000 -9999.000 -9999.000 -9999.000 -9999.000 -9999.000 -9999.000 -9999.000 -9999.000 -9999.000 -9999.000 -9999.000 -9999.000 -9999.000 -9999.000 -9999.000 -9999.000 -9999.000 -9999.000 -9999.000 -9999.000
-9999.000 -9999.000 -9999.000 0.734 0.729 0.823 0.331 0.290 0.286 0.284 0.284 0.310 0.357 0.385 0.390 0.462 0.460 0.395 0.396 0.431 0.472 0.477 0.482 0.487 0.498 0.509 0.516 0.640 -9999.000 -9999.000 -9999.000 -9999.000 -9999.000 -9999.000 -9999.000 -9999.000 -9999.000 -9999.000 -9999.000 -9999.000 -9999.000 -9999.000 -9999.000 -9999.000 -9999.000 -9999.000 -9999.000 -9999.000 -9999.000 -9999.000 -9999.000 -9999.000 -9999.000 -9999.000 -9999.000 -9999.000 -9999.000 -9999.000 -9999.000 -9999.000 -9999.000 -9999.000
-9999.000 -9999.000 -9999.000 -9999.000 0.725 0.476 0.330 0.291 0.288 0.286 0.287 0.297 0.322 0.360 0.362 0.405 0.461 0.391 0.390 0.402 0.508 0.485 0.590 0.503 0.505 0.507 0.509 0.536 0.678 -9999.000 -9999.000 -9999.000 -9999.000 -9999.000 -9999.000 -9999.000 -9999.000 -9999.000 -9999.000 -9999.000 -9999.000 -9999.000 -9999.000 -9999.000 -9999.000 -9999.000 -9999.000 -9999.000 -9999.000 -9999.000 -9999.000 -9999.000 -9999.000 -9999.000 -9999.000 -9999.000 -9999.000 -9999.000 -9999.000 -9999.000 -9999.000 -9999.000
-9999.000 -9999.000 -9999.000 -9999.000 -9999.000 -9999.000 0.635 0.298 0.289 0.288 0.289 0.294 0.321 0.351 0.358 0.375 0.377 0.380 0.384 0.389 0.492 0.492 0.511 0.524 0.507 0.510 0.518 0.526 0.559 -9999.000 -9999.000 -9999.000 -9999.000 -9999.000 -9999.000 -9999.000 -9999.000 -9999.000 -9999.000 -9999.000 -9999.000 -9999.000 -9999.000 -9999.000 -9999.000 -9999.000 -9999.000 -9999.000 -9999.000 -9999.000 -9999.000 -9999.000 -9999.000 -9999.000 -9999.000 -9999.000 -9999.000 -9999.000 -9999.000 -9999.000 -9999.000 -9999.000
