LISFLOOD_FP/Result/4_LISFLOOD_FP/combined_output/combined_angle_90_x_0_y_0/out.dem
ncols         192
nrows         192
xllcorner     1771145.000000
yllcorner     5471774.000000
cellsize      10.000000
NODATA_value  -9999.000000
[rows 108 to 134 of 192, columns 61 to 121 of 192]
9.935 9.523 13.684 10.614 12.065 11.034 9.566 11.104 10.872 13.968 15.116 12.031 6.717 6.551 6.632 6.722 6.696 6.675 6.800 9.490 7.568 8.338 8.849 8.033 7.537 7.746 7.960 7.677 7.359 7.640 7.855 7.840 8.428 8.755 12.953 22.611 9.710 8.583 8.435 8.363 8.404 8.460 8.545 8.751 9.042 8.740 8.694 8.724 8.745 8.754 8.727 8.781 8.829 8.878 8.904 8.874 8.957 8.999 9.058 9.127 9.217
10.109 15.846 14.336 14.235 14.014 15.111 13.882 10.402 7.713 7.224 7.088 6.692 8.062 8.243 6.780 6.859 6.595 6.787 7.147 7.448 7.469 9.167 8.265 7.554 7.518 7.585 7.464 7.419 7.259 7.284 7.582 7.910 8.061 8.296 14.026 16.496 13.247 9.638 8.427 8.577 9.162 9.639 10.130 9.575 8.892 9.203 8.895 8.830 8.762 8.706 8.729 8.747 8.831 8.841 8.800 8.852 8.891 8.988 9.178 9.201 9.415
20.945 10.442 11.668 11.659 13.051 7.047 6.891 6.377 6.756 9.468 6.791 6.824 7.073 7.062 9.882 6.581 7.286 7.105 10.854 7.693 9.308 7.678 7.583 7.453 7.557 7.476 7.443 7.394 7.460 7.587 7.761 7.953 7.990 8.071 9.853 22.818 25.182 16.719 8.592 9.711 23.717 27.565 29.081 22.331 9.860 11.508 16.838 11.146 12.137 9.124 8.738 8.721 8.799 8.788 8.839 8.843 8.848 9.034 13.560 12.660 13.681
12.016 9.207 11.297 10.255 7.049 9.374 6.896 6.588 7.594 7.072 6.691 6.789 7.105 7.407 7.921 14.173 14.679 8.291 8.655 8.501 7.459 10.106 8.273 7.315 7.356 7.426 7.648 7.782 7.833 8.082 8.399 8.125 8.760 8.607 8.930 17.894 17.620 12.058 9.618 8.870 24.920 27.550 26.174 25.288 12.925 18.123 28.310 24.044 24.586 9.658 9.062 8.992 8.883 8.708 9.022 10.061 8.974 11.556 9.490 11.345 14.078
10.251 9.826 10.910 7.008 8.063 13.731 12.317 12.017 11.065 7.008 6.912 7.172 9.197 7.649 7.195 7.282 9.735 7.430 7.289 7.222 7.350 9.733 8.851 7.963 7.645 7.831 8.784 9.234 10.672 12.995 14.282 16.389 16.200 12.373 11.053 7.952 8.079 9.033 6.979 8.706 12.534 12.801 11.503 13.124 10.734 12.152 16.694 13.458 10.153 8.455 9.036 9.052 10.870 9.099 8.775 8.926 9.455 9.198 9.640 10.072 9.323
9.759 11.453 6.760 9.854 9.414 11.988 13.444 13.251 11.211 8.652 6.986 7.185 7.194 13.070 6.803 6.846 6.906 10.875 7.635 7.478 7.535 9.634 21.615 17.479 8.401 10.031 9.640 10.972 9.504 7.284 6.878 7.081 6.501 6.591 5.741 5.847 5.895 6.006 6.065 6.351 6.406 6.263 7.583 7.168 7.231 11.790 8.919 10.617 7.671 8.683 7.913 8.037 8.389 8.561 8.449 9.228 18.199 19.209 20.082 9.503 9.468
13.945 9.734 9.217 12.902 8.921 11.818 12.503 11.303 7.689 6.817 6.705 6.904 6.832 7.393 6.987 7.580 11.322 9.433 10.148 17.074 14.415 10.659 22.640 12.749 12.196 10.471 7.642 6.652 5.792 5.760 5.796 5.981 6.116 6.359 6.488 6.715 6.979 7.183 7.259 6.971 6.649 6.745 8.846 7.808 6.453 6.710 6.978 6.843 6.488 7.298 6.923 10.267 8.984 10.242 9.874 12.456 22.630 18.583 12.373 8.506 10.382
12.208 9.188 6.235 15.100 12.443 13.036 7.612 6.933 6.568 6.249 7.677 6.707 7.114 6.846 7.111 7.666 12.551 26.242 30.144 29.646 26.164 10.292 10.281 8.172 6.413 5.978 5.819 5.727 6.018 6.254 6.920 7.160 11.241 12.150 12.782 11.844 10.377 8.766 11.545 13.942 9.103 14.876 11.058 13.616 11.219 11.379 9.126 9.263 7.164 6.537 6.474 6.618 6.541 6.924 7.227 8.704 10.247 13.297 8.264 6.612 6.826
15.022 8.934 14.448 12.527 18.360 15.537 6.572 6.080 6.155 6.342 6.622 7.454 7.238 7.365 8.540 14.161 27.892 30.634 27.735 26.739 10.818 6.972 5.860 5.650 5.690 5.747 5.871 5.973 8.574 11.164 9.747 13.858 20.458 19.050 26.823 11.427 15.943 22.703 23.644 12.024 19.003 23.837 19.105 9.272 9.314 8.703 8.654 13.930 10.930 10.757 13.766 12.291 10.052 7.906 10.679 10.220 7.272 7.638 8.151 10.002 9.366
9.322 11.063 13.631 17.125 13.353 7.184 6.012 6.055 6.310 6.542 7.053 7.150 7.333 8.864 15.575 26.558 20.556 20.831 12.591 9.037 6.288 5.548 5.582 5.665 5.789 5.925 6.316 7.085 10.429 12.766 23.331 27.320 28.106 24.096 10.051 10.255 16.516 13.186 19.416 11.057 24.970 11.631 10.645 12.768 16.267 19.503 17.632 9.477 9.826 17.252 18.342 11.572 8.618 15.586 24.875 23.671 20.225 11.339 12.113 18.473 23.206
8.143 14.269 16.618 11.990 16.854 8.430 6.105 6.267 6.663 6.985 7.051 7.246 7.768 17.772 24.937 19.281 8.339 9.398 7.337 5.851 5.562 5.515 5.965 6.400 6.620 6.975 8.986 13.448 15.662 22.689 27.004 14.064 22.242 9.478 8.547 8.472 8.500 8.524 8.865 8.729 8.814 8.742 8.076 17.300 20.073 20.342 18.019 13.231 20.297 12.970 18.039 20.469 11.769 17.206 16.893 12.035 10.556 10.358 13.621 20.022 16.026
7.393 6.854 10.566 17.669 6.345 6.355 6.380 6.593 6.873 6.925 7.077 7.514 14.325 25.853 24.393 11.493 8.110 6.285 5.629 5.512 5.580 5.840 6.264 11.756 7.761 9.608 16.360 27.135 22.857 25.946 16.713 9.027 9.598 10.401 9.375 8.608 8.402 8.397 8.711 9.756 10.068 10.188 10.050 9.510 10.144 9.325 9.789 7.412 10.541 9.026 8.878 8.381 9.005 8.937 8.929 8.283 8.723 8.474 8.831 8.862 8.838
5.818 6.412 10.823 14.648 6.266 6.368 6.503 6.605 6.694 7.015 7.333 7.841 10.271 18.513 12.901 7.359 5.623 5.462 5.387 5.733 6.297 7.946 8.874 7.920 9.538 22.022 23.878 27.171 11.083 10.653 8.907 8.447 10.385 11.200 10.767 10.415 10.150 9.883 9.574 10.623 10.546 9.994 10.389 10.513 11.009 10.431 9.152 9.227 9.331 9.246 9.477 9.352 10.386 10.031 11.135 10.587 11.857 8.800 8.589 8.805 8.532
15.752 6.207 6.203 6.036 6.260 6.474 6.584 6.555 6.726 7.264 10.066 21.742 9.986 14.175 6.527 5.486 5.389 5.333 5.873 9.121 8.578 8.254 7.864 7.606 10.597 24.742 22.329 18.410 8.598 7.282 7.531 8.758 11.558 12.619 12.171 11.936 10.925 10.279 10.189 10.708 10.162 9.770 10.960 10.926 8.842 10.247 10.939 11.246 11.292 11.217 10.841 10.553 10.770 11.804 12.023 11.494 11.174 9.154 9.964 11.161 11.861
14.141 6.001 5.643 6.025 6.415 6.408 6.511 6.628 7.360 14.395 20.960 23.597 13.808 7.763 5.578 5.352 5.446 6.119 7.653 9.492 11.054 7.950 20.010 20.082 23.105 20.507 8.446 7.754 7.114 7.150 7.789 9.285 10.900 11.750 12.477 12.215 11.075 9.976 9.761 9.731 8.808 9.910 9.991 9.648 10.589 11.607 12.682 12.882 12.808 11.853 9.797 8.607 8.808 10.021 11.658 12.240 10.902 10.605 12.371 12.867 13.415
13.721 6.235 5.655 6.165 6.317 6.378 6.527 7.656 16.078 20.269 24.560 24.284 12.466 5.448 5.354 5.558 7.851 11.707 24.095 27.394 17.158 7.666 7.918 8.881 10.643 7.937 6.993 7.069 7.556 8.532 9.568 11.606 10.012 11.218 11.393 12.236 13.461 10.162 10.072 9.361 8.819 8.687 9.249 10.379 11.300 12.475 12.831 12.977 12.467 10.959 8.543 8.180 9.133 10.687 12.370 11.968 11.694 13.715 14.731 14.824 14.620
18.030 7.610 5.840 6.218 6.237 6.421 6.856 15.070 24.743 27.106 20.172 20.096 6.231 5.310 5.341 7.443 14.975 26.873 22.689 24.768 24.373 7.721 7.156 7.416 7.196 6.621 7.472 8.356 7.650 7.660 7.543 6.311 7.790 7.805 8.753 10.512 10.189 9.954 8.892 8.509 8.505 9.571 10.504 11.802 12.081 12.823 12.671 13.017 11.542 9.571 9.231 10.140 10.994 11.269 12.449 14.055 14.041 14.828 15.271 15.475 14.835
16.841 6.608 5.649 6.148 6.372 6.912 8.794 26.655 27.109 12.904 15.548 8.055 5.720 5.222 5.962 7.271 21.391 27.311 21.757 11.357 7.615 7.511 7.074 7.091 8.121 7.536 7.956 9.231 8.215 8.471 6.954 9.515 11.186 11.177 9.402 9.222 9.021 8.586 8.932 9.677 10.115 10.736 11.454 11.367 11.416 12.005 11.828 11.500 9.945 9.454 10.399 11.456 11.463 11.809 13.262 13.668 13.827 14.497 15.291 15.752 18.493
8.216 5.803 5.669 6.039 6.502 9.638 24.381 29.249 17.816 10.223 7.890 5.640 5.114 5.235 5.934 16.051 25.253 12.267 8.016 8.126 7.222 6.976 7.805 8.752 8.441 7.988 8.390 8.106 8.503 8.924 11.109 12.771 14.811 17.731 15.076 13.926 11.048 9.670 9.819 10.129 10.888 11.229 11.318 10.551 10.596 10.690 10.835 10.086 9.183 9.648 10.390 10.992 11.331 11.542 12.103 12.889 13.894 14.706 15.586 16.081 20.171
7.789 6.076 5.801 6.145 7.787 18.083 27.970 21.075 17.721 9.315 5.916 5.042 5.145 5.196 6.008 17.412 20.829 8.264 7.608 7.238 6.848 6.876 7.019 8.360 8.597 8.350 8.487 8.245 8.183 9.904 13.328 15.801 18.489 19.722 16.704 16.251 15.831 10.892 8.865 9.650 9.981 10.232 10.330 10.132 9.794 9.647 9.541 8.861 8.163 10.025 10.649 11.095 10.358 10.800 11.572 13.968 18.874 15.324 15.934 22.022 22.712
7.714 6.623 5.945 6.569 10.893 23.761 22.355 13.805 7.660 7.883 4.995 4.946 5.102 5.209 5.998 8.778 13.626 7.485 7.167 6.812 6.878 6.705 6.963 7.433 7.377 8.839 8.569 8.401 9.748 12.013 15.013 17.691 20.883 21.918 21.636 20.001 19.192 16.289 10.404 11.194 15.159 15.250 14.359 15.228 12.367 11.031 10.591 9.159 6.740 7.661 9.581 11.082 14.109 16.792 19.956 23.521 24.025 17.471 21.542 22.976 16.570
7.656 6.924 6.083 6.417 8.008 18.496 11.375 7.505 7.449 6.554 4.706 5.042 5.127 5.241 6.592 7.388 7.190 7.023 6.762 6.658 6.706 6.713 7.320 7.926 8.255 8.332 7.981 8.429 11.967 15.090 20.096 21.240 23.137 25.148 22.333 23.146 21.127 17.128 13.002 15.272 16.677 17.463 20.191 19.677 17.581 16.690 14.244 8.198 6.250 7.925 9.339 10.599 19.077 22.864 24.153 24.571 25.061 24.091 24.534 21.705 22.613
7.668 7.067 6.277 7.381 9.245 9.353 7.779 12.082 8.333 5.686 4.876 5.062 5.076 5.420 7.025 7.197 7.471 7.141 6.786 6.494 6.754 7.381 8.309 8.130 8.451 7.915 8.048 10.723 16.999 20.657 23.762 25.746 26.450 26.238 24.884 23.587 20.457 17.149 15.855 18.366 21.150 21.271 22.891 22.213 20.256 17.486 15.571 12.470 8.134 9.205 15.111 20.032 22.910 25.089 24.891 27.711 27.687 26.780 25.392 21.483 24.174
7.734 7.155 6.555 14.761 18.237 6.358 8.083 6.843 8.571 5.788 4.985 5.004 5.078 6.899 8.769 6.949 8.143 8.397 6.744 6.595 7.518 8.289 8.003 7.604 7.594 8.354 9.889 15.934 20.406 25.303 28.221 28.959 28.934 29.248 27.719 24.672 21.872 16.652 18.813 21.355 23.915 25.029 25.299 24.389 22.119 18.988 16.771 18.392 19.913 21.614 23.159 24.594 27.020 26.907 28.170 28.793 28.508 26.319 24.831 13.262 20.101
7.912 7.454 6.331 6.756 10.441 11.364 10.109 8.576 7.135 5.296 4.851 5.042 5.142 6.212 9.113 6.734 7.763 8.079 6.474 6.474 7.425 8.329 8.199 9.519 10.629 12.747 16.099 20.456 24.815 28.935 30.531 30.788 30.048 27.652 24.760 23.179 19.403 20.765 22.007 24.311 26.225 27.895 27.585 26.792 24.116 20.898 19.667 23.660 23.309 25.229 24.320 26.586 28.460 27.974 29.271 29.386 29.209 27.948 24.462 24.724 26.067
8.332 7.702 6.337 6.076 7.125 11.249 9.886 9.037 7.176 4.942 4.864 4.836 6.011 7.973 7.721 7.055 9.246 7.091 6.411 6.449 7.253 7.704 7.130 9.153 11.611 17.293 21.537 24.998 28.133 29.818 31.593 31.199 29.798 27.269 25.335 20.080 21.520 24.130 25.188 27.331 28.582 28.876 28.969 27.944 26.243 23.951 21.956 24.033 25.498 26.289 24.677 22.795 26.555 27.034 28.251 30.279 30.398 28.964 27.662 21.465 19.153
7.620 7.847 6.609 6.052 7.989 10.345 6.701 12.834 6.376 4.773 4.666 4.942 11.383 19.911 17.235 7.412 6.933 6.504 6.173 6.284 7.698 7.652 7.997 7.295 9.459 14.492 20.729 24.673 26.132 28.546 31.359 30.553 27.794 25.763 21.115 20.891 23.929 26.781 28.485 29.321 29.519 30.024 30.809 29.973 26.480 25.145 23.868 23.894 27.029 25.270 24.679 27.606 29.537 29.897 31.274 32.390 32.618 30.336 28.135 29.287 12.714
